Device,timestamp,ax,ay,az,gx,gy,gz,activity
A, 583802, -0.979126, 0.207031, 0.002808, -0.488281, -1.403809, -1.159668,riding
B, 197355, -0.925415, -0.069092, -0.360352, -0.122070, -0.671387, -0.793457,riding
A, 583822, -0.979492, 0.203247, 0.003784, -0.122070, -1.464844, -1.220703,riding
B, 197375, -0.925415, -0.073364, -0.359009, 0.000000, -0.671387, -0.732422,riding
A, 583842, -0.981079, 0.201538, 0.002686, -0.549316, -1.342773, -1.159668,riding
B, 197395, -0.925171, -0.072510, -0.359741, -0.305176, -0.732422, -0.854492,riding
A, 583862, -0.978149, 0.208984, 0.003174, -0.427246, -1.403809, -1.159668,riding
B, 197415, -0.925171, -0.069946, -0.362427, -0.122070, -0.793457, -0.793457,riding
A, 583882, -0.979736, 0.207764, 0.000122, -0.122070, -1.464844, -1.342773,riding
B, 197435, -0.924438, -0.073364, -0.359985, 0.122070, -0.732422, -0.671387,riding
A, 583902, -0.981079, 0.198853, -0.000366, -0.183106, -1.464844, -1.281738,riding
B, 197455, -0.926880, -0.073486, -0.355713, -0.122070, -0.793457, -0.732422,riding
A, 583922, -0.982300, 0.197266, 0.001587, -0.427246, -1.403809, -1.220703,riding
B, 197475, -0.926392, -0.070679, -0.355469, -0.183106, -0.793457, -0.732422,riding
A, 583942, -0.980713, 0.201172, 0.001343, -0.549316, -1.464844, -1.159668,riding
B, 197495, -0.925171, -0.072876, -0.360107, -0.244141, -0.732422, -0.732422,riding
A, 583962, -0.979248, 0.208984, -0.001099, -0.366211, -1.464844, -1.220703,riding
B, 197515, -0.924438, -0.072876, -0.362183, -0.122070, -0.854492, -0.671387,riding
A, 583982, -0.978638, 0.208984, 0.003174, -0.244141, -1.525879, -1.342773,riding
B, 197535, -0.924927, -0.069458, -0.360840, -0.122070, -0.854492, -0.671387,riding
A, 584002, -0.980591, 0.198486, 0.003784, -0.061035, -1.525879, -1.281738,riding
B, 197555, -0.926392, -0.071167, -0.355835, 0.122070, -0.854492, -0.610352,riding
A, 584022, -0.981201, 0.200806, 0.004150, -0.610352, -1.464844, -1.220703,riding
B, 197575, -0.926880, -0.071655, -0.357056, -0.305176, -0.854492, -0.793457,riding
A, 584042, -0.979614, 0.207031, 0.005859, -0.305176, -1.525879, -1.342773,riding
B, 197595, -0.925537, -0.068848, -0.359375, -0.122070, -0.915528, -0.671387,riding
A, 584062, -0.979004, 0.208618, 0.006592, -0.488281, -1.403809, -1.342773,riding
B, 197615, -0.924561, -0.068604, -0.361206, -0.183106, -0.915528, -0.793457,riding
A, 584082, -0.979004, 0.211304, 0.001343, -0.122070, -1.525879, -1.464844,riding
B, 197635, -0.925415, -0.071899, -0.360229, 0.244141, -0.854492, -0.549316,riding
A, 584102, -0.981323, 0.197876, 0.001221, -0.244141, -1.525879, -1.464844,riding
B, 197655, -0.926514, -0.073853, -0.356201, -0.122070, -0.976563, -0.671387,riding
A, 584122, -0.981934, 0.197144, 0.004761, -0.366211, -1.525879, -1.403809,riding
B, 197675, -0.926514, -0.069214, -0.354370, -0.061035, -0.915528, -0.671387,riding
A, 584142, -0.981201, 0.196777, 0.008423, -0.305176, -1.525879, -1.342773,riding
B, 197695, -0.928589, -0.068726, -0.353882, -0.122070, -0.915528, -0.732422,riding
A, 584162, -0.982544, 0.189697, 0.006470, -0.122070, -1.464844, -1.342773,riding
B, 197715, -0.928223, -0.069580, -0.352173, 0.061035, -0.854492, -0.671387,riding
A, 584182, -0.982788, 0.187378, 0.003784, -0.366211, -1.464844, -1.281738,riding
B, 197735, -0.928345, -0.071899, -0.351807, -0.122070, -0.793457, -0.793457,riding
A, 584202, -0.982666, 0.191162, -0.000488, -0.366211, -1.403809, -1.159668,riding
B, 197755, -0.926758, -0.072266, -0.353271, -0.122070, -0.732422, -0.732422,riding
A, 584222, -0.981201, 0.197266, -0.004395, -0.427246, -1.464844, -1.098633,riding
B, 197775, -0.926392, -0.074707, -0.356079, -0.183106, -0.732422, -0.732422,riding
A, 584242, -0.980103, 0.201538, -0.003418, -0.549316, -1.525879, -1.098633,riding
B, 197795, -0.926392, -0.073975, -0.357422, -0.305176, -0.732422, -0.671387,riding
A, 584262, -0.979492, 0.209106, -0.000610, -0.549316, -1.586915, -1.098633,riding
B, 197815, -0.923950, -0.072632, -0.360352, -0.305176, -0.793457, -0.671387,riding
A, 584282, -0.976929, 0.217896, -0.000732, -0.549316, -1.525879, -1.159668,riding
B, 197835, -0.922974, -0.072021, -0.363647, -0.305176, -0.915528, -0.671387,riding
A, 584302, -0.973633, 0.230591, 0.002686, -0.732422, -1.525879, -1.281738,riding
B, 197855, -0.919556, -0.067993, -0.374268, -0.305176, -1.159668, -0.671387,riding
A, 584322, -0.972900, 0.243896, 0.003540, -0.366211, -1.586915, -1.647950,riding
B, 197875, -0.917969, -0.071289, -0.376099, 0.061035, -1.342773, -0.488281,riding
A, 584342, -0.972656, 0.242310, -0.004150, -0.061035, -1.708985, -2.075195,riding
B, 197895, -0.917725, -0.072144, -0.374634, 0.122070, -1.586915, -0.488281,riding
A, 584362, -0.975220, 0.228638, -0.004639, 0.244141, -1.770020, -2.441406,riding
B, 197915, -0.922363, -0.072388, -0.365845, 0.488281, -1.647950, -0.305176,riding
A, 584382, -0.979736, 0.211182, -0.006836, 0.183106, -1.892090, -2.502441,riding
B, 197935, -0.924805, -0.076416, -0.359375, 0.366211, -1.831055, -0.244141,riding
A, 584402, -0.980225, 0.203613, -0.007568, -0.122070, -1.892090, -2.502441,riding
B, 197955, -0.926025, -0.076782, -0.357422, 0.122070, -1.892090, -0.305176,riding
A, 584422, -0.980713, 0.199829, -0.003540, -0.122070, -1.953125, -2.502441,riding
B, 197975, -0.926270, -0.072998, -0.355103, 0.061035, -1.892090, -0.244141,riding
A, 584442, -0.981934, 0.192383, -0.003662, 0.122070, -2.075195, -2.502441,riding
B, 197995, -0.928345, -0.073975, -0.351074, 0.244141, -1.892090, -0.122070,riding
A, 584462, -0.983398, 0.183350, 0.000366, -0.305176, -2.014160, -2.441406,riding
B, 198015, -0.929688, -0.073242, -0.347412, -0.122070, -1.892090, -0.183106,riding
A, 584482, -0.983643, 0.184082, -0.000732, -0.183106, -2.075195, -2.319336,riding
B, 198035, -0.929688, -0.071899, -0.346680, 0.122070, -1.770020, -0.061035,riding
A, 584502, -0.984009, 0.180664, 0.001953, -0.244141, -2.075195, -2.258301,riding
B, 198055, -0.931030, -0.071289, -0.344727, -0.061035, -1.770020, -0.122070,riding
A, 584522, -0.983887, 0.180420, 0.010132, -0.488281, -2.075195, -2.075195,riding
B, 198075, -0.930908, -0.068115, -0.345703, -0.244141, -1.708985, -0.183106,riding
A, 584542, -0.981445, 0.192139, 0.010376, -0.549316, -2.014160, -2.014160,riding
B, 198095, -0.929810, -0.065552, -0.349365, -0.366211, -1.708985, -0.244141,riding
A, 584562, -0.981445, 0.194214, 0.010376, -0.244141, -2.075195, -2.136230,riding
B, 198115, -0.928223, -0.067383, -0.350586, -0.122070, -1.586915, -0.183106,riding
A, 584582, -0.982178, 0.193115, 0.007324, -0.122070, -2.014160, -2.075195,riding
B, 198135, -0.928955, -0.067871, -0.348999, 0.183106, -1.586915, -0.061035,riding
A, 584602, -0.984009, 0.186035, 0.005005, 0.061035, -2.075195, -2.075195,riding
B, 198155, -0.930176, -0.069946, -0.346069, 0.061035, -1.586915, -0.122070,riding
A, 584622, -0.984985, 0.182983, 0.005371, -0.366211, -2.075195, -1.953125,riding
B, 198175, -0.931152, -0.068726, -0.344238, -0.122070, -1.525879, -0.122070,riding
A, 584642, -0.983521, 0.182007, 0.002197, 0.061035, -2.136230, -1.953125,riding
B, 198195, -0.930542, -0.072266, -0.344849, 0.000000, -1.464844, -0.061035,riding
A, 584662, -0.982422, 0.189087, 0.002075, -0.610352, -2.014160, -1.831055,riding
B, 198215, -0.929565, -0.068726, -0.348145, -0.305176, -1.464844, -0.183106,riding
A, 584682, -0.982910, 0.185547, 0.009155, 0.122070, -2.197266, -1.953125,riding
B, 198235, -0.929199, -0.066772, -0.347900, 0.183106, -1.403809, 0.061035,riding
A, 584702, -0.984497, 0.177490, 0.013550, -0.427246, -2.075195, -1.831055,riding
B, 198255, -0.932495, -0.064697, -0.340698, -0.244141, -1.342773, -0.122070,riding
A, 584722, -0.985107, 0.173706, 0.012695, -0.244141, -2.136230, -1.770020,riding
B, 198275, -0.934692, -0.065308, -0.337891, -0.061035, -1.220703, -0.061035,riding
A, 584742, -0.986816, 0.163452, 0.011597, -0.061035, -2.136230, -1.647950,riding
B, 198295, -0.936035, -0.065552, -0.333252, 0.122070, -1.037598, 0.000000,riding
A, 584762, -0.989136, 0.151611, 0.015259, -0.183106, -2.075195, -1.464844,riding
B, 198315, -0.935547, -0.065186, -0.330688, -0.061035, -0.854492, -0.122070,riding
A, 584782, -0.989258, 0.150146, 0.015991, -0.366211, -2.014160, -1.159668,riding
B, 198335, -0.936035, -0.063477, -0.329956, -0.244141, -0.671387, -0.244141,riding
A, 584802, -0.990234, 0.146729, 0.018555, -0.366211, -1.953125, -0.915528,riding
B, 198355, -0.937744, -0.062256, -0.328735, -0.244141, -0.427246, -0.244141,riding
A, 584822, -0.989258, 0.146240, 0.027222, -0.549316, -1.831055, -0.671387,riding
B, 198375, -0.938354, -0.059204, -0.328979, -0.427246, -0.183106, -0.366211,riding
A, 584842, -0.989014, 0.148560, 0.032593, -0.366211, -1.708985, -0.427246,riding
B, 198395, -0.939697, -0.055176, -0.325928, -0.244141, 0.244141, -0.427246,riding
A, 584862, -0.989746, 0.146606, 0.037109, -0.854492, -1.464844, 0.122070,riding
B, 198415, -0.938232, -0.054077, -0.328979, -0.671387, 0.366211, -0.793457,riding
A, 584882, -0.987793, 0.156250, 0.040405, -0.549316, -1.342773, 0.244141,riding
B, 198435, -0.937256, -0.051270, -0.332520, -0.305176, 0.671387, -0.854492,riding
A, 584902, -0.987671, 0.153320, 0.041626, -0.610352, -1.098633, 0.427246,riding
B, 198455, -0.936646, -0.053711, -0.333130, -0.427246, 0.854492, -1.037598,riding
A, 584922, -0.985718, 0.161255, 0.038696, -0.671387, -0.915528, 0.732422,riding
B, 198475, -0.935669, -0.052490, -0.336670, -0.488281, 1.037598, -1.220703,riding
A, 584942, -0.984009, 0.172974, 0.036011, -0.610352, -0.732422, 0.854492,riding
B, 198495, -0.933716, -0.052124, -0.340698, -0.427246, 1.220703, -1.342773,riding
A, 584962, -0.983154, 0.179810, 0.031006, -0.610352, -0.610352, 0.976563,riding
B, 198515, -0.931641, -0.058350, -0.345459, -0.549316, 1.342773, -1.586915,riding
A, 584982, -0.981445, 0.188965, 0.022339, -0.671387, -0.488281, 0.976563,riding
B, 198535, -0.929443, -0.061890, -0.347656, -0.183106, 1.464844, -1.464844,riding
A, 585002, -0.983154, 0.185791, 0.013428, -0.305176, -0.549316, 0.915528,riding
B, 198555, -0.929688, -0.067139, -0.348755, -0.366211, 1.464844, -1.647950,riding
A, 585022, -0.981445, 0.190918, 0.008057, -0.915528, -0.427246, 1.159668,riding
B, 198575, -0.927612, -0.065796, -0.353882, -0.671387, 1.464844, -1.708985,riding
A, 585042, -0.979004, 0.204590, 0.012817, -0.732422, -0.427246, 1.037598,riding
B, 198595, -0.926514, -0.064087, -0.357544, -0.427246, 1.464844, -1.708985,riding
A, 585062, -0.978027, 0.210693, 0.009277, -0.732422, -0.366211, 1.037598,riding
B, 198615, -0.924561, -0.066406, -0.359741, -0.488281, 1.342773, -1.708985,riding
A, 585082, -0.977173, 0.216309, 0.001953, -0.671387, -0.427246, 0.915528,riding
B, 198635, -0.923462, -0.068481, -0.362061, -0.427246, 1.281738, -1.708985,riding
A, 585102, -0.974854, 0.229614, 0.003052, -1.098633, -0.427246, 0.854492,riding
B, 198655, -0.921387, -0.067139, -0.371826, -0.671387, 1.037598, -1.770020,riding
A, 585122, -0.971924, 0.243164, 0.005981, -0.793457, -0.488281, 0.549316,riding
B, 198675, -0.918457, -0.069458, -0.374756, -0.366211, 0.854492, -1.647950,riding
A, 585142, -0.972290, 0.244385, -0.001709, -0.549316, -0.549316, 0.183106,riding
B, 198695, -0.918335, -0.074097, -0.377319, -0.305176, 0.610352, -1.525879,riding
A, 585162, -0.971313, 0.246216, -0.015381, -0.671387, -0.549316, 0.061035,riding
B, 198715, -0.916382, -0.077393, -0.379761, -0.427246, 0.305176, -1.525879,riding
A, 585182, -0.970581, 0.255005, -0.022705, -0.732422, -0.793457, -0.244141,riding
B, 198735, -0.914185, -0.077026, -0.384399, -0.427246, 0.000000, -1.403809,riding
A, 585202, -0.968750, 0.265015, -0.010986, -0.854492, -0.854492, -0.854492,riding
B, 198755, -0.914551, -0.073242, -0.386963, -0.427246, -0.305176, -1.281738,riding
A, 585222, -0.970459, 0.257568, -0.008911, 0.183106, -1.159668, -1.403809,riding
B, 198775, -0.915771, -0.072876, -0.380127, 0.427246, -0.793457, -0.854492,riding
A, 585242, -0.973145, 0.245117, -0.018311, 0.000000, -1.220703, -1.647950,riding
B, 198795, -0.917725, -0.079102, -0.375488, 0.183106, -1.098633, -0.854492,riding
A, 585262, -0.973022, 0.239136, -0.018066, -0.122070, -1.403809, -1.831055,riding
B, 198815, -0.919067, -0.077148, -0.372559, 0.183106, -1.342773, -0.793457,riding
A, 585282, -0.975586, 0.227539, -0.011230, 0.122070, -1.586915, -2.197266,riding
B, 198835, -0.921753, -0.078613, -0.367188, 0.427246, -1.464844, -0.488281,riding
A, 585302, -0.979126, 0.211182, -0.013062, 0.061035, -1.586915, -2.136230,riding
B, 198855, -0.923096, -0.080566, -0.363281, 0.183106, -1.586915, -0.549316,riding
A, 585322, -0.979858, 0.209595, -0.015259, -0.305176, -1.647950, -2.136230,riding
B, 198875, -0.923828, -0.075684, -0.363403, 0.000000, -1.708985, -0.488281,riding
A, 585342, -0.979126, 0.210815, -0.005859, -0.244141, -1.831055, -2.197266,riding
B, 198895, -0.924072, -0.071289, -0.361694, 0.000000, -1.770020, -0.427246,riding
A, 585362, -0.979248, 0.211304, 0.001709, -0.244141, -1.831055, -2.258301,riding
B, 198915, -0.925171, -0.074097, -0.358032, 0.122070, -1.831055, -0.305176,riding
A, 585382, -0.979126, 0.207764, -0.004028, -0.122070, -1.892090, -2.380371,riding
B, 198935, -0.924683, -0.074951, -0.357666, 0.000000, -1.892090, -0.305176,riding
A, 585402, -0.977661, 0.213623, -0.003174, -0.610352, -1.892090, -2.380371,riding
B, 198955, -0.924683, -0.069458, -0.359985, -0.305176, -1.953125, -0.366211,riding
A, 585422, -0.976563, 0.218750, 0.008545, -0.427246, -2.014160, -2.502441,riding
B, 198975, -0.924316, -0.065796, -0.362549, 0.000000, -2.075195, -0.244141,riding
A, 585442, -0.977051, 0.216919, 0.009399, -0.061035, -1.953125, -2.685547,riding
B, 198995, -0.923340, -0.069702, -0.363281, 0.183106, -2.197266, -0.244141,riding
A, 585462, -0.977661, 0.212891, 0.004639, -0.061035, -1.953125, -2.746582,riding
B, 199015, -0.923584, -0.068481, -0.361694, 0.183106, -2.258301, -0.183106,riding
A, 585482, -0.978394, 0.209839, 0.004883, 0.000000, -2.014160, -2.868653,riding
B, 199035, -0.924805, -0.064575, -0.358032, 0.244141, -2.319336, -0.183106,riding
A, 585502, -0.978638, 0.205444, 0.010010, 0.000000, -2.014160, -2.929688,riding
B, 199055, -0.928467, -0.068970, -0.351074, 0.305176, -2.441406, -0.183106,riding
A, 585522, -0.980713, 0.196045, 0.007813, 0.244141, -2.014160, -3.051759,riding
B, 199075, -0.930176, -0.072998, -0.345703, 0.488281, -2.380371, -0.122070,riding
A, 585542, -0.984741, 0.181396, -0.000244, 0.122070, -2.014160, -3.051759,riding
B, 199095, -0.932251, -0.070801, -0.343750, 0.183106, -2.380371, -0.183106,riding
A, 585562, -0.986084, 0.169678, 0.002686, 0.000000, -2.136230, -2.868653,riding
B, 199115, -0.932495, -0.067017, -0.341309, 0.305176, -2.258301, -0.122070,riding
A, 585582, -0.988770, 0.155151, 0.011353, 0.183106, -2.136230, -2.685547,riding
B, 199135, -0.934326, -0.070068, -0.335693, 0.366211, -2.014160, 0.000000,riding
A, 585602, -0.990112, 0.147339, 0.010132, -0.122070, -2.014160, -2.319336,riding
B, 199155, -0.936768, -0.069702, -0.329712, 0.122070, -1.892090, -0.122070,riding
A, 585622, -0.989258, 0.148315, 0.006348, -0.183106, -2.075195, -2.075195,riding
B, 199175, -0.937744, -0.065918, -0.326050, -0.061035, -1.464844, -0.122070,riding
A, 585642, -0.990234, 0.145752, 0.014771, -0.427246, -2.136230, -1.831055,riding
B, 199195, -0.937988, -0.065186, -0.327148, -0.244141, -1.281738, -0.244141,riding
A, 585662, -0.988892, 0.150635, 0.023804, -0.549316, -1.953125, -1.525879,riding
B, 199215, -0.937744, -0.064087, -0.330200, -0.305176, -1.037598, -0.305176,riding
A, 585682, -0.988647, 0.153931, 0.023926, -0.488281, -1.770020, -1.342773,riding
B, 199235, -0.936646, -0.059814, -0.331665, -0.244141, -0.793457, -0.366211,riding
A, 585702, -0.988403, 0.155151, 0.020752, -0.366211, -1.770020, -1.159668,riding
B, 199255, -0.937622, -0.058228, -0.331543, -0.244141, -0.610352, -0.427246,riding
A, 585722, -0.988647, 0.153564, 0.023560, -0.488281, -1.770020, -0.915528,riding
B, 199275, -0.936646, -0.060669, -0.333252, -0.305176, -0.427246, -0.549316,riding
A, 585742, -0.987427, 0.164551, 0.025391, -0.488281, -1.525879, -0.610352,riding
B, 199295, -0.935425, -0.062134, -0.334717, -0.305176, -0.244141, -0.610352,riding
A, 585762, -0.985840, 0.167969, 0.025635, -0.549316, -1.403809, -0.488281,riding
B, 199315, -0.935303, -0.056152, -0.334961, -0.305176, -0.061035, -0.732422,riding
A, 585782, -0.986572, 0.165405, 0.025269, -0.366211, -1.403809, -0.427246,riding
B, 199335, -0.934814, -0.058716, -0.335327, -0.244141, 0.122070, -0.854492,riding
A, 585802, -0.985718, 0.165527, 0.025513, -0.610352, -1.220703, -0.244141,riding
B, 199355, -0.934448, -0.060913, -0.336182, -0.305176, 0.305176, -0.915528,riding
A, 585822, -0.985962, 0.166016, 0.023804, -0.305176, -1.159668, -0.061035,riding
B, 199375, -0.934692, -0.060059, -0.338013, -0.244141, 0.427246, -0.976563,riding
A, 585842, -0.985107, 0.172241, 0.026245, -0.793457, -0.976563, 0.183106,riding
B, 199395, -0.933838, -0.054321, -0.340820, -0.488281, 0.488281, -1.220703,riding
A, 585862, -0.983765, 0.179077, 0.029663, -0.427246, -0.976563, 0.183106,riding
B, 199415, -0.933105, -0.056396, -0.343018, -0.183106, 0.610352, -1.159668,riding
A, 585882, -0.984497, 0.179810, 0.021362, -0.488281, -0.854492, 0.305176,riding
B, 199435, -0.931396, -0.066772, -0.345093, -0.427246, 0.671387, -1.342773,riding
A, 585902, -0.982422, 0.185669, 0.012329, -0.793457, -0.671387, 0.366211,riding
B, 199455, -0.929443, -0.062256, -0.347900, -0.488281, 0.732422, -1.464844,riding
A, 585922, -0.980103, 0.197632, 0.014160, -0.915528, -0.732422, 0.366211,riding
B, 199475, -0.929688, -0.061523, -0.350830, -0.549316, 0.732422, -1.464844,riding
A, 585942, -0.979248, 0.204712, 0.014160, -0.732422, -0.732422, 0.305176,riding
B, 199495, -0.926270, -0.067871, -0.356689, -0.366211, 0.671387, -1.464844,riding
A, 585962, -0.978760, 0.212769, 0.014160, -0.854492, -0.610352, 0.183106,riding
B, 199515, -0.924683, -0.064941, -0.360229, -0.549316, 0.610352, -1.525879,riding
A, 585982, -0.976685, 0.216553, 0.010864, -0.488281, -0.610352, 0.122070,riding
B, 199535, -0.924805, -0.061035, -0.360107, -0.183106, 0.488281, -1.464844,riding
A, 586002, -0.978027, 0.210083, 0.005371, -0.305176, -0.732422, -0.122070,riding
B, 199555, -0.925659, -0.068237, -0.357910, -0.061035, 0.427246, -1.342773,riding
A, 586022, -0.978760, 0.208618, 0.002319, -0.610352, -0.732422, -0.122070,riding
B, 199575, -0.924805, -0.072266, -0.359009, -0.488281, 0.244141, -1.525879,riding
A, 586042, -0.977661, 0.216797, 0.003784, -0.915528, -0.610352, -0.122070,riding
B, 199595, -0.924561, -0.065552, -0.361572, -0.427246, 0.122070, -1.525879,riding
A, 586062, -0.977051, 0.221802, 0.003052, -0.549316, -0.732422, -0.427246,riding
B, 199615, -0.924194, -0.067993, -0.362671, -0.183106, 0.000000, -1.342773,riding
A, 586082, -0.977905, 0.218384, -0.001953, -0.427246, -0.793457, -0.610352,riding
B, 199635, -0.923218, -0.074097, -0.363159, -0.122070, -0.061035, -1.281738,riding
A, 586102, -0.977295, 0.217041, -0.002930, -0.488281, -0.854492, -0.671387,riding
B, 199655, -0.923828, -0.072876, -0.363647, -0.122070, -0.244141, -1.281738,riding
A, 586122, -0.977051, 0.218140, -0.001709, -0.549316, -0.915528, -0.732422,riding
B, 199675, -0.923340, -0.068726, -0.363892, -0.244141, -0.366211, -1.281738,riding
A, 586142, -0.974976, 0.229492, 0.003174, -0.732422, -0.915528, -0.854492,riding
B, 199695, -0.921997, -0.068970, -0.366455, -0.427246, -0.549316, -1.281738,riding
A, 586162, -0.973145, 0.239380, -0.000366, -0.366211, -0.976563, -1.159668,riding
B, 199715, -0.920288, -0.074585, -0.371216, 0.061035, -0.793457, -1.098633,riding
A, 586182, -0.973755, 0.237915, -0.005005, -0.183106, -1.037598, -1.464844,riding
B, 199735, -0.920532, -0.071045, -0.369629, 0.061035, -1.037598, -1.098633,riding
A, 586202, -0.974121, 0.233154, -0.002930, -0.244141, -1.159668, -1.708985,riding
B, 199755, -0.921753, -0.067871, -0.366699, 0.061035, -1.281738, -1.098633,riding
A, 586222, -0.974976, 0.229492, 0.003662, -0.366211, -1.220703, -1.953125,riding
B, 199775, -0.921631, -0.071533, -0.368042, 0.061035, -1.464844, -1.037598,riding
A, 586242, -0.975220, 0.228638, 0.003418, -0.244141, -1.159668, -2.136230,riding
B, 199795, -0.921265, -0.071899, -0.367432, 0.244141, -1.586915, -0.915528,riding
A, 586262, -0.976929, 0.219604, -0.004761, -0.183106, -1.220703, -2.380371,riding
B, 199815, -0.923340, -0.070313, -0.363281, 0.183106, -1.831055, -0.976563,riding
A, 586282, -0.977905, 0.212280, -0.006226, 0.000000, -1.403809, -2.502441,riding
B, 199835, -0.926636, -0.073853, -0.357422, 0.305176, -1.892090, -0.854492,riding
A, 586302, -0.980347, 0.202881, -0.002075, -0.122070, -1.342773, -2.563477,riding
B, 199855, -0.925537, -0.077271, -0.353394, 0.244141, -2.014160, -0.793457,riding
A, 586322, -0.981567, 0.197754, -0.014160, 0.183106, -1.403809, -2.624512,riding
B, 199875, -0.927368, -0.080566, -0.350098, 0.488281, -2.014160, -0.610352,riding
A, 586342, -0.983643, 0.188110, -0.020020, -0.122070, -1.586915, -2.563477,riding
B, 199895, -0.928223, -0.078491, -0.348999, 0.000000, -2.075195, -0.610352,riding
A, 586362, -0.982910, 0.192871, -0.011597, -0.427246, -1.708985, -2.563477,riding
B, 199915, -0.929077, -0.073975, -0.349854, 0.122070, -2.014160, -0.488281,riding
A, 586382, -0.984253, 0.186157, -0.009399, 0.244141, -1.892090, -2.502441,riding
B, 199935, -0.929321, -0.081421, -0.346924, 0.427246, -1.953125, -0.244141,riding
A, 586402, -0.985107, 0.179321, -0.018433, 0.000000, -1.892090, -2.441406,riding
B, 199955, -0.929565, -0.082275, -0.344116, 0.183106, -1.953125, -0.244141,riding
A, 586422, -0.984619, 0.179077, -0.015137, -0.183106, -2.075195, -2.380371,riding
B, 199975, -0.932129, -0.071045, -0.339600, 0.122070, -1.831055, -0.061035,riding
A, 586442, -0.985596, 0.172119, -0.000977, 0.122070, -2.319336, -2.319336,riding
B, 199995, -0.933838, -0.075806, -0.336548, 0.305176, -1.708985, 0.061035,riding
A, 586462, -0.987671, 0.164429, -0.004517, 0.061035, -2.197266, -2.197266,riding
B, 200015, -0.932983, -0.079590, -0.336914, 0.061035, -1.586915, 0.061035,riding
A, 586482, -0.986938, 0.164307, -0.003174, -0.549316, -2.197266, -1.892090,riding
B, 200035, -0.933960, -0.069580, -0.336670, -0.366211, -1.525879, 0.000000,riding
A, 586502, -0.985962, 0.168701, 0.003540, -0.244141, -2.380371, -1.831055,riding
B, 200055, -0.934204, -0.065552, -0.337280, 0.000000, -1.342773, 0.183106,riding
A, 586522, -0.986450, 0.164185, 0.009399, -0.061035, -2.441406, -1.708985,riding
B, 200075, -0.934082, -0.073120, -0.335205, 0.061035, -1.220703, 0.244141,riding
A, 586542, -0.986328, 0.161621, 0.005981, -0.122070, -2.258301, -1.525879,riding
B, 200095, -0.935425, -0.072754, -0.333862, -0.244141, -1.037598, 0.122070,riding
A, 586562, -0.986694, 0.163330, 0.005005, -0.427246, -2.319336, -1.281738,riding
B, 200115, -0.934448, -0.065063, -0.334229, -0.244141, -0.854492, 0.183106,riding
A, 586582, -0.985840, 0.167969, -0.001221, -0.122070, -2.380371, -1.220703,riding
B, 200135, -0.934692, -0.075317, -0.336304, 0.000000, -0.793457, 0.305176,riding
A, 586602, -0.986938, 0.165283, -0.003784, -0.366211, -2.441406, -1.098633,riding
B, 200155, -0.933716, -0.077271, -0.335693, -0.366211, -0.610352, 0.244141,riding
A, 586622, -0.987183, 0.164551, -0.003540, -0.427246, -2.502441, -0.976563,riding
B, 200175, -0.934448, -0.068970, -0.335205, -0.427246, -0.549316, 0.305176,riding
A, 586642, -0.986572, 0.167480, -0.003662, -0.366211, -2.624512, -0.793457,riding
B, 200195, -0.933105, -0.069458, -0.336914, -0.427246, -0.427246, 0.427246,riding
A, 586662, -0.986816, 0.167847, -0.002563, -0.244141, -2.746582, -0.671387,riding
B, 200215, -0.933105, -0.075684, -0.338135, -0.305176, -0.244141, 0.549316,riding
A, 586682, -0.984863, 0.174927, -0.000732, -0.549316, -2.746582, -0.549316,riding
B, 200235, -0.932495, -0.069458, -0.340210, -0.610352, -0.183106, 0.549316,riding
A, 586702, -0.984131, 0.180176, 0.002075, -0.427246, -2.807618, -0.427246,riding
B, 200255, -0.932739, -0.063110, -0.341797, -0.549316, -0.122070, 0.610352,riding
A, 586722, -0.982788, 0.187866, 0.002075, -0.671387, -2.807618, -0.427246,riding
B, 200275, -0.930908, -0.068970, -0.346802, -0.610352, -0.122070, 0.671387,riding
A, 586742, -0.982056, 0.193481, 0.000488, -0.366211, -2.929688, -0.488281,riding
B, 200295, -0.928223, -0.072510, -0.348633, -0.549316, -0.122070, 0.732422,riding
A, 586762, -0.980225, 0.195679, 0.005737, -0.671387, -2.929688, -0.549316,riding
B, 200315, -0.928833, -0.062256, -0.349731, -0.793457, -0.244141, 0.671387,riding
A, 586782, -0.977783, 0.205933, 0.022339, -0.732422, -2.990724, -0.549316,riding
B, 200335, -0.928833, -0.053101, -0.352173, -0.732422, -0.244141, 0.671387,riding
A, 586802, -0.977661, 0.210449, 0.030029, -0.427246, -2.929688, -0.793457,riding
B, 200355, -0.928101, -0.054077, -0.354736, -0.610352, -0.366211, 0.671387,riding
A, 586822, -0.979248, 0.201050, 0.030884, -0.183106, -2.807618, -0.854492,riding
B, 200375, -0.928711, -0.054321, -0.351440, -0.427246, -0.488281, 0.549316,riding
A, 586842, -0.977905, 0.204712, 0.035645, -0.915528, -2.624512, -0.854492,riding
B, 200395, -0.929199, -0.043701, -0.353638, -0.793457, -0.549316, 0.366211,riding
A, 586862, -0.976685, 0.211792, 0.044312, -0.427246, -2.563477, -1.037598,riding
B, 200415, -0.928467, -0.044312, -0.354614, -0.305176, -0.610352, 0.305176,riding
A, 586882, -0.978638, 0.204590, 0.045654, -0.061035, -2.441406, -1.220703,riding
B, 200435, -0.929688, -0.049194, -0.352051, 0.000000, -0.671387, 0.305176,riding
A, 586902, -0.980713, 0.191895, 0.040649, 0.000000, -2.258301, -1.220703,riding
B, 200455, -0.931519, -0.047974, -0.348267, -0.122070, -0.732422, 0.061035,riding
A, 586922, -0.980225, 0.192139, 0.043335, -0.549316, -2.014160, -1.098633,riding
B, 200475, -0.931152, -0.040161, -0.348389, -0.366211, -0.793457, -0.244141,riding
A, 586942, -0.979980, 0.198242, 0.046631, -0.183106, -1.953125, -1.220703,riding
B, 200495, -0.930908, -0.047607, -0.347168, 0.122070, -0.671387, -0.305176,riding
A, 586962, -0.982178, 0.182983, 0.047241, -0.061035, -1.647950, -1.220703,riding
B, 200515, -0.932983, -0.047974, -0.342651, 0.000000, -0.732422, -0.549316,riding
A, 586982, -0.981689, 0.186035, 0.046997, -0.549316, -1.403809, -1.159668,riding
B, 200535, -0.932983, -0.040039, -0.343628, -0.244141, -0.671387, -0.732422,riding
A, 587002, -0.981934, 0.182251, 0.045532, -0.122070, -1.403809, -1.220703,riding
B, 200555, -0.934448, -0.043823, -0.341675, 0.244141, -0.610352, -0.793457,riding
A, 587022, -0.983887, 0.171509, 0.043945, -0.183106, -1.220703, -1.159668,riding
B, 200575, -0.934082, -0.050537, -0.339111, 0.061035, -0.488281, -1.037598,riding
A, 587042, -0.985474, 0.167725, 0.046631, -0.305176, -0.976563, -0.976563,riding
B, 200595, -0.934082, -0.045288, -0.337769, 0.000000, -0.427246, -1.220703,riding
A, 587062, -0.984375, 0.172729, 0.049072, -0.549316, -0.732422, -0.671387,riding
B, 200615, -0.933716, -0.039551, -0.339722, -0.122070, -0.366211, -1.403809,riding
B, 200635, -0.933472, -0.048096, -0.340820, 0.244141, -0.183106, -1.525879,riding
A, 587082, -0.982178, 0.180542, 0.044678, -0.122070, -0.671387, -0.793457,riding
A, 587102, -0.983521, 0.174805, 0.048096, -0.244141, -0.427246, -0.610352,riding
B, 200655, -0.933716, -0.046143, -0.339478, 0.061035, -0.122070, -1.831055,riding
A, 587122, -0.982666, 0.177612, 0.047485, -0.244141, -0.244141, -0.549316,riding
B, 200675, -0.933716, -0.042236, -0.339600, 0.183106, -0.061035, -1.953125,riding
A, 587142, -0.981445, 0.181274, 0.050415, -0.549316, 0.061035, -0.488281,riding
B, 200695, -0.933594, -0.041870, -0.342529, 0.000000, 0.000000, -2.197266,riding
A, 587162, -0.982056, 0.186035, 0.056763, -0.305176, 0.244141, -0.488281,riding
B, 200715, -0.932373, -0.043091, -0.344360, 0.244141, 0.061035, -2.380371,riding
A, 587182, -0.981445, 0.182373, 0.051880, -0.183106, 0.549316, -0.427246,riding
B, 200735, -0.933228, -0.045410, -0.345337, 0.305176, 0.122070, -2.563477,riding
A, 587202, -0.982422, 0.181885, 0.038086, -0.183106, 0.671387, -0.366211,riding
B, 200755, -0.932495, -0.047607, -0.344727, 0.366211, 0.183106, -2.807618,riding
A, 587222, -0.982666, 0.182251, 0.034058, -0.244141, 0.793457, -0.305176,riding
B, 200775, -0.933105, -0.053223, -0.342529, 0.427246, 0.305176, -2.929688,riding
A, 587242, -0.983887, 0.176758, 0.029419, -0.061035, 0.915528, -0.244141,riding
B, 200795, -0.933960, -0.059814, -0.339722, 0.549316, 0.366211, -2.990724,riding
A, 587262, -0.985352, 0.171021, 0.017822, -0.061035, 1.037598, -0.183106,riding
B, 200815, -0.934692, -0.064209, -0.337891, 0.488281, 0.488281, -2.990724,riding
A, 587282, -0.985962, 0.167358, 0.005127, -0.183106, 1.037598, 0.000000,riding
B, 200835, -0.934204, -0.066162, -0.337402, 0.305176, 0.610352, -3.051759,riding
A, 587302, -0.985229, 0.173706, 0.003052, -0.854492, 1.037598, 0.366211,riding
B, 200855, -0.932983, -0.070435, -0.341187, -0.122070, 0.671387, -3.173829,riding
A, 587322, -0.984009, 0.179443, -0.002808, -0.549316, 0.915528, 0.305176,riding
B, 200875, -0.931152, -0.074951, -0.343994, -0.061035, 0.854492, -3.051759,riding
A, 587342, -0.984863, 0.177734, -0.007568, -0.610352, 0.915528, 0.488281,riding
B, 200895, -0.931274, -0.074341, -0.343750, -0.244141, 0.915528, -2.990724,riding
A, 587362, -0.984253, 0.182251, -0.010742, -0.793457, 0.793457, 0.549316,riding
B, 200915, -0.930176, -0.075928, -0.345703, -0.183106, 0.976563, -2.929688,riding
A, 587382, -0.983154, 0.183472, -0.011353, -0.671387, 0.671387, 0.610352,riding
B, 200935, -0.929321, -0.080322, -0.346924, -0.183106, 1.098633, -2.746582,riding
A, 587402, -0.984009, 0.182617, -0.014282, -0.671387, 0.610352, 0.671387,riding
B, 200955, -0.928833, -0.082275, -0.346191, -0.244141, 1.098633, -2.685547,riding
A, 587422, -0.984009, 0.183105, -0.017334, -0.976563, 0.549316, 0.732422,riding
B, 200975, -0.928101, -0.081421, -0.348267, -0.610352, 1.159668, -2.624512,riding
A, 587442, -0.982056, 0.192627, -0.022095, -1.098633, 0.366211, 0.854492,riding
B, 200995, -0.925903, -0.083008, -0.353516, -0.671387, 1.098633, -2.502441,riding
A, 587462, -0.980713, 0.203003, -0.022461, -1.098633, 0.183106, 0.732422,riding
B, 201015, -0.924927, -0.084839, -0.358032, -0.610352, 1.159668, -2.380371,riding
A, 587482, -0.979370, 0.208984, -0.020996, -0.915528, 0.000000, 0.732422,riding
B, 201035, -0.923218, -0.083496, -0.360962, -0.671387, 1.037598, -2.136230,riding
A, 587502, -0.978271, 0.219116, -0.029663, -0.976563, -0.122070, 0.671387,riding
B, 201055, -0.921997, -0.085449, -0.364258, -0.610352, 0.976563, -1.953125,riding
A, 587522, -0.975708, 0.226807, -0.031738, -0.915528, -0.427246, 0.549316,riding
B, 201075, -0.920532, -0.088989, -0.367554, -0.610352, 0.793457, -1.770020,riding
A, 587542, -0.975708, 0.233276, -0.028076, -0.854492, -0.610352, 0.244141,riding
B, 201095, -0.918579, -0.087036, -0.369995, -0.427246, 0.671387, -1.525879,riding
A, 587562, -0.974854, 0.233398, -0.030273, -0.305176, -0.854492, 0.000000,riding
B, 201115, -0.918945, -0.088501, -0.371338, -0.122070, 0.488281, -1.220703,riding
A, 587582, -0.975708, 0.229736, -0.035400, -0.366211, -1.037598, -0.122070,riding
B, 201135, -0.919067, -0.089600, -0.371216, -0.244141, 0.244141, -1.098633,riding
A, 587602, -0.975952, 0.233032, -0.032715, -0.732422, -1.220703, -0.305176,riding
B, 201155, -0.919067, -0.087280, -0.373657, -0.488281, 0.000000, -0.915528,riding
A, 587622, -0.974976, 0.236694, -0.028076, -0.549316, -1.464844, -0.488281,riding
B, 201175, -0.918213, -0.087036, -0.372314, -0.061035, -0.183106, -0.549316,riding
A, 587642, -0.975220, 0.234985, -0.033325, 0.000000, -1.647950, -0.732422,riding
B, 201195, -0.918213, -0.091919, -0.371338, 0.183106, -0.305176, -0.244141,riding
A, 587662, -0.977661, 0.222412, -0.043579, 0.183106, -2.136230, -1.037598,riding
B, 201215, -0.918945, -0.094482, -0.367676, 0.122070, -0.488281, -0.061035,riding
A, 587682, -0.974854, 0.230469, -0.033691, -1.098633, -2.136230, -0.976563,riding
B, 201235, -0.919067, -0.089111, -0.369995, -0.915528, -0.732422, -0.183106,riding
A, 587702, -0.973267, 0.243408, -0.028076, -0.183106, -2.502441, -1.403809,riding
B, 201255, -0.917236, -0.084351, -0.375366, -0.183106, -0.854492, 0.305176,riding
A, 587722, -0.975342, 0.234619, -0.036987, 0.305176, -2.746582, -1.586915,riding
B, 201275, -0.918213, -0.090942, -0.373169, 0.183106, -1.098633, 0.671387,riding
A, 587742, -0.976074, 0.226318, -0.042969, 0.366211, -2.990724, -1.831055,riding
B, 201295, -0.920288, -0.089233, -0.367554, 0.061035, -1.342773, 0.915528,riding
A, 587762, -0.978027, 0.220215, -0.029175, -0.183106, -3.173829, -1.770020,riding
B, 201315, -0.922241, -0.082764, -0.367432, -0.366211, -1.464844, 0.915528,riding
A, 587782, -0.976440, 0.225708, -0.015503, -0.305176, -3.295899, -1.953125,riding
B, 201335, -0.920532, -0.080933, -0.366943, -0.122070, -1.586915, 1.159668,riding
A, 587802, -0.975830, 0.224365, -0.014771, 0.183106, -3.479005, -2.197266,riding
B, 201355, -0.922363, -0.080688, -0.366699, 0.061035, -1.708985, 1.342773,riding
A, 587822, -0.976563, 0.218384, -0.014526, 0.000000, -3.662110, -2.319336,riding
B, 201375, -0.923218, -0.074585, -0.363037, -0.122070, -1.892090, 1.403809,riding
A, 587842, -0.979004, 0.211426, 0.000732, 0.183106, -3.845216, -2.502441,riding
B, 201395, -0.923096, -0.070557, -0.361816, 0.122070, -1.953125, 1.525879,riding
A, 587862, -0.978882, 0.204956, 0.005859, 0.183106, -3.723145, -2.441406,riding
B, 201415, -0.923950, -0.071533, -0.359619, 0.000000, -2.014160, 1.525879,riding
B, 201435, -0.926514, -0.066162, -0.357788, -0.305176, -2.075195, 1.403809,riding
B, 201455, -0.927246, -0.059937, -0.356079, -0.183106, -2.075195, 1.464844,riding
B, 201475, -0.927124, -0.060425, -0.354614, -0.122070, -2.136230, 1.403809,riding
B, 201495, -0.928101, -0.058594, -0.352783, -0.061035, -2.136230, 1.342773,riding
B, 201515, -0.928833, -0.053833, -0.351318, -0.061035, -2.197266, 1.220703,riding
B, 201535, -0.929077, -0.051636, -0.350952, -0.305176, -2.197266, 0.976563,riding
A, 587882, -0.980103, 0.202759, 0.006470, -0.122070, -3.662110, -2.441406,riding
A, 587902, -0.978760, 0.206299, 0.011108, -0.244141, -3.723145, -2.502441,riding
A, 587922, -0.978149, 0.204956, 0.020142, -0.061035, -3.723145, -2.563477,riding
A, 587942, -0.979004, 0.201782, 0.028076, -0.061035, -3.601075, -2.624512,riding
A, 587962, -0.980225, 0.195557, 0.028809, 0.061035, -3.417970, -2.624512,riding
A, 587982, -0.980957, 0.191772, 0.030884, -0.305176, -3.356935, -2.563477,riding
A, 588002, -0.981445, 0.195557, 0.034790, -0.061035, -3.234864, -2.685547,riding
B, 201555, -0.930054, -0.053223, -0.350708, 0.000000, -2.136230, 0.976563,riding
A, 588022, -0.982056, 0.188721, 0.035767, 0.061035, -3.051759, -2.563477,riding
B, 201575, -0.930908, -0.052490, -0.347534, 0.000000, -2.075195, 0.793457,riding
A, 588042, -0.982300, 0.184326, 0.036377, -0.061035, -2.990724, -2.563477,riding
B, 201595, -0.932861, -0.047852, -0.343628, 0.061035, -2.075195, 0.671387,riding
B, 201615, -0.933594, -0.048584, -0.341431, 0.061035, -1.953125, 0.549316,riding
B, 201635, -0.932983, -0.046997, -0.341187, -0.122070, -1.892090, 0.366211,riding
B, 201655, -0.934082, -0.044312, -0.339844, -0.183106, -1.770020, 0.122070,riding
B, 201675, -0.936401, -0.038696, -0.337769, -0.183106, -1.647950, -0.122070,riding
B, 201695, -0.936035, -0.042603, -0.335449, -0.061035, -1.403809, -0.488281,riding
A, 588062, -0.982178, 0.179932, 0.041016, -0.061035, -2.807618, -2.502441,riding
A, 588082, -0.983154, 0.176636, 0.048218, -0.244141, -2.563477, -2.380371,riding
A, 588102, -0.984009, 0.172974, 0.051758, -0.366211, -2.319336, -2.380371,riding
A, 588122, -0.985229, 0.169189, 0.053955, -0.427246, -2.075195, -2.136230,riding
A, 588142, -0.985962, 0.161499, 0.056641, -0.061035, -1.953125, -1.953125,riding
B, 201715, -0.936035, -0.038818, -0.336792, -0.122070, -1.281738, -0.732422,riding
A, 588162, -0.985352, 0.166748, 0.061646, -0.488281, -1.586915, -1.770020,riding
A, 588182, -0.983765, 0.167603, 0.061157, -0.122070, -1.159668, -1.647950,riding
B, 201735, -0.936279, -0.037354, -0.334961, 0.122070, -1.098633, -0.915528,riding
A, 588202, -0.984863, 0.164551, 0.054932, -0.305176, -0.976563, -1.525879,riding
B, 201755, -0.937256, -0.041626, -0.333740, 0.000000, -0.976563, -1.220703,riding
A, 588222, -0.984985, 0.167603, 0.054565, -0.488281, -0.732422, -1.342773,riding
B, 201775, -0.935547, -0.044922, -0.336182, 0.000000, -0.915528, -1.525879,riding
A, 588242, -0.983765, 0.172363, 0.057495, -0.427246, -0.427246, -1.281738,riding
B, 201795, -0.935303, -0.040527, -0.338989, 0.061035, -0.732422, -1.647950,riding
A, 588262, -0.985107, 0.166016, 0.057739, -0.061035, -0.305176, -1.159668,riding
B, 201815, -0.936157, -0.041382, -0.335693, 0.366211, -0.488281, -1.892090,riding
A, 588282, -0.985596, 0.160400, 0.050415, -0.061035, -0.061035, -0.976563,riding
B, 201835, -0.936523, -0.046509, -0.333862, 0.305176, -0.366211, -2.136230,riding
A, 588302, -0.986084, 0.162354, 0.045410, -0.305176, 0.183106, -0.793457,riding
B, 201855, -0.936523, -0.049194, -0.334106, 0.244141, -0.183106, -2.380371,riding
A, 588322, -0.985229, 0.164429, 0.038940, -0.122070, 0.366211, -0.610352,riding
B, 201875, -0.937622, -0.051392, -0.332642, 0.427246, 0.000000, -2.441406,riding
A, 588342, -0.987061, 0.158081, 0.032349, 0.000000, 0.427246, -0.549316,riding
B, 201895, -0.937378, -0.054199, -0.331421, 0.427246, 0.183106, -2.563477,riding
A, 588362, -0.987183, 0.157227, 0.030396, -0.305176, 0.610352, -0.244141,riding
B, 201915, -0.937744, -0.056641, -0.332153, 0.244141, 0.366211, -2.746582,riding
A, 588382, -0.987671, 0.153198, 0.026489, -0.061035, 0.732422, 0.000000,riding
B, 201935, -0.937866, -0.058472, -0.331543, 0.427246, 0.549316, -2.746582,riding
A, 588402, -0.988892, 0.150146, 0.017944, -0.366211, 0.854492, 0.244141,riding
B, 201955, -0.936768, -0.062256, -0.331421, 0.122070, 0.854492, -2.929688,riding
A, 588422, -0.988281, 0.153198, 0.015747, -0.610352, 0.854492, 0.549316,riding
B, 201975, -0.935425, -0.064331, -0.332520, -0.122070, 1.098633, -3.051759,riding
A, 588442, -0.986572, 0.161621, 0.018677, -0.976563, 0.976563, 0.854492,riding
B, 201995, -0.934814, -0.064087, -0.335815, -0.366211, 1.159668, -3.173829,riding
A, 588462, -0.984863, 0.172974, 0.018066, -0.915528, 1.098633, 0.915528,riding
B, 202015, -0.933228, -0.063110, -0.339966, -0.305176, 1.342773, -3.173829,riding
A, 588482, -0.985107, 0.174316, 0.014526, -0.854492, 1.098633, 0.976563,riding
B, 202035, -0.932373, -0.066040, -0.342285, -0.305176, 1.464844, -3.234864,riding
A, 588502, -0.984009, 0.178955, 0.007813, -1.098633, 1.159668, 1.098633,riding
B, 202055, -0.930176, -0.070190, -0.345825, -0.610352, 1.464844, -3.356935,riding
A, 588522, -0.982788, 0.189087, 0.000488, -1.220703, 1.220703, 1.159668,riding
B, 202075, -0.928223, -0.072998, -0.351685, -0.732422, 1.525879, -3.356935,riding
A, 588542, -0.981079, 0.199097, -0.009399, -0.854492, 1.098633, 1.159668,riding
B, 202095, -0.926392, -0.077759, -0.354614, -0.244141, 1.647950, -3.112794,riding
A, 588562, -0.982056, 0.194580, -0.018555, -0.305176, 0.854492, 1.098633,riding
B, 202115, -0.927124, -0.083862, -0.352051, 0.061035, 1.647950, -2.868653,riding
A, 588582, -0.983398, 0.190552, -0.020020, -0.793457, 0.793457, 1.159668,riding
B, 202135, -0.927002, -0.085815, -0.351074, -0.488281, 1.647950, -2.929688,riding
A, 588602, -0.982056, 0.193115, -0.021484, -1.098633, 0.732422, 1.281738,riding
B, 202155, -0.927368, -0.085571, -0.351929, -0.610352, 1.647950, -2.868653,riding
A, 588622, -0.981445, 0.195679, -0.028076, -0.793457, 0.549316, 1.159668,riding
B, 202175, -0.925415, -0.088501, -0.354370, -0.366211, 1.708985, -2.563477,riding
A, 588642, -0.982056, 0.196045, -0.032959, -0.793457, 0.366211, 1.281738,riding
B, 202195, -0.924683, -0.091431, -0.357056, -0.488281, 1.708985, -2.441406,riding
A, 588662, -0.981934, 0.198608, -0.036377, -0.915528, 0.183106, 1.342773,riding
B, 202215, -0.924316, -0.091797, -0.356812, -0.488281, 1.770020, -2.075195,riding
A, 588682, -0.983276, 0.195068, -0.037109, -0.671387, -0.061035, 1.281738,riding
B, 202235, -0.925049, -0.093994, -0.355347, -0.488281, 1.770020, -1.831055,riding
A, 588702, -0.981445, 0.200195, -0.038818, -1.342773, -0.305176, 1.464844,riding
B, 202255, -0.922974, -0.096558, -0.358521, -1.159668, 1.708985, -1.892090,riding
A, 588722, -0.978271, 0.216797, -0.036987, -1.647950, -0.488281, 1.464844,riding
B, 202275, -0.921875, -0.092773, -0.364380, -1.464844, 1.647950, -1.770020,riding
A, 588742, -0.977051, 0.226563, -0.033813, -1.098633, -0.793457, 1.220703,riding
B, 202295, -0.919189, -0.090576, -0.369629, -0.915528, 1.586915, -1.403809,riding
A, 588762, -0.976929, 0.224854, -0.033325, -0.793457, -1.037598, 1.037598,riding
B, 202315, -0.918701, -0.090454, -0.371582, -0.732422, 1.525879, -1.098633,riding
A, 588782, -0.976196, 0.227661, -0.034668, -1.098633, -1.159668, 1.098633,riding
B, 202335, -0.917847, -0.091797, -0.374756, -0.976563, 1.281738, -1.098633,riding
A, 588802, -0.973511, 0.243774, -0.031250, -1.586915, -1.281738, 0.976563,riding
B, 202355, -0.913452, -0.087280, -0.383911, -1.464844, 0.976563, -0.976563,riding
A, 588822, -0.969971, 0.259033, -0.027710, -1.281738, -1.464844, 0.610352,riding
B, 202375, -0.913574, -0.085449, -0.386353, -0.732422, 0.793457, -0.549316,riding
A, 588842, -0.969971, 0.260620, -0.027954, -0.305176, -1.770020, 0.244141,riding
B, 202395, -0.913086, -0.087646, -0.386353, -0.366211, 0.549316, -0.244141,riding
A, 588862, -0.970825, 0.258423, -0.026978, -0.610352, -1.892090, -0.122070,riding
B, 202415, -0.911621, -0.086792, -0.389282, -0.732422, 0.183106, -0.305176,riding
A, 588882, -0.967651, 0.272217, -0.021606, -0.915528, -2.075195, -0.549316,riding
B, 202435, -0.909790, -0.084351, -0.393799, -0.854492, -0.183106, -0.244141,riding
A, 588902, -0.967163, 0.278687, -0.017090, -0.488281, -2.258301, -0.976563,riding
B, 202455, -0.909302, -0.080566, -0.396484, -0.488281, -0.549316, 0.000000,riding
A, 588922, -0.966187, 0.279907, -0.014404, -0.366211, -2.380371, -1.342773,riding
B, 202475, -0.909302, -0.080078, -0.397339, -0.305176, -1.159668, 0.122070,riding
A, 588942, -0.965454, 0.283081, -0.017822, -0.366211, -2.441406, -1.770020,riding
B, 202495, -0.908447, -0.081787, -0.399292, -0.183106, -1.525879, 0.305176,riding
A, 588962, -0.965332, 0.285400, -0.023315, -0.061035, -2.624512, -2.319336,riding
B, 202515, -0.908569, -0.083496, -0.398071, 0.061035, -1.953125, 0.549316,riding
A, 588982, -0.966064, 0.281616, -0.023926, 0.061035, -2.807618, -2.807618,riding
B, 202535, -0.910034, -0.083496, -0.395752, 0.183106, -2.380371, 0.671387,riding
A, 589002, -0.966797, 0.276611, -0.017578, 0.000000, -2.929688, -3.173829,riding
B, 202555, -0.909302, -0.079468, -0.395752, 0.061035, -2.868653, 0.732422,riding
A, 589022, -0.964844, 0.283081, -0.014771, -0.183106, -3.051759, -3.662110,riding
B, 202575, -0.908813, -0.075684, -0.396484, 0.244141, -3.173829, 0.915528,riding
A, 589042, -0.965576, 0.274902, -0.013672, 0.854492, -3.295899, -4.150391,riding
B, 202595, -0.912354, -0.077515, -0.391724, 0.976563, -3.540040, 1.220703,riding
A, 589062, -0.969727, 0.254028, -0.010132, 0.366211, -3.356935, -4.516602,riding
B, 202615, -0.915405, -0.075317, -0.382324, 0.549316, -4.089355, 1.159668,riding
A, 589082, -0.969971, 0.250244, -0.010376, 0.854492, -3.601075, -4.943848,riding
B, 202635, -0.916870, -0.074463, -0.377686, 1.159668, -4.272461, 1.464844,riding
A, 589102, -0.973877, 0.233887, -0.003906, 0.976563, -3.601075, -5.187988,riding
B, 202655, -0.921021, -0.074585, -0.369751, 0.976563, -4.577637, 1.403809,riding
A, 589122, -0.974976, 0.226074, 0.001831, 0.610352, -3.601075, -5.249023,riding
B, 202675, -0.922363, -0.068970, -0.366211, 0.793457, -4.699707, 1.403809,riding
A, 589142, -0.976440, 0.214844, 0.005737, 0.854492, -3.662110, -5.554201,riding
B, 202695, -0.924683, -0.066650, -0.360474, 1.037598, -4.760742, 1.464844,riding
A, 589162, -0.980225, 0.197388, 0.011108, 0.976563, -3.662110, -5.554201,riding
B, 202715, -0.927490, -0.066650, -0.352661, 1.037598, -4.821777, 1.464844,riding
A, 589182, -0.982178, 0.183105, 0.020142, 0.427246, -3.540040, -5.432129,riding
B, 202735, -0.929565, -0.062134, -0.346924, 0.610352, -4.821777, 1.220703,riding
A, 589202, -0.983643, 0.173950, 0.028442, 0.549316, -3.417970, -5.371094,riding
B, 202755, -0.934326, -0.055298, -0.336914, 0.854492, -4.699707, 1.098633,riding
A, 589222, -0.986816, 0.156982, 0.034912, 0.305176, -3.173829, -5.126953,riding
B, 202775, -0.936890, -0.055420, -0.331299, 0.610352, -4.394531, 0.915528,riding
A, 589242, -0.988037, 0.144897, 0.030762, 0.610352, -3.051759, -4.882813,riding
B, 202795, -0.938843, -0.057129, -0.325806, 0.793457, -4.211426, 0.854492,riding
A, 589262, -0.991699, 0.131836, 0.029297, 0.427246, -2.868653, -4.577637,riding
B, 202815, -0.941406, -0.058105, -0.319214, 0.610352, -3.906251, 0.671387,riding
A, 589282, -0.993286, 0.123291, 0.025391, 0.427246, -2.746582, -4.211426,riding
B, 202835, -0.942383, -0.057739, -0.316162, 0.732422, -3.540040, 0.671387,riding
A, 589302, -0.995239, 0.111450, 0.027344, 0.183106, -2.746582, -3.784181,riding
B, 202855, -0.944824, -0.060669, -0.312134, 0.427246, -3.173829, 0.488281,riding
A, 589322, -0.995239, 0.109741, 0.028931, -0.244141, -2.502441, -3.234864,riding
B, 202875, -0.945313, -0.058716, -0.307129, 0.122070, -2.563477, 0.305176,riding
A, 589342, -0.996582, 0.108765, 0.025024, 0.000000, -2.441406, -2.807618,riding
B, 202895, -0.947510, -0.061035, -0.304443, 0.183106, -2.075195, 0.244141,riding
A, 589362, -0.998047, 0.102539, 0.019043, 0.000000, -2.319336, -2.441406,riding
B, 202915, -0.948730, -0.063110, -0.300659, 0.244141, -1.647950, 0.244141,riding
A, 589382, -1.000244, 0.089355, 0.019043, 0.122070, -2.380371, -1.953125,riding
B, 202935, -0.949951, -0.062256, -0.296509, 0.000000, -1.098633, 0.183106,riding
A, 589402, -1.000977, 0.084106, 0.031494, -0.549316, -2.197266, -0.976563,riding
B, 202955, -0.951294, -0.058105, -0.296875, -0.427246, -0.610352, -0.061035,riding
A, 589422, -0.999146, 0.092285, 0.037231, -0.732422, -2.014160, -0.305176,riding
B, 202975, -0.948608, -0.055420, -0.300415, -0.549316, -0.061035, -0.244141,riding
A, 589442, -0.997192, 0.106689, 0.035889, -0.671387, -1.831055, 0.122070,riding
B, 202995, -0.948364, -0.053223, -0.304932, -0.671387, 0.488281, -0.366211,riding
A, 589462, -0.997314, 0.101563, 0.033569, -0.183106, -1.892090, 0.549316,riding
B, 203015, -0.948242, -0.055298, -0.301758, -0.305176, 1.159668, -0.427246,riding
A, 589482, -0.999023, 0.093262, 0.036011, -0.610352, -1.586915, 1.037598,riding
B, 203035, -0.948730, -0.053345, -0.301025, -0.793457, 1.647950, -0.610352,riding
A, 589502, -0.997314, 0.100830, 0.043335, -1.098633, -1.403809, 1.647950,riding
B, 203055, -0.947754, -0.050171, -0.306274, -0.976563, 2.136230, -0.854492,riding
A, 589522, -0.995117, 0.115234, 0.044556, -0.976563, -1.220703, 2.136230,riding
B, 203075, -0.944946, -0.049927, -0.312134, -0.976563, 2.502441, -0.976563,riding
A, 589542, -0.990845, 0.129028, 0.047485, -1.159668, -0.976563, 2.502441,riding
B, 203095, -0.942749, -0.046509, -0.319580, -1.037598, 2.868653, -1.220703,riding
A, 589562, -0.990601, 0.135010, 0.046265, -0.610352, -0.854492, 2.746582,riding
B, 203115, -0.941772, -0.047241, -0.321899, -0.610352, 3.234864, -1.220703,riding
A, 589582, -0.989380, 0.137451, 0.038696, -0.915528, -0.549316, 3.295899,riding
B, 203135, -0.938477, -0.052979, -0.327393, -0.915528, 3.662110, -1.586915,riding
A, 589602, -0.985962, 0.156494, 0.040283, -1.220703, -0.366211, 3.662110,riding
B, 203155, -0.935669, -0.049927, -0.335327, -1.159668, 3.845216, -1.831055,riding
A, 589622, -0.982422, 0.178955, 0.038086, -1.159668, -0.183106, 3.784181,riding
B, 203175, -0.931641, -0.050781, -0.344116, -1.037598, 4.028320, -1.892090,riding
A, 589642, -0.979492, 0.191895, 0.030762, -0.854492, -0.122070, 3.723145,riding
B, 203195, -0.929321, -0.055664, -0.349121, -0.793457, 4.089355, -1.953125,riding
A, 589662, -0.979248, 0.195923, 0.024170, -0.854492, 0.000000, 3.723145,riding
B, 203215, -0.927612, -0.057617, -0.354858, -0.793457, 4.089355, -2.014160,riding
A, 589682, -0.976929, 0.206787, 0.019287, -1.159668, 0.061035, 3.784181,riding
B, 203235, -0.924805, -0.060669, -0.361572, -1.098633, 4.028320, -2.197266,riding
A, 589702, -0.973145, 0.222412, 0.016235, -1.342773, 0.122070, 3.723145,riding
B, 203255, -0.921997, -0.059570, -0.367798, -1.159668, 3.967286, -2.258301,riding
A, 589722, -0.973877, 0.232422, 0.012573, -1.098633, 0.122070, 3.540040,riding
B, 203275, -0.919678, -0.066040, -0.373901, -0.854492, 3.662110, -2.197266,riding
A, 589742, -0.971924, 0.239624, 0.003174, -1.098633, 0.061035, 3.356935,riding
B, 203295, -0.915649, -0.067505, -0.379761, -1.159668, 3.417970, -2.258301,riding
A, 589762, -0.968140, 0.262451, 0.002808, -1.281738, 0.061035, 2.929688,riding
B, 203315, -0.913940, -0.064941, -0.387695, -1.159668, 3.173829, -2.197266,riding
A, 589782, -0.966675, 0.269775, 0.003052, -1.159668, -0.061035, 2.502441,riding
B, 203335, -0.912354, -0.066528, -0.391724, -0.976563, 2.868653, -2.075195,riding
A, 589802, -0.966064, 0.276611, -0.000854, -1.220703, 0.000000, 2.258301,riding
B, 203355, -0.911255, -0.069824, -0.395386, -1.037598, 2.441406, -2.136230,riding
A, 589822, -0.963135, 0.289795, -0.001709, -1.525879, -0.061035, 1.831055,riding
B, 203375, -0.907959, -0.068115, -0.401978, -1.281738, 1.953125, -2.197266,riding
A, 589842, -0.960449, 0.308838, -0.003906, -1.342773, -0.122070, 1.342773,riding
B, 203395, -0.905029, -0.067505, -0.410156, -1.098633, 1.464844, -2.075195,riding
A, 589862, -0.957642, 0.317505, -0.005127, -0.854492, -0.366211, 0.610352,riding
B, 203415, -0.902344, -0.070923, -0.417358, -0.549316, 0.610352, -1.831055,riding
A, 589882, -0.957275, 0.325562, -0.004272, -0.976563, -0.366211, 0.000000,riding
B, 203435, -0.901611, -0.068726, -0.419067, -0.427246, 0.061035, -1.770020,riding
A, 589902, -0.957031, 0.325195, -0.009155, -0.305176, -0.549316, -0.793457,riding
B, 203455, -0.902588, -0.072266, -0.415161, 0.183106, -0.549316, -1.464844,riding
A, 589922, -0.959106, 0.310547, -0.013550, -0.366211, -0.671387, -1.708985,riding
B, 203475, -0.903442, -0.075684, -0.411865, 0.000000, -1.159668, -1.464844,riding
A, 589942, -0.959473, 0.310913, -0.014526, -0.244141, -0.915528, -2.258301,riding
B, 203495, -0.903931, -0.076538, -0.412598, 0.183106, -1.770020, -1.342773,riding
A, 589962, -0.958252, 0.316650, -0.010254, -0.549316, -0.915528, -2.868653,riding
B, 203515, -0.903687, -0.072754, -0.414063, -0.061035, -2.319336, -1.342773,riding
A, 589982, -0.960205, 0.309204, -0.013794, 0.488281, -1.281738, -3.601075,riding
B, 203535, -0.906494, -0.075684, -0.406860, 0.976563, -3.051759, -0.793457,riding
A, 590002, -0.964233, 0.288940, -0.017212, 0.366211, -1.342773, -4.150391,riding
B, 203555, -0.908325, -0.078125, -0.398926, 0.854492, -3.540040, -0.793457,riding
A, 590022, -0.965698, 0.275146, -0.016235, 0.488281, -1.525879, -4.516602,riding
B, 203575, -0.912109, -0.077026, -0.392700, 0.915528, -3.906251, -0.671387,riding
A, 590042, -0.969482, 0.262329, -0.009277, 0.183106, -1.586915, -4.821777,riding
B, 203595, -0.914185, -0.073120, -0.386841, 0.732422, -4.333496, -0.671387,riding
A, 590062, -0.969482, 0.254761, -0.014282, 0.610352, -1.708985, -5.249023,riding
B, 203615, -0.916016, -0.077393, -0.381348, 1.281738, -4.516602, -0.305176,riding
A, 590082, -0.973877, 0.230591, -0.015991, 0.976563, -1.892090, -5.493164,riding
B, 203635, -0.919556, -0.080078, -0.370850, 1.281738, -4.699707, -0.183106,riding
A, 590102, -0.978027, 0.210449, -0.011108, 0.671387, -2.075195, -5.615236,riding
B, 203655, -0.922363, -0.075195, -0.364014, 1.037598, -4.760742, -0.183106,riding
A, 590122, -0.981567, 0.190674, -0.005005, 1.037598, -2.197266, -5.554201,riding
B, 203675, -0.927734, -0.076416, -0.351196, 1.403809, -4.760742, 0.061035,riding
A, 590142, -0.983154, 0.181396, -0.006104, 0.610352, -2.197266, -5.432129,riding
B, 203695, -0.929565, -0.077393, -0.346680, 0.976563, -4.699707, 0.000000,riding
A, 590162, -0.984131, 0.170776, -0.004883, 0.549316, -2.258301, -5.249023,riding
B, 203715, -0.933350, -0.072144, -0.341431, 0.976563, -4.577637, 0.061035,riding
A, 590182, -0.986938, 0.159668, 0.003174, 0.427246, -2.319336, -5.126953,riding
B, 203735, -0.933960, -0.070190, -0.335938, 0.854492, -4.394531, 0.061035,riding
A, 590202, -0.988892, 0.151001, 0.009521, 0.488281, -2.319336, -4.821777,riding
B, 203755, -0.935791, -0.070801, -0.331665, 0.854492, -4.150391, 0.061035,riding
A, 590222, -0.989502, 0.144287, 0.015259, 0.122070, -2.136230, -4.516602,riding
B, 203775, -0.937744, -0.067627, -0.328003, 0.549316, -3.906251, -0.061035,riding
A, 590242, -0.989990, 0.142090, 0.014526, 0.244141, -2.136230, -4.272461,riding
B, 203795, -0.939941, -0.065063, -0.323120, 0.793457, -3.417970, 0.061035,riding
A, 590262, -0.992798, 0.131592, 0.010742, 0.488281, -2.197266, -3.906251,riding
B, 203815, -0.939819, -0.070313, -0.321289, 0.366211, -3.173829, -0.122070,riding
A, 590282, -0.991211, 0.136841, 0.013306, -0.366211, -1.953125, -3.295899,riding
B, 203835, -0.939819, -0.067871, -0.323364, 0.061035, -2.868653, -0.305176,riding
A, 590302, -0.992798, 0.132080, 0.014893, 0.366211, -2.075195, -3.173829,riding
B, 203855, -0.940674, -0.063477, -0.319458, 0.671387, -2.441406, 0.000000,riding
A, 590322, -0.995361, 0.113037, 0.012573, 0.366211, -2.014160, -2.746582,riding
B, 203875, -0.943726, -0.067993, -0.312500, 0.549316, -2.136230, -0.122070,riding
A, 590342, -0.996338, 0.111206, 0.011108, -0.244141, -1.953125, -2.136230,riding
B, 203895, -0.944702, -0.069214, -0.311768, 0.000000, -1.770020, -0.305176,riding
A, 590362, -0.995117, 0.115112, 0.018555, -0.488281, -1.831055, -1.770020,riding
B, 203915, -0.944580, -0.065063, -0.310181, -0.244141, -1.281738, -0.427246,riding
A, 590382, -0.994507, 0.118042, 0.022095, -0.366211, -1.770020, -1.342773,riding
B, 203935, -0.944702, -0.062012, -0.312744, -0.183106, -0.671387, -0.427246,riding
A, 590402, -0.995117, 0.117310, 0.020874, -0.427246, -1.708985, -1.037598,riding
B, 203955, -0.942993, -0.064087, -0.314331, -0.366211, -0.366211, -0.549316,riding
A, 590422, -0.994263, 0.123291, 0.021362, -0.793457, -1.525879, -0.549316,riding
B, 203975, -0.941528, -0.061523, -0.320313, -0.610352, 0.000000, -0.732422,riding
A, 590442, -0.992676, 0.131470, 0.026855, -0.671387, -1.403809, 0.000000,riding
B, 203995, -0.939575, -0.058594, -0.322021, -0.427246, 0.366211, -0.732422,riding
A, 590462, -0.991821, 0.135376, 0.024780, -0.549316, -1.281738, 0.366211,riding
B, 204015, -0.940552, -0.060059, -0.321655, -0.305176, 0.610352, -0.793457,riding
A, 590482, -0.989258, 0.146606, 0.021973, -1.037598, -1.159668, 0.671387,riding
B, 204035, -0.939331, -0.062866, -0.324829, -0.793457, 0.915528, -1.037598,riding
A, 590502, -0.987061, 0.160645, 0.022583, -0.915528, -1.098633, 0.793457,riding
B, 204055, -0.936523, -0.060303, -0.330566, -0.732422, 1.098633, -1.098633,riding
A, 590522, -0.984863, 0.171753, 0.018311, -0.915528, -0.976563, 0.915528,riding
B, 204075, -0.931519, -0.065552, -0.341675, -0.671387, 1.220703, -1.159668,riding
A, 590542, -0.983032, 0.183716, 0.009521, -0.915528, -0.976563, 1.037598,riding
B, 204095, -0.929443, -0.067139, -0.349365, -0.793457, 1.281738, -1.159668,riding
A, 590562, -0.979980, 0.197144, 0.010864, -1.037598, -0.976563, 1.037598,riding
B, 204115, -0.926880, -0.062378, -0.355347, -0.854492, 1.220703, -1.281738,riding
A, 590582, -0.977661, 0.212280, 0.015991, -0.915528, -0.976563, 0.915528,riding
B, 204135, -0.925659, -0.062378, -0.358521, -0.549316, 1.220703, -1.159668,riding
A, 590602, -0.976318, 0.220947, 0.013794, -0.732422, -0.976563, 0.854492,riding
B, 204155, -0.924072, -0.067749, -0.362061, -0.732422, 0.976563, -1.281738,riding
A, 590622, -0.970093, 0.248413, 0.000854, -0.915528, -0.915528, 0.427246,riding
B, 204175, -0.919434, -0.067383, -0.370361, -0.732422, 0.671387, -1.281738,riding
A, 590642, -0.970215, 0.255371, 0.004517, -0.732422, -1.037598, -0.122070,riding
B, 204195, -0.917358, -0.065186, -0.376709, -0.305176, 0.305176, -1.098633,riding
A, 590662, -0.971069, 0.248901, 0.000854, -0.061035, -1.159668, -0.488281,riding
B, 204215, -0.918457, -0.072266, -0.373413, 0.122070, 0.061035, -0.854492,riding
A, 590682, -0.974976, 0.234253, -0.010010, -0.061035, -1.220703, -0.732422,riding
B, 204235, -0.918579, -0.077393, -0.372192, 0.000000, -0.244141, -0.854492,riding
A, 590702, -0.974365, 0.236084, -0.011597, -0.671387, -1.220703, -0.854492,riding
B, 204255, -0.919800, -0.071899, -0.370117, -0.366211, -0.549316, -0.915528,riding
A, 590722, -0.974121, 0.238159, -0.001709, -0.244141, -1.464844, -1.159668,riding
B, 204275, -0.921631, -0.069214, -0.367310, 0.000000, -0.732422, -0.732422,riding
A, 590742, -0.975098, 0.231323, 0.003906, -0.122070, -1.464844, -1.525879,riding
B, 204295, -0.922852, -0.072021, -0.364014, 0.183106, -0.915528, -0.671387,riding
A, 590762, -0.976318, 0.219482, -0.002075, 0.000000, -1.525879, -1.647950,riding
B, 204315, -0.923218, -0.073486, -0.360962, 0.061035, -1.098633, -0.610352,riding
A, 590782, -0.976440, 0.220093, 0.000244, -0.671387, -1.525879, -1.770020,riding
B, 204335, -0.924194, -0.061890, -0.363403, -0.183106, -1.342773, -0.671387,riding
A, 590802, -0.977295, 0.214966, 0.018188, 0.061035, -1.647950, -2.014160,riding
B, 204355, -0.924438, -0.063721, -0.359863, 0.305176, -1.464844, -0.549316,riding
A, 590822, -0.979370, 0.204590, 0.017822, -0.122070, -1.464844, -2.075195,riding
B, 204375, -0.927002, -0.065796, -0.355225, 0.122070, -1.525879, -0.671387,riding
A, 590842, -0.979736, 0.197632, 0.015625, 0.061035, -1.464844, -2.136230,riding
B, 204395, -0.929443, -0.060547, -0.350342, 0.244141, -1.586915, -0.671387,riding
A, 590862, -0.981079, 0.192627, 0.019043, -0.122070, -1.403809, -2.197266,riding
B, 204415, -0.930420, -0.059692, -0.347046, 0.183106, -1.647950, -0.793457,riding
A, 590882, -0.982544, 0.187500, 0.027344, 0.000000, -1.342773, -2.197266,riding
B, 204435, -0.932007, -0.061523, -0.344238, 0.305176, -1.586915, -0.854492,riding
A, 590902, -0.984253, 0.179321, 0.030273, -0.061035, -1.159668, -2.075195,riding
B, 204455, -0.932617, -0.056030, -0.340698, 0.244141, -1.464844, -1.037598,riding
A, 590922, -0.984741, 0.171021, 0.027466, -0.061035, -1.037598, -1.953125,riding
B, 204475, -0.934326, -0.055664, -0.339844, 0.122070, -1.403809, -1.159668,riding
A, 590942, -0.984375, 0.174194, 0.029175, -0.427246, -0.915528, -1.831055,riding
B, 204495, -0.933472, -0.057373, -0.342407, 0.061035, -1.281738, -1.342773,riding
A, 590962, -0.984131, 0.176758, 0.033325, -0.183106, -0.793457, -1.647950,riding
B, 204515, -0.933105, -0.062378, -0.342407, 0.366211, -1.159668, -1.403809,riding
A, 590982, -0.984985, 0.172485, 0.015015, 0.305176, -0.610352, -1.647950,riding
B, 204535, -0.933716, -0.063843, -0.338501, 0.671387, -1.037598, -1.342773,riding
A, 591002, -0.986572, 0.165771, 0.010864, -0.061035, -0.671387, -1.525879,riding
B, 204555, -0.934570, -0.064697, -0.335693, 0.366211, -0.976563, -1.525879,riding
A, 591022, -0.985962, 0.166260, 0.015991, -0.305176, -0.610352, -1.342773,riding
B, 204575, -0.934204, -0.066284, -0.335815, 0.122070, -0.793457, -1.586915,riding
A, 591042, -0.986816, 0.163330, 0.011230, 0.061035, -0.549316, -1.281738,riding
B, 204595, -0.934814, -0.071533, -0.334595, 0.427246, -0.610352, -1.525879,riding
A, 591062, -0.987915, 0.161621, 0.002075, -0.305176, -0.427246, -0.976563,riding
B, 204615, -0.935181, -0.069458, -0.335815, -0.061035, -0.488281, -1.708985,riding
A, 591082, -0.986694, 0.164429, 0.001343, -0.366211, -0.549316, -0.915528,riding
B, 204635, -0.935181, -0.067139, -0.334229, 0.244141, -0.366211, -1.586915,riding
A, 591102, -0.986816, 0.161499, 0.013062, -0.305176, -0.549316, -0.732422,riding
B, 204655, -0.933838, -0.071899, -0.335571, -0.061035, -0.244141, -1.708985,riding
A, 591122, -0.986694, 0.167236, 0.008911, -0.366211, -0.427246, -0.549316,riding
B, 204675, -0.933594, -0.073242, -0.337036, 0.122070, -0.061035, -1.647950,riding
A, 591142, -0.987061, 0.163330, 0.000366, -0.427246, -0.488281, -0.366211,riding
B, 204695, -0.933716, -0.070923, -0.335571, 0.061035, 0.122070, -1.647950,riding
A, 591162, -0.986816, 0.169800, 0.008179, -1.098633, -0.427246, -0.122070,riding
B, 204715, -0.934204, -0.069580, -0.336304, -0.610352, 0.183106, -1.892090,riding
A, 591182, -0.985352, 0.176392, 0.012329, -0.549316, -0.427246, -0.122070,riding
B, 204735, -0.932495, -0.073853, -0.340576, -0.122070, 0.366211, -1.708985,riding
A, 591202, -0.984863, 0.176514, 0.005005, -0.488281, -0.305176, -0.061035,riding
B, 204755, -0.931519, -0.071777, -0.341919, -0.244141, 0.427246, -1.770020,riding
A, 591222, -0.984009, 0.180786, -0.004150, -0.732422, -0.305176, 0.061035,riding
B, 204775, -0.929565, -0.071411, -0.345581, -0.427246, 0.488281, -1.831055,riding
A, 591242, -0.982544, 0.189087, -0.004028, -0.854492, -0.427246, 0.183106,riding
B, 204795, -0.928711, -0.077026, -0.350098, -0.488281, 0.488281, -1.831055,riding
A, 591262, -0.981689, 0.194824, -0.003662, -0.732422, -0.427246, 0.061035,riding
B, 204815, -0.926636, -0.080078, -0.350586, -0.305176, 0.488281, -1.708985,riding
A, 591282, -0.982300, 0.194336, -0.011963, -0.244141, -0.549316, 0.061035,riding
B, 204835, -0.927612, -0.080566, -0.349121, -0.061035, 0.488281, -1.525879,riding
A, 591302, -0.981934, 0.194580, -0.023682, -0.488281, -0.671387, 0.061035,riding
B, 204855, -0.927002, -0.085083, -0.351807, -0.366211, 0.427246, -1.464844,riding
A, 591322, -0.981079, 0.206177, -0.023071, -0.793457, -0.854492, 0.061035,riding
B, 204875, -0.924927, -0.090088, -0.357056, -0.549316, 0.366211, -1.342773,riding
A, 591342, -0.979736, 0.209961, -0.023193, -0.549316, -0.976563, -0.122070,riding
B, 204895, -0.924927, -0.086914, -0.357788, -0.366211, 0.305176, -1.098633,riding
A, 591362, -0.980591, 0.206421, -0.029419, -0.244141, -1.159668, -0.244141,riding
B, 204915, -0.924561, -0.084229, -0.357178, -0.122070, 0.244141, -0.854492,riding
B, 204935, -0.924561, -0.087402, -0.356934, -0.488281, 0.122070, -0.854492,riding
B, 204955, -0.922974, -0.089478, -0.360229, -0.488281, 0.061035, -0.610352,riding
B, 204975, -0.923462, -0.088379, -0.360962, -0.244141, -0.122070, -0.427246,riding
B, 204995, -0.923584, -0.083008, -0.359375, -0.305176, -0.244141, -0.183106,riding
B, 205015, -0.923096, -0.085449, -0.361572, -0.488281, -0.366211, -0.061035,riding
A, 591382, -0.980835, 0.205933, -0.030029, -0.732422, -1.403809, -0.244141,riding
A, 591402, -0.978271, 0.215210, -0.026123, -0.732422, -1.525879, -0.305176,riding
A, 591422, -0.977417, 0.217407, -0.026733, -0.305176, -1.708985, -0.488281,riding
A, 591442, -0.977905, 0.214233, -0.028198, -0.305176, -1.953125, -0.671387,riding
A, 591462, -0.979004, 0.214600, -0.022949, -0.610352, -2.136230, -0.732422,riding
A, 591482, -0.978516, 0.214966, -0.021118, -0.366211, -2.258301, -0.854492,riding
B, 205035, -0.923096, -0.087891, -0.360596, -0.122070, -0.427246, 0.183106,riding
A, 591502, -0.979736, 0.208130, -0.028687, -0.305176, -2.441406, -0.976563,riding
B, 205055, -0.923096, -0.087158, -0.358765, -0.305176, -0.549316, 0.305176,riding
A, 591522, -0.979004, 0.210693, -0.028320, -0.305176, -2.685547, -1.098633,riding
B, 205075, -0.923706, -0.081909, -0.358276, -0.366211, -0.610352, 0.488281,riding
B, 205095, -0.924194, -0.083984, -0.356323, -0.183106, -0.732422, 0.671387,riding
B, 205115, -0.923462, -0.080811, -0.360107, -0.610352, -0.854492, 0.732422,riding
B, 205135, -0.924316, -0.076904, -0.359497, -0.183106, -0.976563, 0.976563,riding
B, 205155, -0.923706, -0.075073, -0.359863, -0.488281, -1.098633, 0.976563,riding
B, 205175, -0.924316, -0.074951, -0.360840, -0.305176, -1.159668, 1.037598,riding
A, 591542, -0.979980, 0.207642, -0.019287, -0.122070, -2.929688, -1.159668,riding
A, 591562, -0.978882, 0.210449, -0.013550, -0.549316, -2.868653, -1.159668,riding
A, 591582, -0.977661, 0.215332, -0.017212, -0.244141, -2.990724, -1.342773,riding
A, 591602, -0.979126, 0.211914, -0.012085, -0.305176, -3.234864, -1.464844,riding
A, 591622, -0.978882, 0.215820, -0.004028, -0.427246, -3.234864, -1.525879,riding
A, 591642, -0.977295, 0.215820, 0.001831, -0.061035, -3.295899, -1.647950,riding
B, 205195, -0.924561, -0.070435, -0.359863, -0.244141, -1.281738, 1.098633,riding
A, 591662, -0.977295, 0.212646, 0.004028, -0.366211, -3.295899, -1.831055,riding
B, 205215, -0.925415, -0.065430, -0.357910, -0.366211, -1.403809, 1.098633,riding
A, 591682, -0.978760, 0.208374, 0.011230, -0.305176, -3.417970, -1.953125,riding
B, 205235, -0.926147, -0.067139, -0.356567, -0.305176, -1.525879, 1.098633,riding
A, 591702, -0.977295, 0.213135, 0.016602, -0.610352, -3.234864, -2.014160,riding
B, 205255, -0.925171, -0.065063, -0.359619, -0.610352, -1.708985, 0.915528,riding
A, 591722, -0.976685, 0.217407, 0.017456, -0.366211, -3.173829, -2.136230,riding
B, 205275, -0.924805, -0.057739, -0.360718, -0.366211, -1.831055, 0.976563,riding
A, 591742, -0.975830, 0.219360, 0.020630, -0.244141, -3.295899, -2.319336,riding
B, 205295, -0.925049, -0.054810, -0.361206, -0.305176, -1.953125, 0.915528,riding
A, 591762, -0.976196, 0.217529, 0.036865, -0.488281, -3.112794, -2.441406,riding
B, 205315, -0.926147, -0.052979, -0.359985, -0.366211, -2.075195, 0.732422,riding
A, 591782, -0.975830, 0.216797, 0.039551, 0.000000, -2.929688, -2.624512,riding
B, 205335, -0.926880, -0.053223, -0.357910, 0.183106, -2.197266, 0.732422,riding
A, 591802, -0.977295, 0.209717, 0.036377, -0.122070, -2.746582, -2.746582,riding
B, 205355, -0.927856, -0.049683, -0.354614, -0.122070, -2.258301, 0.488281,riding
A, 591822, -0.977417, 0.207642, 0.036255, -0.183106, -2.624512, -2.807618,riding
B, 205375, -0.928589, -0.047119, -0.351440, 0.122070, -2.319336, 0.366211,riding
A, 591842, -0.979370, 0.196777, 0.047119, -0.061035, -2.380371, -2.990724,riding
B, 205395, -0.930542, -0.050415, -0.348755, 0.183106, -2.441406, 0.122070,riding
A, 591862, -0.980957, 0.185181, 0.046631, 0.183106, -2.197266, -3.051759,riding
B, 205415, -0.932983, -0.046875, -0.342285, 0.366211, -2.380371, 0.000000,riding
A, 591882, -0.982300, 0.174927, 0.043335, 0.000000, -2.014160, -2.929688,riding
B, 205435, -0.934570, -0.044678, -0.338867, 0.183106, -2.319336, -0.244141,riding
A, 591902, -0.984375, 0.169556, 0.050171, -0.305176, -1.831055, -2.807618,riding
B, 205455, -0.935669, -0.044678, -0.336182, 0.122070, -2.258301, -0.488281,riding
A, 591922, -0.985229, 0.162842, 0.057251, 0.000000, -1.525879, -2.685547,riding
B, 205475, -0.937500, -0.046021, -0.332275, 0.366211, -2.075195, -0.610352,riding
A, 591942, -0.987427, 0.153320, 0.046509, 0.427246, -1.342773, -2.624512,riding
B, 205495, -0.939819, -0.048218, -0.326416, 0.671387, -1.892090, -0.732422,riding
A, 591962, -0.988770, 0.144531, 0.039307, -0.122070, -1.159668, -2.319336,riding
B, 205515, -0.940308, -0.047241, -0.324585, 0.183106, -1.647950, -1.159668,riding
A, 591982, -0.989014, 0.145508, 0.042358, -0.183106, -0.976563, -2.014160,riding
B, 205535, -0.939941, -0.051392, -0.325806, 0.305176, -1.342773, -1.281738,riding
A, 592002, -0.989380, 0.147339, 0.045654, -0.183106, -0.732422, -1.770020,riding
B, 205555, -0.938843, -0.053101, -0.324707, 0.305176, -1.098633, -1.464844,riding
A, 592022, -0.990479, 0.140259, 0.035156, 0.061035, -0.549316, -1.464844,riding
B, 205575, -0.940063, -0.051758, -0.321777, 0.427246, -0.854492, -1.525879,riding
A, 592042, -0.990112, 0.142822, 0.036865, -0.366211, -0.427246, -1.159668,riding
B, 205595, -0.940186, -0.050781, -0.322632, 0.122070, -0.671387, -1.770020,riding
A, 592062, -0.988770, 0.145996, 0.047119, -0.183106, -0.244141, -0.915528,riding
B, 205615, -0.940186, -0.052368, -0.323853, 0.305176, -0.427246, -1.892090,riding
A, 592082, -0.989136, 0.147339, 0.046875, -0.183106, 0.061035, -0.732422,riding
B, 205635, -0.940063, -0.051392, -0.324951, 0.305176, -0.183106, -2.075195,riding
A, 592102, -0.988525, 0.146484, 0.034424, 0.061035, 0.183106, -0.549316,riding
B, 205655, -0.940063, -0.052002, -0.324585, 0.488281, 0.183106, -2.197266,riding
A, 592122, -0.988892, 0.144043, 0.030396, -0.122070, 0.244141, -0.244141,riding
B, 205675, -0.940552, -0.057373, -0.325195, 0.305176, 0.366211, -2.441406,riding
A, 592142, -0.988647, 0.145752, 0.030762, -0.122070, 0.427246, 0.000000,riding
B, 205695, -0.938354, -0.061768, -0.325684, 0.427246, 0.610352, -2.502441,riding
A, 592162, -0.989380, 0.146118, 0.025635, -0.122070, 0.549316, 0.244141,riding
B, 205715, -0.938354, -0.061768, -0.324707, 0.244141, 0.854492, -2.624512,riding
A, 592182, -0.989258, 0.149292, 0.016846, -0.366211, 0.610352, 0.488281,riding
B, 205735, -0.938232, -0.061279, -0.326538, 0.061035, 0.976563, -2.685547,riding
A, 592202, -0.988037, 0.156250, 0.015015, -0.427246, 0.671387, 0.732422,riding
B, 205755, -0.936401, -0.067017, -0.329834, 0.061035, 1.220703, -2.746582,riding
A, 592222, -0.986572, 0.162476, 0.015991, -0.732422, 0.793457, 0.915528,riding
B, 205775, -0.934326, -0.069092, -0.334717, -0.244141, 1.403809, -2.990724,riding
A, 592242, -0.985229, 0.170410, 0.006470, -0.610352, 0.854492, 1.098633,riding
B, 205795, -0.932983, -0.067749, -0.338135, -0.122070, 1.525879, -2.868653,riding
A, 592262, -0.984741, 0.173340, -0.001831, -0.488281, 0.732422, 1.098633,riding
B, 205815, -0.932251, -0.072144, -0.339600, -0.061035, 1.647950, -2.807618,riding
A, 592282, -0.984741, 0.173950, -0.003662, -0.488281, 0.671387, 1.220703,riding
B, 205835, -0.931396, -0.078125, -0.340210, -0.122070, 1.708985, -2.807618,riding
A, 592302, -0.984131, 0.177124, -0.004272, -0.549316, 0.671387, 1.342773,riding
B, 205855, -0.931641, -0.079468, -0.341553, -0.183106, 1.770020, -2.746582,riding
A, 592322, -0.984497, 0.180054, -0.008179, -0.854492, 0.732422, 1.403809,riding
B, 205875, -0.929688, -0.076538, -0.343506, -0.549316, 1.831055, -2.807618,riding
A, 592342, -0.982788, 0.188599, -0.012939, -1.098633, 0.610352, 1.464844,riding
B, 205895, -0.928711, -0.079834, -0.347412, -0.610352, 1.892090, -2.685547,riding
A, 592362, -0.982422, 0.193970, -0.020508, -0.671387, 0.427246, 1.464844,riding
B, 205915, -0.925415, -0.091675, -0.354370, -0.427246, 1.831055, -2.441406,riding
A, 592382, -0.979248, 0.206787, -0.033203, -1.037598, 0.305176, 1.525879,riding
B, 205935, -0.923096, -0.089722, -0.358032, -0.793457, 1.770020, -2.380371,riding
A, 592402, -0.978882, 0.218384, -0.037231, -1.098633, 0.000000, 1.342773,riding
B, 205955, -0.921997, -0.088867, -0.362427, -0.732422, 1.647950, -2.197266,riding
A, 592422, -0.976440, 0.226563, -0.035889, -1.037598, -0.244141, 1.220703,riding
B, 205975, -0.920044, -0.093872, -0.366821, -0.793457, 1.464844, -1.953125,riding
A, 592442, -0.974243, 0.234375, -0.039795, -0.854492, -0.427246, 0.915528,riding
B, 205995, -0.918213, -0.096680, -0.370117, -0.671387, 1.342773, -1.708985,riding
A, 592462, -0.975220, 0.237671, -0.046387, -0.610352, -0.671387, 0.732422,riding
B, 206015, -0.917725, -0.094971, -0.372192, -0.488281, 1.098633, -1.342773,riding
A, 592482, -0.975098, 0.238159, -0.055908, -0.244141, -1.098633, 0.427246,riding
B, 206035, -0.916992, -0.096436, -0.374023, -0.122070, 0.915528, -0.976563,riding
A, 592502, -0.974731, 0.238403, -0.053345, -0.488281, -1.403809, 0.244141,riding
B, 206055, -0.916382, -0.102051, -0.376709, -0.549316, 0.488281, -0.671387,riding
A, 592522, -0.973389, 0.244385, -0.045044, -0.793457, -1.586915, 0.122070,riding
B, 206075, -0.916260, -0.094360, -0.377808, -0.732422, 0.183106, -0.488281,riding
A, 592542, -0.972412, 0.253174, -0.044189, -0.427246, -2.075195, -0.488281,riding
B, 206095, -0.915405, -0.091309, -0.378906, -0.366211, -0.061035, -0.122070,riding
A, 592562, -0.971680, 0.250610, -0.043457, -0.244141, -2.380371, -0.793457,riding
B, 206115, -0.914673, -0.094116, -0.378540, -0.244141, -0.366211, 0.183106,riding
A, 592582, -0.972290, 0.251221, -0.037842, -0.366211, -2.563477, -1.098633,riding
B, 206135, -0.915039, -0.094482, -0.379517, -0.366211, -0.671387, 0.366211,riding
A, 592602, -0.972534, 0.248413, -0.037354, -0.061035, -2.807618, -1.403809,riding
B, 206155, -0.914795, -0.091309, -0.379395, -0.122070, -0.976563, 0.610352,riding
A, 592622, -0.971313, 0.251465, -0.039429, -0.427246, -2.990724, -1.647950,riding
B, 206175, -0.914917, -0.088867, -0.380981, -0.488281, -1.403809, 0.854492,riding
A, 592642, -0.970825, 0.256104, -0.033936, -0.244141, -3.295899, -1.953125,riding
B, 206195, -0.914917, -0.086182, -0.380371, -0.244141, -1.708985, 1.159668,riding
A, 592662, -0.971436, 0.252441, -0.024902, -0.061035, -3.479005, -2.380371,riding
B, 206215, -0.916138, -0.084839, -0.377808, 0.000000, -2.014160, 1.403809,riding
A, 592682, -0.971802, 0.248047, -0.024780, 0.183106, -3.662110, -2.746582,riding
B, 206235, -0.917969, -0.082642, -0.375000, 0.122070, -2.258301, 1.525879,riding
A, 592702, -0.974243, 0.234375, -0.016846, 0.183106, -3.845216, -2.990724,riding
B, 206255, -0.919678, -0.076294, -0.369873, 0.122070, -2.502441, 1.647950,riding
A, 592722, -0.977051, 0.213745, 0.001099, 0.183106, -4.028320, -3.234864,riding
B, 206275, -0.922852, -0.076172, -0.363892, 0.183106, -2.624512, 1.770020,riding
A, 592742, -0.978638, 0.211426, 0.017944, -0.671387, -3.784181, -3.234864,riding
B, 206295, -0.924316, -0.067871, -0.359863, -0.549316, -2.807618, 1.464844,riding
A, 592762, -0.977051, 0.212036, 0.030518, -0.366211, -3.723145, -3.295899,riding
B, 206315, -0.927734, -0.051758, -0.356812, -0.183106, -2.990724, 1.403809,riding
A, 592782, -0.977539, 0.205322, 0.038452, 0.061035, -3.662110, -3.479005,riding
B, 206335, -0.928345, -0.051880, -0.354248, 0.000000, -2.929688, 1.342773,riding
A, 592802, -0.979492, 0.197632, 0.041992, 0.000000, -3.417970, -3.540040,riding
B, 206355, -0.929810, -0.052490, -0.349854, 0.000000, -2.929688, 1.098633,riding
A, 592822, -0.981689, 0.184326, 0.050171, -0.122070, -3.112794, -3.479005,riding
B, 206375, -0.932251, -0.046509, -0.343506, -0.061035, -2.868653, 0.793457,riding
A, 592842, -0.983521, 0.172485, 0.051880, -0.061035, -2.929688, -3.417970,riding
B, 206395, -0.934204, -0.045044, -0.337646, 0.122070, -2.807618, 0.671387,riding
A, 592862, -0.985596, 0.164307, 0.051514, 0.000000, -2.685547, -3.234864,riding
B, 206415, -0.936523, -0.047729, -0.335205, 0.183106, -2.624512, 0.366211,riding
A, 592882, -0.986694, 0.153931, 0.054688, -0.122070, -2.380371, -2.990724,riding
B, 206435, -0.937012, -0.046265, -0.332397, 0.000000, -2.380371, -0.061035,riding
A, 592902, -0.985962, 0.157837, 0.058960, -0.366211, -1.953125, -2.624512,riding
B, 206455, -0.936646, -0.042480, -0.333374, -0.061035, -2.197266, -0.305176,riding
A, 592922, -0.984375, 0.167114, 0.060791, -0.305176, -1.708985, -2.502441,riding
B, 206475, -0.937012, -0.040405, -0.334473, 0.061035, -2.014160, -0.549316,riding
A, 592942, -0.985229, 0.161377, 0.060791, 0.183106, -1.464844, -2.441406,riding
B, 206495, -0.938477, -0.043213, -0.331543, 0.488281, -1.831055, -0.671387,riding
A, 592962, -0.986694, 0.156250, 0.058472, -0.122070, -1.037598, -2.197266,riding
B, 206515, -0.938354, -0.045288, -0.329712, 0.244141, -1.647950, -1.098633,riding
A, 592982, -0.985352, 0.160889, 0.055298, -0.183106, -0.854492, -2.014160,riding
B, 206535, -0.937622, -0.041992, -0.331421, 0.244141, -1.525879, -1.342773,riding
A, 593002, -0.987183, 0.158325, 0.051025, 0.244141, -0.671387, -2.075195,riding
B, 206555, -0.937378, -0.046387, -0.331055, 0.671387, -1.281738, -1.464844,riding
A, 593022, -0.989502, 0.146729, 0.039429, 0.488281, -0.427246, -1.770020,riding
B, 206575, -0.939209, -0.057251, -0.325684, 0.793457, -0.915528, -1.647950,riding
A, 593042, -0.990112, 0.140015, 0.027222, 0.305176, -0.305176, -1.464844,riding
B, 206595, -0.940308, -0.058960, -0.321289, 0.610352, -0.671387, -1.831055,riding
A, 593062, -0.990845, 0.134888, 0.026123, 0.000000, -0.122070, -0.915528,riding
B, 206615, -0.941528, -0.058105, -0.319946, 0.427246, -0.366211, -2.014160,riding
A, 593082, -0.990234, 0.141113, 0.033691, -0.244141, 0.061035, -0.610352,riding
B, 206635, -0.940063, -0.058594, -0.322144, 0.244141, -0.122070, -2.136230,riding
A, 593102, -0.988770, 0.147461, 0.029785, -0.061035, 0.183106, -0.488281,riding
B, 206655, -0.940674, -0.057983, -0.323486, 0.488281, 0.122070, -2.197266,riding
A, 593122, -0.990479, 0.139526, 0.022461, 0.488281, 0.183106, -0.305176,riding
B, 206675, -0.939331, -0.060913, -0.323242, 0.854492, 0.427246, -2.136230,riding
A, 593142, -0.990967, 0.139526, 0.021973, -0.122070, 0.366211, 0.061035,riding
B, 206695, -0.938477, -0.062134, -0.325562, 0.366211, 0.610352, -2.441406,riding
A, 593162, -0.989380, 0.145752, 0.019775, 0.122070, 0.427246, 0.366211,riding
B, 206715, -0.937988, -0.067627, -0.328613, 0.610352, 1.037598, -2.441406,riding
A, 593182, -0.989624, 0.149292, 0.015015, -0.061035, 0.549316, 0.671387,riding
B, 206735, -0.936768, -0.069458, -0.329834, 0.183106, 1.159668, -2.624512,riding
A, 593202, -0.987793, 0.160156, 0.004639, -0.244141, 0.610352, 0.854492,riding
B, 206755, -0.934937, -0.070190, -0.331177, 0.305176, 1.403809, -2.563477,riding
A, 593222, -0.986816, 0.162598, -0.000977, 0.000000, 0.549316, 0.976563,riding
B, 206775, -0.934570, -0.077393, -0.333130, 0.305176, 1.525879, -2.502441,riding
A, 593242, -0.986694, 0.168335, -0.002808, -0.610352, 0.549316, 1.220703,riding
B, 206795, -0.932495, -0.079346, -0.337402, -0.122070, 1.586915, -2.685547,riding
A, 593262, -0.983887, 0.177490, -0.006104, -0.793457, 0.610352, 1.281738,riding
B, 206815, -0.931641, -0.075317, -0.342285, -0.427246, 1.708985, -2.746582,riding
A, 593282, -0.984375, 0.180420, -0.012817, -0.061035, 0.366211, 1.403809,riding
B, 206835, -0.929077, -0.081177, -0.346802, 0.122070, 1.892090, -2.380371,riding
A, 593302, -0.983887, 0.183350, -0.011230, -0.915528, 0.488281, 1.586915,riding
B, 206855, -0.927124, -0.085083, -0.349609, -0.854492, 1.831055, -2.746582,riding
A, 593322, -0.981323, 0.202271, -0.010864, -1.586915, 0.488281, 1.586915,riding
B, 206875, -0.925415, -0.081055, -0.354248, -0.976563, 1.770020, -2.624512,riding
A, 593342, -0.979004, 0.212524, -0.013916, -0.671387, 0.305176, 1.403809,riding
B, 206895, -0.924805, -0.080688, -0.356445, -0.183106, 1.770020, -2.258301,riding
A, 593362, -0.978638, 0.215820, -0.020752, -0.549316, 0.183106, 1.220703,riding
B, 206915, -0.923096, -0.086792, -0.362183, -0.427246, 1.586915, -2.258301,riding
A, 593382, -0.976440, 0.223633, -0.032959, -0.793457, 0.061035, 1.037598,riding
B, 206935, -0.921143, -0.091187, -0.365845, -0.366211, 1.525879, -2.075195,riding
A, 593402, -0.978027, 0.220215, -0.037720, -0.244141, -0.305176, 0.915528,riding
B, 206955, -0.921509, -0.094482, -0.366821, -0.122070, 1.403809, -1.770020,riding
A, 593422, -0.978027, 0.221191, -0.039307, -0.854492, -0.427246, 0.915528,riding
B, 206975, -0.919434, -0.093384, -0.367432, -0.610352, 1.159668, -1.647950,riding
A, 593442, -0.977295, 0.226929, -0.037842, -0.793457, -0.732422, 0.671387,riding
B, 206995, -0.919189, -0.093872, -0.367554, -0.549316, 0.976563, -1.403809,riding
A, 593462, -0.975220, 0.233521, -0.037720, -0.671387, -0.976563, 0.427246,riding
B, 207015, -0.919678, -0.095093, -0.369019, -0.488281, 0.854492, -1.159668,riding
A, 593482, -0.975342, 0.234253, -0.034912, -0.671387, -1.098633, 0.305176,riding
B, 207035, -0.919067, -0.093872, -0.371094, -0.549316, 0.549316, -0.976563,riding
A, 593502, -0.974243, 0.237061, -0.040649, -0.732422, -1.281738, -0.061035,riding
B, 207055, -0.917114, -0.092896, -0.374023, -0.549316, 0.427246, -0.793457,riding
A, 593522, -0.975586, 0.234985, -0.044922, -0.366211, -1.647950, -0.183106,riding
B, 207075, -0.917358, -0.097046, -0.374023, -0.244141, 0.244141, -0.488281,riding
A, 593542, -0.977173, 0.231689, -0.046753, -0.427246, -1.831055, -0.305176,riding
B, 207095, -0.916870, -0.099243, -0.373901, -0.488281, -0.122070, -0.183106,riding
A, 593562, -0.976074, 0.234741, -0.044434, -0.549316, -2.075195, -0.549316,riding
B, 207115, -0.918213, -0.092285, -0.373291, -0.610352, -0.305176, 0.000000,riding
A, 593582, -0.974854, 0.239624, -0.035645, -0.671387, -2.319336, -0.732422,riding
B, 207135, -0.918457, -0.089844, -0.372803, -0.427246, -0.488281, 0.244141,riding
A, 593602, -0.975464, 0.233887, -0.026855, -0.244141, -2.624512, -1.098633,riding
B, 207155, -0.919067, -0.089966, -0.370728, -0.305176, -0.671387, 0.488281,riding
A, 593622, -0.975708, 0.233276, -0.026489, -0.610352, -2.746582, -1.342773,riding
B, 207175, -0.918457, -0.088623, -0.372681, -0.549316, -0.915528, 0.488281,riding
A, 593642, -0.974854, 0.229492, -0.028687, -0.061035, -2.990724, -1.525879,riding
B, 207195, -0.919678, -0.085449, -0.371826, -0.122070, -1.037598, 0.854492,riding
A, 593662, -0.977295, 0.222778, -0.023315, -0.305176, -3.173829, -1.647950,riding
B, 207215, -0.920166, -0.085571, -0.370361, -0.366211, -1.159668, 0.915528,riding
A, 593682, -0.976685, 0.225098, -0.016479, -0.610352, -3.173829, -1.708985,riding
B, 207235, -0.922119, -0.081055, -0.367188, -0.427246, -1.342773, 1.037598,riding
A, 593702, -0.976074, 0.221680, -0.013306, -0.061035, -3.356935, -1.953125,riding
B, 207255, -0.922974, -0.080078, -0.362183, 0.000000, -1.464844, 1.281738,riding
A, 593722, -0.978760, 0.211792, -0.010742, -0.061035, -3.479005, -1.953125,riding
B, 207275, -0.924316, -0.078613, -0.360596, -0.488281, -1.586915, 1.159668,riding
A, 593742, -0.977783, 0.214478, -0.005859, -0.610352, -3.417970, -2.075195,riding
B, 207295, -0.923584, -0.075073, -0.362427, -0.488281, -1.647950, 1.159668,riding
A, 593762, -0.980225, 0.213379, -0.004883, 0.244141, -3.662110, -2.258301,riding
B, 207315, -0.924072, -0.074951, -0.361328, 0.061035, -1.647950, 1.464844,riding
A, 593782, -0.981812, 0.197632, -0.005127, -0.305176, -3.601075, -2.136230,riding
B, 207335, -0.925537, -0.075562, -0.357300, -0.305176, -1.708985, 1.281738,riding
A, 593802, -0.982056, 0.196289, -0.002808, -0.305176, -3.662110, -2.197266,riding
B, 207355, -0.926514, -0.071899, -0.354492, -0.427246, -1.708985, 1.342773,riding
A, 593822, -0.982178, 0.189453, -0.000854, 0.000000, -3.723145, -2.075195,riding
B, 207375, -0.930420, -0.074829, -0.349243, -0.305176, -1.647950, 1.525879,riding
A, 593842, -0.983032, 0.187744, 0.003540, -0.610352, -3.662110, -2.014160,riding
B, 207395, -0.928955, -0.069092, -0.350098, -0.915528, -1.647950, 1.342773,riding
A, 593862, -0.981567, 0.193970, 0.017456, -1.037598, -3.540040, -1.953125,riding
B, 207415, -0.930054, -0.059448, -0.351074, -0.976563, -1.647950, 1.159668,riding
A, 593882, -0.980591, 0.196411, 0.022461, -0.305176, -3.662110, -2.075195,riding
B, 207435, -0.929321, -0.058960, -0.351807, -0.305176, -1.586915, 1.403809,riding
A, 593902, -0.981445, 0.187622, 0.027100, -0.366211, -3.479005, -2.014160,riding
B, 207455, -0.928833, -0.059448, -0.350830, -0.610352, -1.525879, 1.159668,riding
A, 593922, -0.981689, 0.187622, 0.032959, -0.549316, -3.356935, -1.831055,riding
B, 207475, -0.930908, -0.051270, -0.350464, -0.671387, -1.525879, 0.976563,riding
A, 593942, -0.981567, 0.186279, 0.045898, -0.366211, -3.173829, -1.708985,riding
B, 207495, -0.932251, -0.048096, -0.347168, -0.366211, -1.403809, 0.793457,riding
A, 593962, -0.981445, 0.185181, 0.049438, -0.671387, -2.807618, -1.708985,riding
B, 207515, -0.930786, -0.048096, -0.347168, -0.610352, -1.342773, 0.488281,riding
A, 593982, -0.980225, 0.192993, 0.055542, -0.854492, -2.563477, -1.647950,riding
B, 207535, -0.931641, -0.041870, -0.349365, -0.732422, -1.342773, 0.244141,riding
A, 594002, -0.978638, 0.197388, 0.063354, -0.610352, -2.319336, -1.647950,riding
B, 207555, -0.931396, -0.037231, -0.351318, -0.427246, -1.281738, 0.000000,riding
A, 594022, -0.979858, 0.195557, 0.067749, -0.366211, -2.075195, -1.831055,riding
B, 207575, -0.930786, -0.037598, -0.351440, -0.122070, -1.220703, -0.183106,riding
A, 594042, -0.980713, 0.186523, 0.072388, -0.366211, -1.708985, -1.708985,riding
B, 207595, -0.931519, -0.036377, -0.348022, -0.122070, -1.220703, -0.549316,riding
A, 594062, -0.981445, 0.186523, 0.068970, -0.366211, -1.342773, -1.647950,riding
B, 207615, -0.932007, -0.035767, -0.347534, 0.000000, -1.098633, -0.854492,riding
A, 594082, -0.982056, 0.183960, 0.060303, -0.122070, -1.098633, -1.525879,riding
B, 207635, -0.931396, -0.041992, -0.346802, 0.061035, -1.037598, -1.281738,riding
A, 594102, -0.980835, 0.188354, 0.057739, -0.366211, -0.793457, -1.403809,riding
B, 207655, -0.932495, -0.040527, -0.347412, 0.122070, -0.976563, -1.525879,riding
A, 594122, -0.981567, 0.185303, 0.059448, 0.061035, -0.427246, -1.525879,riding
B, 207675, -0.932739, -0.040771, -0.345215, 0.488281, -0.915528, -1.647950,riding
A, 594142, -0.982788, 0.175659, 0.055786, 0.000000, -0.122070, -1.525879,riding
B, 207695, -0.933472, -0.042847, -0.342407, 0.488281, -0.793457, -1.953125,riding
A, 594162, -0.984009, 0.172363, 0.053467, -0.061035, 0.061035, -1.220703,riding
B, 207715, -0.934082, -0.045532, -0.342163, 0.427246, -0.732422, -2.197266,riding
A, 594182, -0.984131, 0.173340, 0.046021, 0.122070, 0.366211, -1.159668,riding
B, 207735, -0.933228, -0.047607, -0.342041, 0.732422, -0.549316, -2.319336,riding
A, 594202, -0.984741, 0.170898, 0.034546, 0.366211, 0.427246, -0.915528,riding
B, 207755, -0.933960, -0.054077, -0.341064, 0.671387, -0.366211, -2.563477,riding
A, 594222, -0.983643, 0.178101, 0.027832, 0.000000, 0.610352, -0.854492,riding
B, 207775, -0.932617, -0.056030, -0.342896, 0.610352, -0.305176, -2.685547,riding
A, 594242, -0.982544, 0.182983, 0.034546, 0.061035, 0.671387, -0.793457,riding
B, 207795, -0.933105, -0.053101, -0.343628, 0.671387, -0.183106, -2.868653,riding
A, 594262, -0.983154, 0.181641, 0.042847, 0.122070, 0.915528, -0.793457,riding
B, 207815, -0.934082, -0.052490, -0.341431, 0.915528, -0.061035, -2.929688,riding
A, 594282, -0.984497, 0.171143, 0.035400, 0.793457, 0.976563, -0.793457,riding
B, 207835, -0.935181, -0.056885, -0.338135, 1.403809, 0.122070, -2.868653,riding
A, 594302, -0.987671, 0.160522, 0.025513, 0.183106, 1.220703, -0.366211,riding
B, 207855, -0.934082, -0.060913, -0.339111, 0.854492, 0.244141, -3.295899,riding
A, 594322, -0.986328, 0.163574, 0.024902, 0.305176, 1.403809, -0.122070,riding
B, 207875, -0.934326, -0.061279, -0.339722, 0.915528, 0.488281, -3.356935,riding
A, 594342, -0.986938, 0.162354, 0.025635, 0.366211, 1.525879, 0.061035,riding
B, 207895, -0.934326, -0.064209, -0.337036, 0.976563, 0.732422, -3.540040,riding
A, 594362, -0.986938, 0.164551, 0.017090, 0.427246, 1.586915, 0.183106,riding
B, 207915, -0.933960, -0.068237, -0.335938, 1.220703, 0.915528, -3.479005,riding
A, 594382, -0.986816, 0.161133, 0.008545, 0.732422, 1.586915, 0.366211,riding
B, 207935, -0.934570, -0.073853, -0.334839, 1.159668, 1.159668, -3.601075,riding
A, 594402, -0.989014, 0.155273, 0.005737, 0.061035, 1.770020, 0.610352,riding
B, 207955, -0.934204, -0.077148, -0.336426, 0.549316, 1.281738, -3.784181,riding
A, 594422, -0.987549, 0.159302, -0.005737, 0.000000, 1.770020, 0.793457,riding
B, 207975, -0.932617, -0.080933, -0.338013, 0.732422, 1.525879, -3.662110,riding
A, 594442, -0.987183, 0.163818, -0.012695, -0.122070, 1.708985, 1.159668,riding
B, 207995, -0.930542, -0.085571, -0.343384, 0.244141, 1.647950, -3.784181,riding
A, 594462, -0.983154, 0.188721, -0.019409, -0.976563, 1.770020, 1.464844,riding
B, 208015, -0.926636, -0.086426, -0.350098, -0.366211, 1.708985, -3.906251,riding
A, 594482, -0.979736, 0.202393, -0.020752, -0.610352, 1.586915, 1.342773,riding
B, 208035, -0.924683, -0.087891, -0.357544, 0.122070, 1.831055, -3.540040,riding
A, 594502, -0.978760, 0.208618, -0.030884, 0.244141, 1.342773, 1.220703,riding
B, 208055, -0.922607, -0.092773, -0.359741, 0.854492, 1.831055, -3.173829,riding
A, 594522, -0.979614, 0.207886, -0.047241, 0.671387, 1.098633, 1.159668,riding
B, 208075, -0.922363, -0.101929, -0.361694, 1.098633, 1.831055, -2.807618,riding
A, 594542, -0.980591, 0.204590, -0.060303, 0.305176, 0.854492, 1.220703,riding
B, 208095, -0.920288, -0.110596, -0.363037, 0.488281, 1.708985, -2.807618,riding
A, 594562, -0.979004, 0.219116, -0.064209, -0.976563, 0.732422, 1.281738,riding
B, 208115, -0.917847, -0.111206, -0.368652, -0.671387, 1.464844, -2.929688,riding
A, 594582, -0.975830, 0.238281, -0.068115, -1.403809, 0.488281, 1.159668,riding
B, 208135, -0.917114, -0.109863, -0.373535, -0.854492, 1.342773, -2.624512,riding
A, 594602, -0.975708, 0.238037, -0.078491, -0.305176, -0.061035, 0.610352,riding
B, 208155, -0.917480, -0.115845, -0.368774, 0.366211, 1.220703, -1.525879,riding
A, 594622, -0.978638, 0.219116, -0.077881, -0.122070, -0.549316, 0.488281,riding
B, 208175, -0.917114, -0.119629, -0.369995, -0.671387, 1.037598, -1.586915,riding
A, 594642, -0.978516, 0.220947, -0.069336, -1.464844, -0.854492, 0.549316,riding
B, 208195, -0.917358, -0.112671, -0.372559, -1.220703, 0.915528, -1.403809,riding
A, 594662, -0.978760, 0.223389, -0.062500, -0.915528, -1.220703, 0.488281,riding
B, 208215, -0.917236, -0.107056, -0.373169, -0.793457, 0.793457, -0.915528,riding
A, 594682, -0.977295, 0.226196, -0.058838, -1.220703, -1.525879, 0.488281,riding
B, 208235, -0.917603, -0.105835, -0.373901, -1.098633, 0.671387, -0.732422,riding
A, 594702, -0.974854, 0.237793, -0.052124, -1.647950, -1.708985, 0.366211,riding
B, 208255, -0.914917, -0.105103, -0.377319, -1.525879, 0.427246, -0.671387,riding
A, 594722, -0.972290, 0.252686, -0.046387, -1.831055, -1.892090, 0.061035,riding
B, 208275, -0.912720, -0.101929, -0.381470, -1.708985, 0.244141, -0.488281,riding
A, 594742, -0.971069, 0.256836, -0.041748, -0.854492, -2.258301, -0.366211,riding
B, 208295, -0.913818, -0.094971, -0.383179, -0.671387, -0.061035, 0.183106,riding
A, 594762, -0.972168, 0.247070, -0.037354, -0.549316, -2.502441, -0.671387,riding
B, 208315, -0.914429, -0.095093, -0.382690, -0.610352, -0.244141, 0.366211,riding
A, 594782, -0.974121, 0.239258, -0.038208, -0.549316, -2.624512, -0.793457,riding
B, 208335, -0.913208, -0.098389, -0.381348, -0.549316, -0.488281, 0.488281,riding
A, 594802, -0.974121, 0.240234, -0.038086, -0.610352, -2.807618, -0.854492,riding
B, 208355, -0.913208, -0.095947, -0.384888, -0.915528, -0.732422, 0.549316,riding
A, 594822, -0.970093, 0.260376, -0.031738, -0.915528, -2.990724, -1.220703,riding
B, 208375, -0.913696, -0.089600, -0.385864, -1.037598, -0.915528, 0.671387,riding
A, 594842, -0.972046, 0.252075, -0.032715, 0.610352, -3.417970, -1.831055,riding
B, 208395, -0.914917, -0.089355, -0.380493, 0.366211, -1.098633, 1.281738,riding
A, 594862, -0.976563, 0.229614, -0.029663, 0.427246, -3.540040, -1.953125,riding
B, 208415, -0.917847, -0.095459, -0.374023, -15.258793, -1.403809, 1.281738,riding
A, 594882, -0.976929, 0.226685, -0.030762, -0.427246, -3.479005, -1.953125,riding
B, 208435, -0.916870, -0.089966, -0.373535, -0.366211, -1.586915, 1.403809,riding
A, 594902, -0.976929, 0.220215, -0.030640, 0.427246, -3.845216, -2.197266,riding
B, 208455, -0.920654, -0.088257, -0.369263, 0.305176, -1.525879, 1.831055,riding
A, 594922, -0.980469, 0.204102, -0.028687, 0.427246, -4.028320, -2.136230,riding
B, 208475, -0.921509, -0.092163, -0.364380, 0.122070, -1.586915, 1.892090,riding
A, 594942, -0.982300, 0.197510, -0.029907, 0.183106, -4.089355, -2.014160,riding
B, 208495, -0.923462, -0.092407, -0.359497, -0.061035, -1.586915, 2.014160,riding
A, 594962, -0.981689, 0.197144, -0.025269, -0.061035, -4.150391, -1.892090,riding
B, 208515, -0.924072, -0.089478, -0.358032, -0.488281, -1.586915, 1.953125,riding
A, 594982, -0.980347, 0.204224, -0.021973, -0.610352, -4.211426, -1.892090,riding
B, 208535, -0.924805, -0.083130, -0.358643, -0.793457, -1.525879, 1.953125,riding
A, 595002, -0.980103, 0.204346, -0.011475, -0.366211, -4.455566, -1.953125,riding
B, 208555, -0.923706, -0.082153, -0.360229, -0.671387, -1.586915, 2.136230,riding
A, 595022, -0.979736, 0.205811, -0.006592, -0.732422, -4.455566, -1.892090,riding
B, 208575, -0.922485, -0.077637, -0.365723, -1.037598, -1.586915, 2.075195,riding
A, 595042, -0.977173, 0.213257, -0.002686, -0.854492, -4.394531, -1.831055,riding
B, 208595, -0.921021, -0.071167, -0.367920, -1.098633, -1.586915, 2.075195,riding
A, 595062, -0.976563, 0.214844, 0.004639, -0.549316, -4.516602, -1.953125,riding
B, 208615, -0.922852, -0.067017, -0.366699, -0.793457, -1.647950, 2.136230,riding
A, 595082, -0.977417, 0.213989, 0.012207, -0.549316, -4.516602, -1.953125,riding
B, 208635, -0.924194, -0.066895, -0.363770, -0.854492, -1.708985, 2.136230,riding
A, 595102, -0.977661, 0.211914, 0.014282, -0.549316, -4.394531, -2.075195,riding
B, 208655, -0.924805, -0.066650, -0.361328, -0.793457, -1.770020, 2.075195,riding
A, 595122, -0.978638, 0.208374, 0.016602, -0.671387, -4.333496, -2.136230,riding
B, 208675, -0.926636, -0.062256, -0.359375, -0.915528, -1.770020, 2.014160,riding
A, 595142, -0.979248, 0.205688, 0.021973, -0.732422, -4.272461, -2.136230,riding
B, 208695, -0.926758, -0.056396, -0.360352, -0.732422, -1.708985, 1.953125,riding
A, 595162, -0.981445, 0.192871, 0.031006, -0.305176, -4.211426, -2.136230,riding
B, 208715, -0.928101, -0.056885, -0.356934, -0.488281, -1.708985, 1.892090,riding
A, 595182, -0.981323, 0.190674, 0.036377, -0.671387, -3.967286, -1.953125,riding
B, 208735, -0.929077, -0.052856, -0.356323, -0.793457, -1.708985, 1.586915,riding
A, 595202, -0.980591, 0.195923, 0.041748, -0.671387, -3.845216, -1.953125,riding
B, 208755, -0.928467, -0.046265, -0.354980, -0.732422, -1.647950, 1.464844,riding
A, 595222, -0.979736, 0.196655, 0.045776, -0.305176, -3.723145, -1.953125,riding
B, 208775, -0.930176, -0.047485, -0.351807, -0.427246, -1.525879, 1.403809,riding
A, 595242, -0.981323, 0.187500, 0.050781, -0.244141, -3.417970, -1.953125,riding
B, 208795, -0.930908, -0.046875, -0.349243, -0.366211, -1.464844, 1.220703,riding
A, 595262, -0.980957, 0.182861, 0.054199, -0.305176, -3.173829, -1.831055,riding
B, 208815, -0.931641, -0.041016, -0.349731, -0.427246, -1.342773, 0.793457,riding
A, 595282, -0.981689, 0.183716, 0.053589, -0.366211, -2.990724, -1.708985,riding
B, 208835, -0.931274, -0.041138, -0.350586, -0.366211, -1.220703, 0.671387,riding
A, 595302, -0.981567, 0.185181, 0.057251, -0.427246, -2.746582, -1.586915,riding
B, 208855, -0.931274, -0.039795, -0.350098, -0.366211, -1.098633, 0.366211,riding
A, 595322, -0.981689, 0.183960, 0.065552, -0.549316, -2.441406, -1.464844,riding
B, 208875, -0.932739, -0.034912, -0.349121, -0.366211, -1.037598, 0.122070,riding
A, 595342, -0.980957, 0.184937, 0.072144, -0.488281, -1.953125, -1.281738,riding
B, 208895, -0.932129, -0.032715, -0.348877, -0.305176, -0.915528, -0.244141,riding
A, 595362, -0.980103, 0.189453, 0.070313, -0.427246, -1.586915, -1.220703,riding
B, 208915, -0.932739, -0.033813, -0.349243, -0.183106, -0.854492, -0.549316,riding
A, 595382, -0.979370, 0.190063, 0.071777, -0.366211, -1.281738, -1.281738,riding
B, 208935, -0.931152, -0.033813, -0.350586, -0.122070, -0.732422, -0.854492,riding
A, 595402, -0.979736, 0.187622, 0.075439, -0.549316, -0.915528, -1.098633,riding
B, 208955, -0.930908, -0.033203, -0.349854, -0.061035, -0.549316, -1.342773,riding
A, 595422, -0.980591, 0.187500, 0.070557, -0.183106, -0.671387, -1.098633,riding
B, 208975, -0.931030, -0.035767, -0.351685, 0.122070, -0.549316, -1.586915,riding
A, 595442, -0.980225, 0.191284, 0.067749, -0.427246, -0.244141, -0.976563,riding
B, 208995, -0.929077, -0.035400, -0.352905, 0.061035, -0.427246, -1.953125,riding
A, 595462, -0.979736, 0.193848, 0.067871, -0.244141, -0.061035, -0.854492,riding
B, 209015, -0.929810, -0.034790, -0.353027, 0.305176, -0.366211, -2.197266,riding
A, 595482, -0.980347, 0.193115, 0.062012, 0.061035, 0.244141, -1.037598,riding
B, 209035, -0.929810, -0.041138, -0.351196, 0.732422, -0.244141, -2.380371,riding
A, 595502, -0.981689, 0.185547, 0.051270, 0.244141, 0.488281, -0.854492,riding
B, 209055, -0.931885, -0.045654, -0.348389, 0.610352, -0.183106, -2.563477,riding
A, 595522, -0.982788, 0.184692, 0.045410, -0.061035, 0.793457, -0.671387,riding
B, 209075, -0.932007, -0.044800, -0.348389, 0.549316, -0.122070, -2.868653,riding
A, 595542, -0.982788, 0.183105, 0.043701, 0.122070, 0.976563, -0.671387,riding
B, 209095, -0.931030, -0.049316, -0.348877, 0.793457, 0.000000, -2.990724,riding
A, 595562, -0.983276, 0.178589, 0.036499, 0.305176, 1.098633, -0.549316,riding
B, 209115, -0.931519, -0.055054, -0.347168, 0.854492, 0.183106, -3.051759,riding
A, 595582, -0.983398, 0.179077, 0.031494, -0.183106, 1.342773, -0.305176,riding
B, 209135, -0.930908, -0.054810, -0.348755, 0.488281, 0.244141, -3.417970,riding
A, 595602, -0.982544, 0.184448, 0.026855, -0.061035, 1.403809, -0.244141,riding
B, 209155, -0.929321, -0.055908, -0.349609, 0.671387, 0.366211, -3.479005,riding
A, 595622, -0.982056, 0.190308, 0.019531, 0.000000, 1.464844, -0.122070,riding
B, 209175, -0.928467, -0.064697, -0.352783, 0.732422, 0.488281, -3.540040,riding
A, 595642, -0.981567, 0.193970, 0.009033, 0.183106, 1.525879, -0.061035,riding
B, 209195, -0.928101, -0.068848, -0.354858, 0.793457, 0.549316, -3.479005,riding
A, 595662, -0.981567, 0.191284, 0.003540, 0.000000, 1.525879, -0.122070,riding
B, 209215, -0.927734, -0.068970, -0.351196, 0.793457, 0.610352, -3.479005,riding
A, 595682, -0.982788, 0.185059, -0.000244, 0.122070, 1.403809, 0.061035,riding
B, 209235, -0.927979, -0.076538, -0.351196, 0.732422, 0.732422, -3.479005,riding
A, 595702, -0.983887, 0.183960, -0.005859, -0.427246, 1.464844, 0.244141,riding
B, 209255, -0.927856, -0.079590, -0.352539, 0.244141, 0.793457, -3.540040,riding
A, 595722, -0.981689, 0.193359, -0.008911, -0.610352, 1.525879, 0.366211,riding
B, 209275, -0.927002, -0.077759, -0.355347, 0.122070, 0.854492, -3.540040,riding
A, 595742, -0.980957, 0.199707, -0.013672, -0.427246, 1.403809, 0.427246,riding
B, 209295, -0.926270, -0.079468, -0.357666, 0.305176, 0.915528, -3.417970,riding
A, 595762, -0.982300, 0.197021, -0.023071, 0.183106, 1.098633, 0.305176,riding
B, 209315, -0.924927, -0.085327, -0.357422, 0.793457, 0.976563, -3.112794,riding
A, 595782, -0.983765, 0.190430, -0.027100, -0.244141, 1.098633, 0.488281,riding
A, 595802, -0.981689, 0.198730, -0.036987, -0.732422, 1.037598, 0.610352,riding
A, 595822, -0.980835, 0.204834, -0.042358, -0.305176, 0.671387, 0.549316,riding
A, 595842, -0.979736, 0.207886, -0.044434, -0.305176, 0.427246, 0.610352,riding
A, 595862, -0.979980, 0.210938, -0.051392, -0.244141, 0.061035, 0.549316,riding
A, 595882, -0.980591, 0.212646, -0.054810, -0.488281, -0.183106, 0.549316,riding
B, 209335, -0.924438, -0.092285, -0.356445, 0.244141, 1.037598, -3.112794,riding
B, 209355, -0.923462, -0.092407, -0.360474, 0.000000, 1.037598, -2.990724,riding
B, 209375, -0.922363, -0.096436, -0.362183, 0.183106, 1.098633, -2.624512,riding
B, 209395, -0.920410, -0.098755, -0.364746, 0.122070, 1.037598, -2.380371,riding
B, 209415, -0.919556, -0.101685, -0.366699, 0.061035, 1.037598, -2.136230,riding
B, 209435, -0.920532, -0.102051, -0.367554, -0.183106, 0.976563, -1.892090,riding
A, 595902, -0.979248, 0.216919, -0.052002, -1.037598, -0.427246, 0.549316,riding
B, 209455, -0.918579, -0.101440, -0.368530, -0.732422, 0.854492, -1.770020,riding
A, 595922, -0.976685, 0.230957, -0.053101, -1.037598, -0.732422, 0.427246,riding
B, 209475, -0.916626, -0.101807, -0.374878, -0.610352, 0.732422, -1.342773,riding
A, 595942, -0.975830, 0.234009, -0.057007, -0.549316, -1.037598, 0.244141,riding
A, 595962, -0.974854, 0.239624, -0.057983, -0.793457, -1.342773, 0.122070,riding
A, 595982, -0.974243, 0.243042, -0.054321, -0.671387, -1.708985, -0.061035,riding
A, 596002, -0.975098, 0.237427, -0.047974, -0.244141, -2.014160, -0.305176,riding
A, 596022, -0.975464, 0.235596, -0.047485, -0.732422, -2.075195, -0.366211,riding
A, 596042, -0.972656, 0.251221, -0.049805, -0.854492, -2.563477, -0.671387,riding
B, 209495, -0.915283, -0.103394, -0.379395, -0.488281, 0.610352, -0.976563,riding
B, 209515, -0.914185, -0.103027, -0.382080, -0.732422, 0.427246, -0.793457,riding
B, 209535, -0.915283, -0.100830, -0.381104, -0.366211, 0.244141, -0.366211,riding
B, 209555, -0.915161, -0.100830, -0.378174, -0.244141, 0.122070, -0.061035,riding
B, 209575, -0.913696, -0.100220, -0.379639, -0.915528, -0.183106, -0.061035,riding
B, 209595, -0.913086, -0.097900, -0.383301, -0.915528, -0.366211, 0.183106,riding
A, 596062, -0.972656, 0.249878, -0.043823, -0.427246, -2.868653, -0.976563,riding
B, 209615, -0.913696, -0.097290, -0.384399, -0.427246, -0.610352, 0.793457,riding
A, 596082, -0.973755, 0.245850, -0.042847, -0.244141, -3.112794, -1.220703,riding
B, 209635, -0.914429, -0.096313, -0.384399, -0.488281, -0.854492, 0.976563,riding
A, 596102, -0.972900, 0.247070, -0.039673, -0.549316, -3.356935, -1.403809,riding
B, 209655, -0.914307, -0.091309, -0.385132, -0.671387, -1.098633, 1.037598,riding
A, 596122, -0.972168, 0.250122, -0.033325, -0.488281, -3.540040, -1.586915,riding
B, 209675, -0.913452, -0.088989, -0.384277, -0.549316, -1.281738, 1.403809,riding
A, 596142, -0.972412, 0.248535, -0.027466, -0.183106, -3.784181, -1.892090,riding
B, 209695, -0.915283, -0.087524, -0.382446, -0.305176, -1.464844, 1.647950,riding
A, 596162, -0.973511, 0.242676, -0.024536, -0.061035, -3.906251, -2.075195,riding
B, 209715, -0.916016, -0.085205, -0.380249, -0.366211, -1.647950, 1.708985,riding
A, 596182, -0.973877, 0.239502, -0.023438, -0.244141, -4.028320, -2.258301,riding
B, 209735, -0.916260, -0.082275, -0.378052, -0.366211, -1.831055, 1.831055,riding
A, 596202, -0.974731, 0.235107, -0.015503, -0.244141, -4.211426, -2.441406,riding
B, 209755, -0.917969, -0.078491, -0.376953, -0.488281, -2.075195, 1.953125,riding
A, 596222, -0.975220, 0.230713, -0.004883, -0.244141, -4.272461, -2.624512,riding
B, 209775, -0.918701, -0.074951, -0.373657, -0.427246, -2.197266, 2.014160,riding
A, 596242, -0.976807, 0.220947, -0.004028, -0.122070, -4.333496, -2.746582,riding
B, 209795, -0.921509, -0.072876, -0.369751, -0.366211, -2.319336, 2.075195,riding
A, 596262, -0.976685, 0.219727, -0.001465, -0.732422, -4.272461, -2.685547,riding
B, 209815, -0.920898, -0.070557, -0.369873, -0.915528, -2.441406, 1.892090,riding
A, 596282, -0.975220, 0.221802, 0.000977, -0.549316, -4.394531, -2.868653,riding
B, 209835, -0.921509, -0.069580, -0.368896, -0.671387, -2.502441, 2.014160,riding
A, 596302, -0.978394, 0.213623, 0.007080, -0.305176, -4.394531, -2.929688,riding
B, 209855, -0.924194, -0.068359, -0.365234, -0.488281, -2.502441, 2.075195,riding
A, 596322, -0.978760, 0.204712, 0.014526, -0.671387, -4.333496, -2.929688,riding
B, 209875, -0.925049, -0.059814, -0.360107, -0.732422, -2.563477, 1.953125,riding
A, 596342, -0.979248, 0.201660, 0.020020, -0.549316, -4.333496, -2.868653,riding
B, 209895, -0.927246, -0.056763, -0.359009, -0.671387, -2.441406, 1.953125,riding
A, 596362, -0.980835, 0.194824, 0.033447, -0.732422, -4.211426, -2.868653,riding
B, 209915, -0.927368, -0.052734, -0.356079, -0.915528, -2.502441, 1.647950,riding
A, 596382, -0.977783, 0.203247, 0.048096, -0.915528, -3.845216, -2.746582,riding
B, 209935, -0.928467, -0.045410, -0.358154, -0.976563, -2.441406, 1.464844,riding
A, 596402, -0.978394, 0.201294, 0.057861, -0.488281, -3.723145, -2.807618,riding
B, 209955, -0.928223, -0.039551, -0.355713, -0.549316, -2.380371, 1.342773,riding
A, 596422, -0.978027, 0.195801, 0.065796, -0.427246, -3.417970, -2.868653,riding
B, 209975, -0.929932, -0.036621, -0.354126, -0.366211, -2.380371, 1.098633,riding
A, 596442, -0.980347, 0.188599, 0.069702, -0.244141, -3.112794, -2.746582,riding
B, 209995, -0.931030, -0.035522, -0.351563, -0.244141, -2.258301, 0.915528,riding
A, 596462, -0.980835, 0.183472, 0.072388, -0.488281, -2.746582, -2.624512,riding
B, 210015, -0.931641, -0.033081, -0.349121, -0.305176, -2.136230, 0.305176,riding
A, 596482, -0.980103, 0.183594, 0.072998, -0.305176, -2.441406, -2.563477,riding
B, 210035, -0.934082, -0.032104, -0.347168, 0.000000, -1.953125, 0.122070,riding
A, 596502, -0.981934, 0.174683, 0.074707, -0.122070, -2.136230, -2.441406,riding
B, 210055, -0.934570, -0.034058, -0.343750, 0.061035, -1.831055, -0.244141,riding
A, 596522, -0.983154, 0.170898, 0.075928, -0.305176, -1.708985, -2.258301,riding
B, 210075, -0.935181, -0.032959, -0.341431, 0.061035, -1.586915, -0.610352,riding
A, 596542, -0.984741, 0.167358, 0.072632, -0.061035, -1.342773, -2.014160,riding
B, 210095, -0.935547, -0.035034, -0.339233, 0.183106, -1.403809, -0.854492,riding
A, 596562, -0.983521, 0.168823, 0.067627, -0.427246, -0.854492, -1.647950,riding
B, 210115, -0.934814, -0.036621, -0.341064, 0.061035, -1.281738, -1.281738,riding
A, 596582, -0.982666, 0.176025, 0.064697, -0.183106, -0.549316, -1.647950,riding
B, 210135, -0.934326, -0.039063, -0.343750, 0.366211, -1.037598, -1.586915,riding
A, 596602, -0.984131, 0.168579, 0.057373, 0.122070, -0.366211, -1.525879,riding
B, 210155, -0.935669, -0.041748, -0.339722, 0.549316, -0.732422, -1.708985,riding
A, 596622, -0.987061, 0.155151, 0.049072, 0.183106, -0.183106, -1.281738,riding
B, 210175, -0.936890, -0.046387, -0.335327, 0.549316, -0.610352, -1.953125,riding
A, 596642, -0.987427, 0.152344, 0.045776, -0.183106, 0.122070, -0.976563,riding
B, 210195, -0.936401, -0.046997, -0.335205, 0.366211, -0.305176, -2.197266,riding
A, 596662, -0.987793, 0.155151, 0.035645, 0.122070, 0.183106, -0.732422,riding
B, 210215, -0.937622, -0.053589, -0.335205, 0.610352, -0.061035, -2.197266,riding
A, 596682, -0.987793, 0.155151, 0.024048, -0.122070, 0.305176, -0.427246,riding
B, 210235, -0.934814, -0.059082, -0.336548, 0.305176, 0.183106, -2.441406,riding
A, 596702, -0.986816, 0.159302, 0.018188, -0.244141, 0.366211, -0.244141,riding
B, 210255, -0.935425, -0.059570, -0.337036, 0.305176, 0.427246, -2.441406,riding
A, 596722, -0.986938, 0.160156, 0.023438, -0.488281, 0.427246, 0.122070,riding
B, 210275, -0.933105, -0.059448, -0.341187, -0.061035, 0.671387, -2.685547,riding
A, 596742, -0.984985, 0.173340, 0.020142, -0.244141, 0.549316, 0.305176,riding
B, 210295, -0.931396, -0.061035, -0.344849, 0.366211, 0.854492, -2.563477,riding
A, 596762, -0.984375, 0.176025, 0.019775, -0.610352, 0.671387, 0.488281,riding
B, 210315, -0.930542, -0.061157, -0.347412, -0.122070, 0.915528, -2.807618,riding
A, 596782, -0.980957, 0.191284, 0.025635, -0.915528, 0.793457, 0.671387,riding
B, 210335, -0.928589, -0.055908, -0.353516, -0.305176, 1.037598, -2.929688,riding
A, 596802, -0.979858, 0.203247, 0.028076, -0.427246, 0.793457, 0.671387,riding
B, 210355, -0.926880, -0.057739, -0.357422, 0.183106, 1.098633, -2.868653,riding
A, 596822, -0.978516, 0.203125, 0.024170, -0.122070, 0.854492, 0.549316,riding
B, 210375, -0.927368, -0.060181, -0.357788, 0.305176, 1.098633, -2.929688,riding
A, 596842, -0.979858, 0.202148, 0.021973, -0.366211, 0.976563, 0.549316,riding
B, 210395, -0.927612, -0.060303, -0.358643, 0.183106, 1.098633, -3.112794,riding
B, 210415, -0.925293, -0.066284, -0.359741, 0.244141, 1.037598, -3.173829,riding
B, 210435, -0.925049, -0.072266, -0.361938, 0.366211, 1.098633, -3.173829,riding
A, 596882, -0.979004, 0.206543, 0.009766, -0.244141, 1.098633, 0.549316,riding
A, 596902, -0.978882, 0.206421, 0.000977, -0.244141, 1.159668, 0.488281,riding
B, 210455, -0.924438, -0.073853, -0.362549, 0.183106, 1.037598, -3.173829,riding
A, 596922, -0.979492, 0.207520, -0.011108, -0.244141, 1.037598, 0.549316,riding
B, 210475, -0.923706, -0.076172, -0.363037, 0.305176, 1.037598, -3.051759,riding
A, 596942, -0.980591, 0.205933, -0.023071, -0.061035, 0.915528, 0.488281,riding
B, 210495, -0.924072, -0.084351, -0.360352, 0.427246, 1.098633, -2.868653,riding
A, 596962, -0.981323, 0.199341, -0.040405, 0.488281, 0.610352, 0.488281,riding
B, 210515, -0.922729, -0.094849, -0.360107, 0.854492, 1.098633, -2.502441,riding
A, 596982, -0.982178, 0.197998, -0.046265, -0.427246, 0.488281, 0.549316,riding
B, 210535, -0.922241, -0.095825, -0.361694, -0.305176, 1.098633, -2.563477,riding
A, 597002, -0.980957, 0.207031, -0.049927, -0.793457, 0.244141, 0.671387,riding
B, 210555, -0.921509, -0.098999, -0.364624, -0.183106, 1.098633, -2.197266,riding
A, 597022, -0.980103, 0.210938, -0.057251, -0.244141, -0.122070, 0.610352,riding
B, 210575, -0.920776, -0.106689, -0.366577, 0.122070, 1.037598, -1.708985,riding
A, 597042, -0.980713, 0.212524, -0.063232, -0.549316, -0.427246, 0.610352,riding
B, 210595, -0.918945, -0.105957, -0.370728, -0.671387, 0.915528, -1.647950,riding
A, 597062, -0.977661, 0.227905, -0.063232, -1.281738, -0.671387, 0.610352,riding
B, 210615, -0.916748, -0.099976, -0.375610, -0.976563, 0.793457, -1.403809,riding
A, 597082, -0.974731, 0.243774, -0.051147, -1.037598, -1.281738, 0.305176,riding
B, 210635, -0.914917, -0.099609, -0.380249, -0.793457, 0.610352, -1.037598,riding
A, 597102, -0.971680, 0.249146, -0.048584, -0.854492, -1.525879, 0.061035,riding
B, 210655, -0.913452, -0.098877, -0.383423, -0.793457, 0.427246, -0.732422,riding
A, 597122, -0.972168, 0.252686, -0.047485, -0.793457, -1.831055, -0.244141,riding
B, 210675, -0.913696, -0.092529, -0.384888, -0.671387, 0.122070, -0.305176,riding
A, 597142, -0.972046, 0.251343, -0.046631, -0.427246, -2.197266, -0.427246,riding
B, 210695, -0.912598, -0.094727, -0.386230, -0.366211, -0.122070, 0.061035,riding
A, 597162, -0.971680, 0.255249, -0.036133, -0.915528, -2.319336, -0.610352,riding
B, 210715, -0.912476, -0.092896, -0.389771, -0.976563, -0.488281, 0.061035,riding
A, 597182, -0.969971, 0.264648, -0.033081, -0.732422, -2.502441, -0.976563,riding
B, 210735, -0.911499, -0.088135, -0.390869, -0.488281, -0.732422, 0.427246,riding
A, 597202, -0.970093, 0.259888, -0.035278, 0.061035, -2.868653, -1.403809,riding
B, 210755, -0.912964, -0.088623, -0.387573, -0.061035, -0.915528, 0.793457,riding
A, 597222, -0.972290, 0.252930, -0.032471, -0.366211, -3.112794, -1.647950,riding
B, 210775, -0.914673, -0.086548, -0.386108, -0.427246, -1.281738, 0.793457,riding
A, 597242, -0.971436, 0.254761, -0.025757, -0.488281, -3.234864, -1.953125,riding
B, 210795, -0.915161, -0.084106, -0.384033, -0.061035, -1.586915, 1.220703,riding
A, 597262, -0.973511, 0.239746, -0.021729, 0.061035, -3.479005, -2.319336,riding
B, 210815, -0.916626, -0.082153, -0.379028, -0.122070, -1.770020, 1.342773,riding
A, 597282, -0.974976, 0.229736, -0.018066, -0.305176, -3.601075, -2.380371,riding
B, 210835, -0.918701, -0.078369, -0.375366, -0.366211, -1.953125, 1.342773,riding
A, 597302, -0.976685, 0.223633, -0.009521, -0.366211, -3.723145, -2.441406,riding
B, 210855, -0.920532, -0.075928, -0.370850, -0.427246, -2.014160, 1.403809,riding
A, 597322, -0.979126, 0.212280, 0.000488, 0.000000, -3.845216, -2.563477,riding
B, 210875, -0.923706, -0.073486, -0.364502, 0.000000, -2.014160, 1.647950,riding
A, 597342, -0.980469, 0.197754, 0.004028, -0.061035, -3.784181, -2.502441,riding
B, 210895, -0.926514, -0.071411, -0.358887, -0.305176, -2.014160, 1.525879,riding
A, 597362, -0.980835, 0.195435, 0.003174, -0.610352, -3.723145, -2.441406,riding
B, 210915, -0.927490, -0.068115, -0.357788, -0.671387, -1.953125, 1.403809,riding
A, 597382, -0.982788, 0.191162, 0.008057, -0.488281, -3.784181, -2.380371,riding
B, 210935, -0.927612, -0.067139, -0.353760, -0.488281, -1.831055, 1.464844,riding
A, 597402, -0.983887, 0.182007, 0.012207, -0.488281, -3.662110, -2.197266,riding
B, 210955, -0.928711, -0.066650, -0.351929, -0.671387, -1.770020, 1.403809,riding
B, 210975, -0.928711, -0.060913, -0.353638, -0.854492, -1.647950, 1.281738,riding
B, 210995, -0.928101, -0.054810, -0.357788, -1.037598, -1.586915, 1.159668,riding
B, 211015, -0.927246, -0.052490, -0.358398, -0.610352, -1.464844, 1.220703,riding
B, 211035, -0.928833, -0.052490, -0.353638, -0.305176, -1.403809, 1.159668,riding
A, 597422, -0.982788, 0.181519, 0.013306, -0.671387, -3.662110, -2.014160,riding
A, 597442, -0.980225, 0.197388, 0.027710, -1.037598, -3.540040, -1.770020,riding
A, 597462, -0.979370, 0.200684, 0.036499, -0.488281, -3.540040, -1.831055,riding
A, 597482, -0.981445, 0.190552, 0.037354, -0.244141, -3.356935, -1.831055,riding
A, 597502, -0.981079, 0.190674, 0.040527, -0.793457, -3.112794, -1.647950,riding
A, 597522, -0.979248, 0.201782, 0.047974, -0.732422, -2.990724, -1.647950,riding
A, 597542, -0.978394, 0.202637, 0.052979, -0.488281, -2.807618, -1.647950,riding
A, 597562, -0.978394, 0.200073, 0.054077, -0.305176, -2.563477, -1.647950,riding
B, 211055, -0.929199, -0.048584, -0.353271, -0.793457, -1.342773, 0.793457,riding
B, 211075, -0.927368, -0.043701, -0.360352, -0.549316, -1.220703, 0.610352,riding
B, 211095, -0.927368, -0.043823, -0.359863, -0.427246, -1.220703, 0.488281,riding
B, 211115, -0.929321, -0.040527, -0.358032, -0.183106, -1.159668, 0.305176,riding
B, 211135, -0.929077, -0.039185, -0.355103, -0.244141, -1.098633, 0.000000,riding
B, 211155, -0.930298, -0.039795, -0.352661, -0.122070, -1.037598, -0.244141,riding
B, 211175, -0.931763, -0.041992, -0.351074, -0.061035, -0.915528, -0.488281,riding
B, 211195, -0.930542, -0.044556, -0.350952, 0.122070, -0.793457, -0.732422,riding
B, 211215, -0.931030, -0.046753, -0.351807, 0.000000, -0.671387, -0.976563,riding
A, 597582, -0.979736, 0.197266, 0.055786, -0.305176, -2.319336, -1.647950,riding
A, 597602, -0.979248, 0.195313, 0.058716, -0.305176, -1.953125, -1.586915,riding
A, 597622, -0.980713, 0.186523, 0.056274, -0.244141, -1.647950, -1.525879,riding
A, 597642, -0.982422, 0.182739, 0.048218, -0.122070, -1.403809, -1.342773,riding
A, 597662, -0.982788, 0.180542, 0.045654, -0.305176, -1.281738, -1.220703,riding
A, 597682, -0.981812, 0.184204, 0.046753, -0.366211, -1.098633, -0.976563,riding
A, 597702, -0.981079, 0.190674, 0.045288, -0.366211, -0.793457, -0.915528,riding
A, 597722, -0.981079, 0.193237, 0.039795, -0.244141, -0.671387, -0.854492,riding
A, 597742, -0.980469, 0.195679, 0.036255, -0.305176, -0.610352, -0.854492,riding
A, 597762, -0.980347, 0.197632, 0.031738, -0.183106, -0.488281, -0.793457,riding
A, 597782, -0.979248, 0.206421, 0.028076, -0.366211, -0.305176, -0.793457,riding
B, 211235, -0.930420, -0.047363, -0.352539, 0.000000, -0.549316, -1.159668,riding
B, 211255, -0.929077, -0.046997, -0.352661, 0.000000, -0.488281, -1.342773,riding
B, 211275, -0.928711, -0.047607, -0.353638, 0.061035, -0.366211, -1.464844,riding
B, 211295, -0.929810, -0.051514, -0.353882, 0.061035, -0.305176, -1.586915,riding
B, 211315, -0.928101, -0.055908, -0.357300, 0.183106, -0.305176, -1.647950,riding
B, 211335, -0.925171, -0.052490, -0.361816, 0.061035, -0.305176, -1.892090,riding
A, 597802, -0.978638, 0.205688, 0.028687, -0.244141, -0.244141, -0.854492,riding
B, 211355, -0.927734, -0.053101, -0.360229, 0.244141, -0.244141, -1.831055,riding
A, 597822, -0.980103, 0.198120, 0.024170, 0.000000, -0.183106, -0.854492,riding
B, 211375, -0.927368, -0.058594, -0.356689, 0.366211, -0.244141, -1.892090,riding
A, 597842, -0.980103, 0.197021, 0.017090, -0.305176, -0.061035, -0.732422,riding
B, 211395, -0.926758, -0.062744, -0.357300, 0.122070, -0.244141, -2.014160,riding
A, 597862, -0.980103, 0.199219, 0.012695, 0.000000, -0.122070, -0.732422,riding
B, 211415, -0.927612, -0.062256, -0.356689, 0.366211, -0.183106, -1.953125,riding
A, 597882, -0.979492, 0.197144, 0.014282, -0.183106, -0.122070, -0.732422,riding
B, 211435, -0.927124, -0.061523, -0.356445, 0.244141, -0.183106, -2.014160,riding
A, 597902, -0.980835, 0.196655, 0.020874, -0.244141, -0.061035, -0.671387,riding
B, 211455, -0.927734, -0.061768, -0.357056, 0.244141, -0.061035, -2.075195,riding
A, 597922, -0.980713, 0.195190, 0.019409, -0.183106, 0.061035, -0.549316,riding
B, 211475, -0.926025, -0.063110, -0.357056, 0.244141, -0.061035, -2.136230,riding
A, 597942, -0.981201, 0.197388, 0.008179, -0.061035, 0.000000, -0.549316,riding
B, 211495, -0.926514, -0.065552, -0.357056, 0.427246, 0.061035, -2.014160,riding
A, 597962, -0.982300, 0.191406, 0.003296, -0.183106, -0.061035, -0.488281,riding
B, 211515, -0.928589, -0.069214, -0.354248, 0.244141, 0.061035, -2.075195,riding
A, 597982, -0.982910, 0.188354, 0.005615, -0.122070, -0.061035, -0.366211,riding
B, 211535, -0.927856, -0.070068, -0.353149, 0.305176, 0.122070, -2.075195,riding
A, 598002, -0.982788, 0.189575, 0.000366, -0.366211, 0.000000, -0.305176,riding
B, 211555, -0.927734, -0.070801, -0.353516, 0.061035, 0.244141, -2.075195,riding
A, 598022, -0.983154, 0.187866, -0.010010, 0.000000, -0.183106, -0.244141,riding
B, 211575, -0.927490, -0.073853, -0.353516, 0.366211, 0.366211, -1.892090,riding
A, 598042, -0.984619, 0.181641, -0.004272, -0.488281, -0.244141, -0.061035,riding
B, 211595, -0.927856, -0.074585, -0.352173, -0.183106, 0.488281, -1.953125,riding
A, 598062, -0.984131, 0.185059, -0.007568, -0.244141, -0.244141, 0.061035,riding
B, 211615, -0.928101, -0.078247, -0.352905, 0.427246, 0.671387, -1.647950,riding
A, 598082, -0.984619, 0.180054, -0.014893, 0.061035, -0.427246, 0.183106,riding
B, 211635, -0.928589, -0.081909, -0.352173, 0.000000, 0.793457, -1.586915,riding
A, 598102, -0.984619, 0.180786, -0.018921, -0.549316, -0.488281, 0.427246,riding
B, 211655, -0.927246, -0.079346, -0.353394, -0.305176, 0.854492, -1.586915,riding
A, 598122, -0.983154, 0.188354, -0.015869, -0.549316, -0.671387, 0.488281,riding
B, 211675, -0.926025, -0.080078, -0.355347, -0.305176, 0.976563, -1.464844,riding
A, 598142, -0.980957, 0.200562, -0.014526, -0.793457, -0.793457, 0.610352,riding
B, 211695, -0.924927, -0.081177, -0.360352, -0.488281, 0.976563, -1.403809,riding
A, 598162, -0.979858, 0.205688, -0.018066, -0.610352, -0.915528, 0.671387,riding
B, 211715, -0.923462, -0.079346, -0.362793, -0.427246, 1.037598, -1.281738,riding
A, 598182, -0.980347, 0.207275, -0.019775, -0.488281, -1.098633, 0.671387,riding
B, 211735, -0.922852, -0.080200, -0.365112, -0.366211, 1.098633, -0.976563,riding
A, 598202, -0.980835, 0.206787, -0.017334, -0.549316, -1.220703, 0.671387,riding
B, 211755, -0.921875, -0.081787, -0.365356, -0.488281, 1.098633, -0.915528,riding
A, 598222, -0.979370, 0.213013, -0.015381, -0.793457, -1.281738, 0.793457,riding
B, 211775, -0.921509, -0.080811, -0.369507, -0.854492, 1.037598, -0.976563,riding
A, 598242, -0.976074, 0.225220, -0.015747, -0.976563, -1.342773, 0.671387,riding
B, 211795, -0.919189, -0.076172, -0.372681, -0.671387, 1.037598, -0.793457,riding
A, 598262, -0.975952, 0.229004, -0.012085, -0.671387, -1.586915, 0.610352,riding
B, 211815, -0.918701, -0.076172, -0.375244, -0.610352, 0.915528, -0.671387,riding
A, 598282, -0.974609, 0.234253, -0.005005, -0.854492, -1.525879, 0.488281,riding
B, 211835, -0.918213, -0.074951, -0.378540, -0.732422, 0.793457, -0.610352,riding
A, 598302, -0.973511, 0.235352, -0.009155, -0.122070, -1.770020, 0.183106,riding
B, 211855, -0.917847, -0.076172, -0.376831, -0.183106, 0.671387, -0.244141,riding
A, 598322, -0.975220, 0.229004, -0.006592, -0.976563, -1.770020, 0.244141,riding
B, 211875, -0.918091, -0.072876, -0.378174, -1.037598, 0.488281, -0.549316,riding
A, 598342, -0.971558, 0.247559, 0.005615, -1.342773, -1.770020, 0.183106,riding
B, 211895, -0.916138, -0.066284, -0.385620, -1.037598, 0.305176, -0.549316,riding
A, 598362, -0.968994, 0.258545, 0.013062, -0.671387, -1.770020, -0.183106,riding
B, 211915, -0.913818, -0.066040, -0.389648, -0.488281, 0.122070, -0.427246,riding
A, 598382, -0.969604, 0.257324, 0.010376, -0.427246, -1.831055, -0.488281,riding
B, 211935, -0.914551, -0.065430, -0.388794, -0.366211, -0.061035, -0.366211,riding
A, 598402, -0.969360, 0.256470, 0.010010, -0.549316, -1.770020, -0.671387,riding
B, 211955, -0.915161, -0.063232, -0.389160, -0.427246, -0.305176, -0.488281,riding
A, 598422, -0.968262, 0.265015, 0.017334, -0.915528, -1.647950, -0.915528,riding
B, 211975, -0.912720, -0.061401, -0.394287, -0.732422, -0.671387, -0.610352,riding
A, 598442, -0.965576, 0.278931, 0.018555, -0.610352, -1.647950, -1.281738,riding
B, 211995, -0.910400, -0.063110, -0.399780, -0.122070, -1.098633, -0.549316,riding
A, 598462, -0.965088, 0.278809, 0.011597, -0.183106, -1.586915, -1.770020,riding
B, 212015, -0.910156, -0.063354, -0.398071, 0.061035, -1.464844, -0.610352,riding
A, 598482, -0.966187, 0.273315, 0.005859, -0.122070, -1.647950, -2.319336,riding
B, 212035, -0.911621, -0.064453, -0.394897, 0.183106, -1.770020, -0.549316,riding
A, 598502, -0.968140, 0.262207, 0.002319, 0.244141, -1.708985, -2.685547,riding
B, 212055, -0.912720, -0.071533, -0.390381, 0.427246, -2.075195, -0.427246,riding
A, 598522, -0.970703, 0.254883, -0.000610, -0.244141, -1.647950, -2.868653,riding
B, 212075, -0.913818, -0.072388, -0.387695, 0.061035, -2.380371, -0.549316,riding
A, 598542, -0.968994, 0.261841, -0.002441, -0.427246, -1.708985, -3.112794,riding
B, 212095, -0.913086, -0.067017, -0.389648, 0.000000, -2.685547, -0.610352,riding
A, 598562, -0.969849, 0.259277, -0.000488, 0.061035, -1.831055, -3.479005,riding
B, 212115, -0.915283, -0.071289, -0.385498, 0.610352, -2.990724, -0.305176,riding
A, 598582, -0.972046, 0.241943, -0.004639, 0.488281, -1.892090, -3.845216,riding
B, 212135, -0.919189, -0.077393, -0.376221, 0.854492, -3.112794, -0.183106,riding
A, 598602, -0.977539, 0.218872, -0.009399, 0.427246, -2.014160, -3.845216,riding
B, 212155, -0.921631, -0.074707, -0.365601, 0.427246, -3.234864, -0.244141,riding
A, 598622, -0.979126, 0.208984, -0.008911, -0.122070, -2.014160, -3.845216,riding
B, 212175, -0.924561, -0.072021, -0.363403, 0.305176, -3.234864, -0.122070,riding
A, 598642, -0.979126, 0.206421, -0.002563, -0.061035, -2.136230, -3.845216,riding
B, 212195, -0.925049, -0.072510, -0.361816, 0.244141, -3.234864, -0.183106,riding
A, 598662, -0.980225, 0.196289, 0.004761, 0.122070, -2.136230, -3.845216,riding
B, 212215, -0.926270, -0.070557, -0.358765, 0.427246, -3.173829, -0.061035,riding
A, 598682, -0.982910, 0.183594, 0.009399, 0.000000, -2.197266, -3.662110,riding
B, 212235, -0.927734, -0.067139, -0.353638, 0.305176, -3.173829, -0.061035,riding
A, 598702, -0.985352, 0.173828, 0.014038, 0.061035, -2.136230, -3.479005,riding
B, 212255, -0.931152, -0.064819, -0.345825, 0.427246, -2.807618, 0.000000,riding
A, 598722, -0.986328, 0.165405, 0.016235, 0.061035, -2.136230, -3.295899,riding
B, 212275, -0.932495, -0.067505, -0.342651, 0.183106, -2.685547, -0.183106,riding
A, 598742, -0.986450, 0.165405, 0.014160, -0.305176, -1.953125, -3.051759,riding
B, 212295, -0.932373, -0.064819, -0.342651, 0.000000, -2.502441, -0.183106,riding
A, 598762, -0.987427, 0.163818, 0.010376, -0.061035, -2.014160, -2.868653,riding
B, 212315, -0.933960, -0.064331, -0.339966, 0.305176, -2.258301, -0.122070,riding
A, 598782, -0.989014, 0.153320, 0.013794, -0.061035, -2.014160, -2.624512,riding
B, 212335, -0.936523, -0.065186, -0.336060, 0.122070, -1.953125, -0.183106,riding
A, 598802, -0.989868, 0.144897, 0.020142, -0.244141, -1.953125, -2.319336,riding
B, 212355, -0.937256, -0.062866, -0.331909, -0.061035, -1.647950, -0.305176,riding
A, 598822, -0.992188, 0.140137, 0.021484, -0.183106, -1.831055, -1.953125,riding
B, 212375, -0.937500, -0.062012, -0.328857, 0.061035, -1.281738, -0.305176,riding
A, 598842, -0.991577, 0.135254, 0.014282, -0.305176, -1.770020, -1.281738,riding
B, 212395, -0.939331, -0.066284, -0.328735, -0.183106, -0.793457, -0.427246,riding
A, 598862, -0.991577, 0.139893, 0.013672, -0.610352, -1.708985, -0.915528,riding
B, 212415, -0.936646, -0.066406, -0.331787, -0.427246, -0.488281, -0.549316,riding
A, 598882, -0.989990, 0.147217, 0.017456, -0.671387, -1.647950, -0.610352,riding
B, 212435, -0.935913, -0.062988, -0.334717, -0.488281, -0.183106, -0.549316,riding
A, 598902, -0.989380, 0.150879, 0.017212, -0.488281, -1.586915, -0.305176,riding
B, 212455, -0.935059, -0.063110, -0.336060, -0.366211, 0.061035, -0.549316,riding
A, 598922, -0.988159, 0.159302, 0.017456, -0.854492, -1.464844, 0.061035,riding
B, 212475, -0.934204, -0.062378, -0.338745, -0.671387, 0.366211, -0.732422,riding
A, 598942, -0.986450, 0.167114, 0.024292, -0.671387, -1.525879, 0.183106,riding
B, 212495, -0.933960, -0.058594, -0.341064, -0.488281, 0.549316, -0.671387,riding
A, 598962, -0.986206, 0.167969, 0.027832, -0.671387, -1.342773, 0.366211,riding
B, 212515, -0.932251, -0.058594, -0.344482, -0.488281, 0.854492, -0.854492,riding
A, 598982, -0.985229, 0.170776, 0.023315, -0.610352, -1.281738, 0.488281,riding
B, 212535, -0.931152, -0.061157, -0.346558, -0.488281, 1.037598, -0.915528,riding
A, 599002, -0.983643, 0.180664, 0.015991, -0.610352, -1.220703, 0.854492,riding
B, 212555, -0.928711, -0.063110, -0.351440, -0.488281, 1.159668, -0.915528,riding
A, 599022, -0.981812, 0.192627, 0.020020, -0.915528, -1.098633, 0.915528,riding
B, 212575, -0.928101, -0.060181, -0.354614, -0.732422, 1.281738, -1.098633,riding
A, 599042, -0.979370, 0.201294, 0.020752, -0.549316, -1.098633, 0.976563,riding
B, 212595, -0.926514, -0.059814, -0.358765, -0.427246, 1.281738, -0.976563,riding
A, 599062, -0.978638, 0.206909, 0.015137, -0.488281, -1.037598, 0.976563,riding
B, 212615, -0.924683, -0.063354, -0.360718, -0.366211, 1.342773, -1.037598,riding
A, 599082, -0.976196, 0.219849, 0.014771, -0.976563, -0.915528, 0.976563,riding
B, 212635, -0.923218, -0.062622, -0.367676, -0.732422, 1.220703, -1.220703,riding
A, 599102, -0.973145, 0.231445, 0.011353, -0.427246, -1.037598, 0.732422,riding
B, 212655, -0.920898, -0.064819, -0.372070, -0.122070, 1.098633, -1.037598,riding
A, 599122, -0.975464, 0.228271, 0.007813, -0.427246, -1.037598, 0.549316,riding
B, 212675, -0.919800, -0.066895, -0.374756, -0.488281, 0.915528, -1.159668,riding
A, 599142, -0.975098, 0.235596, 0.003540, -0.671387, -0.976563, 0.488281,riding
A, 599162, -0.973633, 0.233521, 0.000732, -0.305176, -1.098633, 0.305176,riding
A, 599182, -0.973511, 0.239868, -0.004150, -0.549316, -1.159668, 0.061035,riding
A, 599202, -0.973511, 0.240601, 0.002686, -0.549316, -1.220703, -0.122070,riding
A, 599222, -0.973022, 0.244751, 0.003418, -0.488281, -1.281738, -0.305176,riding
A, 599242, -0.971802, 0.246094, 0.000977, -0.366211, -1.342773, -0.610352,riding
A, 599262, -0.970703, 0.250488, 0.011719, -0.732422, -1.342773, -0.732422,riding
B, 212695, -0.919067, -0.065918, -0.376709, -0.305176, 0.854492, -1.037598,riding
B, 212715, -0.918823, -0.070557, -0.375610, -0.244141, 0.671387, -1.037598,riding
B, 212735, -0.918335, -0.071167, -0.377686, -0.366211, 0.488281, -0.976563,riding
B, 212755, -0.918335, -0.068115, -0.377930, -0.305176, 0.366211, -0.915528,riding
B, 212775, -0.916016, -0.066162, -0.381836, -0.244141, 0.000000, -0.854492,riding
B, 212795, -0.915527, -0.067383, -0.383301, -0.244141, -0.183106, -0.854492,riding
B, 212815, -0.914795, -0.060181, -0.386353, -0.427246, -0.427246, -0.915528,riding
B, 212835, -0.914917, -0.060547, -0.387085, 0.061035, -0.610352, -0.732422,riding
A, 599282, -0.969360, 0.257324, 0.016479, -0.305176, -1.342773, -1.037598,riding
A, 599302, -0.970459, 0.251709, 0.007935, -0.061035, -1.281738, -1.342773,riding
B, 212855, -0.916748, -0.067505, -0.383911, 0.122070, -0.854492, -0.793457,riding
A, 599322, -0.972778, 0.245728, -0.005981, -0.061035, -1.403809, -1.586915,riding
A, 599342, -0.972046, 0.245972, 0.000366, -0.671387, -1.403809, -1.770020,riding
A, 599362, -0.971436, 0.248413, 0.012085, 0.061035, -1.464844, -2.197266,riding
A, 599382, -0.974365, 0.236328, 0.006226, -0.061035, -1.403809, -2.380371,riding
A, 599402, -0.974487, 0.229736, 0.005615, -0.305176, -1.464844, -2.380371,riding
A, 599422, -0.974731, 0.229004, 0.010986, -0.244141, -1.464844, -2.624512,riding
B, 212875, -0.917725, -0.070679, -0.379639, 0.122070, -1.159668, -0.732422,riding
B, 212895, -0.916626, -0.066528, -0.382080, -0.366211, -1.403809, -0.915528,riding
B, 212915, -0.917236, -0.064331, -0.381836, 0.366211, -1.647950, -0.610352,riding
B, 212935, -0.917603, -0.067871, -0.377563, 0.183106, -1.831055, -0.671387,riding
B, 212955, -0.919556, -0.063721, -0.375488, 0.061035, -2.014160, -0.793457,riding
B, 212975, -0.919922, -0.062866, -0.373413, 0.183106, -2.075195, -0.732422,riding
A, 599442, -0.976929, 0.221558, 0.010376, 0.183106, -1.525879, -2.807618,riding
B, 212995, -0.922363, -0.067139, -0.367554, 0.488281, -2.136230, -0.610352,riding
A, 599462, -0.979004, 0.207764, 0.000732, 0.244141, -1.525879, -2.807618,riding
B, 213015, -0.924561, -0.070557, -0.361816, 0.488281, -2.197266, -0.610352,riding
A, 599482, -0.980957, 0.197754, -0.002808, -0.061035, -1.586915, -2.746582,riding
B, 213035, -0.925659, -0.069336, -0.358765, 0.183106, -2.197266, -0.671387,riding
A, 599502, -0.980591, 0.199829, 0.004272, -0.366211, -1.586915, -2.685547,riding
B, 213055, -0.926880, -0.068237, -0.358032, 0.244141, -2.075195, -0.549316,riding
A, 599522, -0.981201, 0.193604, 0.006714, 0.122070, -1.647950, -2.746582,riding
B, 213075, -0.927856, -0.070679, -0.353394, 0.366211, -2.014160, -0.488281,riding
A, 599542, -0.985229, 0.176147, -0.000610, 0.000000, -1.708985, -2.563477,riding
B, 213095, -0.930298, -0.068237, -0.348267, 0.244141, -1.892090, -0.488281,riding
A, 599562, -0.985962, 0.167114, -0.002075, 0.061035, -1.831055, -2.258301,riding
B, 213115, -0.932129, -0.070313, -0.343994, 0.244141, -1.708985, -0.427246,riding
A, 599582, -0.987427, 0.166748, -0.001343, -0.305176, -1.770020, -2.014160,riding
B, 213135, -0.931519, -0.074341, -0.344238, 0.000000, -1.586915, -0.427246,riding
A, 599602, -0.987183, 0.166138, -0.000977, -0.061035, -1.892090, -1.831055,riding
B, 213155, -0.933105, -0.071899, -0.342529, 0.061035, -1.281738, -0.244141,riding
A, 599622, -0.987183, 0.163452, -0.008423, -0.183106, -1.953125, -1.586915,riding
B, 213175, -0.932617, -0.073486, -0.343018, -0.183106, -1.037598, -0.244141,riding
A, 599642, -0.987915, 0.164917, -0.008423, -0.427246, -2.075195, -1.403809,riding
B, 213195, -0.932007, -0.074219, -0.343140, -0.366211, -0.793457, -0.244141,riding
A, 599662, -0.987427, 0.165039, -0.000610, -0.488281, -2.075195, -1.159668,riding
B, 213215, -0.932617, -0.072144, -0.342529, -0.366211, -0.671387, -0.122070,riding
A, 599682, -0.987305, 0.166992, 0.003906, -0.549316, -2.075195, -0.854492,riding
B, 213235, -0.931641, -0.068359, -0.344727, -0.549316, -0.488281, -0.122070,riding
A, 599702, -0.984741, 0.176514, 0.004639, -0.488281, -2.197266, -0.671387,riding
B, 213255, -0.930420, -0.065430, -0.347412, -0.427246, -0.244141, 0.000000,riding
A, 599722, -0.984131, 0.177979, 0.012573, -0.610352, -2.197266, -0.549316,riding
B, 213275, -0.930054, -0.065674, -0.348022, -0.549316, -0.122070, 0.000000,riding
A, 599742, -0.982788, 0.187134, 0.016357, -0.671387, -2.136230, -0.366211,riding
B, 213295, -0.929565, -0.062866, -0.352173, -0.671387, -0.061035, -0.122070,riding
A, 599762, -0.981689, 0.190063, 0.018799, -0.671387, -2.075195, -0.366211,riding
B, 213315, -0.928955, -0.058228, -0.353271, -0.549316, 0.061035, -0.122070,riding
A, 599782, -0.981689, 0.190308, 0.021118, -0.549316, -2.014160, -0.244141,riding
B, 213335, -0.928589, -0.057617, -0.353027, -0.488281, 0.122070, -0.122070,riding
A, 599802, -0.982300, 0.188721, 0.024170, -0.610352, -2.014160, -0.183106,riding
B, 213355, -0.928223, -0.058838, -0.353882, -0.549316, 0.183106, -0.244141,riding
A, 599822, -0.980225, 0.196045, 0.022827, -0.549316, -1.892090, -0.183106,riding
B, 213375, -0.927002, -0.059326, -0.355591, -0.427246, 0.244141, -0.244141,riding
A, 599842, -0.980713, 0.193604, 0.021118, -0.244141, -1.892090, -0.122070,riding
B, 213395, -0.927856, -0.056396, -0.354004, -0.305176, 0.366211, -0.244141,riding
A, 599862, -0.980225, 0.191162, 0.025513, -0.610352, -1.770020, 0.000000,riding
B, 213415, -0.928711, -0.055298, -0.354858, -0.549316, 0.366211, -0.427246,riding
A, 599882, -0.980835, 0.195435, 0.029785, -0.427246, -1.708985, 0.061035,riding
B, 213435, -0.928223, -0.054810, -0.356689, -0.305176, 0.488281, -0.488281,riding
A, 599902, -0.981201, 0.193970, 0.022461, -0.305176, -1.586915, 0.122070,riding
B, 213455, -0.928345, -0.057861, -0.357788, -0.244141, 0.610352, -0.488281,riding
A, 599922, -0.980957, 0.193726, 0.015747, -0.366211, -1.586915, 0.244141,riding
B, 213475, -0.927368, -0.060547, -0.356201, -0.366211, 0.610352, -0.549316,riding
A, 599942, -0.979736, 0.202637, 0.014648, -0.671387, -1.525879, 0.305176,riding
B, 213495, -0.925293, -0.060181, -0.360474, -0.488281, 0.610352, -0.671387,riding
A, 599962, -0.978882, 0.208008, 0.017578, -0.427246, -1.525879, 0.244141,riding
B, 213515, -0.925049, -0.061035, -0.362305, -0.366211, 0.671387, -0.610352,riding
A, 599982, -0.978271, 0.209839, 0.017456, -0.549316, -1.464844, 0.183106,riding
B, 213535, -0.923462, -0.059448, -0.364014, -0.366211, 0.671387, -0.671387,riding
A, 600002, -0.978516, 0.208008, 0.017456, -0.488281, -1.525879, 0.183106,riding
B, 213555, -0.924316, -0.058716, -0.365112, -0.427246, 0.671387, -0.671387,riding
A, 600022, -0.978149, 0.214600, 0.018555, -0.610352, -1.403809, 0.244141,riding
B, 213575, -0.923218, -0.059692, -0.368286, -0.244141, 0.671387, -0.671387,riding
A, 600042, -0.977173, 0.215820, 0.016479, -0.183106, -1.464844, 0.122070,riding
B, 213595, -0.923828, -0.060059, -0.368042, -0.366211, 0.549316, -0.671387,riding
A, 600062, -0.976318, 0.221680, 0.014282, -0.610352, -1.403809, 0.061035,riding
B, 213615, -0.923462, -0.058350, -0.369263, -0.427246, 0.549316, -0.732422,riding
A, 600082, -0.975830, 0.220581, 0.022461, -0.610352, -1.403809, 0.122070,riding
B, 213635, -0.922485, -0.057129, -0.369751, -0.427246, 0.427246, -0.854492,riding
A, 600102, -0.973267, 0.231323, 0.030884, -0.732422, -1.281738, -0.061035,riding
B, 213655, -0.920898, -0.052856, -0.373779, -0.488281, 0.366211, -0.976563,riding
A, 600122, -0.973267, 0.234253, 0.039795, -0.610352, -1.098633, -0.183106,riding
B, 213675, -0.921021, -0.048828, -0.375854, -0.366211, 0.244141, -1.098633,riding
A, 600142, -0.973389, 0.235229, 0.035889, -0.427246, -0.976563, -0.366211,riding
B, 213695, -0.919067, -0.048462, -0.377197, -0.122070, 0.122070, -1.098633,riding
A, 600162, -0.971924, 0.237427, 0.032227, -0.610352, -0.854492, -0.427246,riding
B, 213715, -0.917603, -0.051636, -0.382080, -0.366211, -0.183106, -1.403809,riding
A, 600182, -0.971436, 0.248047, 0.032715, -0.488281, -0.732422, -0.671387,riding
B, 213735, -0.918091, -0.050659, -0.382324, 0.122070, -0.305176, -1.403809,riding
A, 600202, -0.971191, 0.244019, 0.030518, -0.061035, -0.732422, -0.976563,riding
B, 213755, -0.919678, -0.052856, -0.378296, 0.244141, -0.488281, -1.403809,riding
A, 600222, -0.973022, 0.237793, 0.027954, -0.244141, -0.549316, -1.220703,riding
B, 213775, -0.919678, -0.052856, -0.376465, 0.061035, -0.671387, -1.586915,riding
A, 600242, -0.972168, 0.239990, 0.026245, -0.305176, -0.488281, -1.342773,riding
B, 213795, -0.919434, -0.054321, -0.379150, 0.122070, -0.793457, -1.708985,riding
A, 600262, -0.973511, 0.235107, 0.019653, -0.061035, -0.366211, -1.586915,riding
B, 213815, -0.919312, -0.058472, -0.378540, 0.366211, -0.915528, -1.708985,riding
A, 600282, -0.974365, 0.228271, 0.016724, -0.122070, -0.366211, -1.647950,riding
B, 213835, -0.919434, -0.058594, -0.375244, 0.244141, -1.098633, -1.831055,riding
A, 600302, -0.974243, 0.229492, 0.020996, -0.305176, -0.305176, -1.708985,riding
B, 213855, -0.920166, -0.056763, -0.374512, 0.366211, -1.220703, -1.831055,riding
B, 213875, -0.920776, -0.062744, -0.373047, 0.549316, -1.281738, -1.831055,riding
A, 600322, -0.974487, 0.228149, 0.021240, 0.061035, -0.305176, -1.831055,riding
A, 600342, -0.974487, 0.226563, 0.014160, 0.000000, -0.244141, -1.892090,riding
B, 213895, -0.920898, -0.064331, -0.371338, 0.427246, -1.403809, -1.892090,riding
A, 600362, -0.975708, 0.225586, 0.013916, -0.244141, -0.244141, -2.075195,riding
B, 213915, -0.922241, -0.059570, -0.370728, 0.305176, -1.525879, -2.014160,riding
A, 600382, -0.975952, 0.221802, 0.018921, 0.000000, -0.244141, -2.197266,riding
B, 213935, -0.921997, -0.060181, -0.369873, 0.610352, -1.586915, -1.953125,riding
A, 600402, -0.976929, 0.216309, 0.022583, -0.061035, -0.122070, -2.258301,riding
B, 213955, -0.922852, -0.061157, -0.369385, 0.549316, -1.586915, -2.075195,riding
A, 600422, -0.977783, 0.213745, 0.027466, -0.122070, 0.061035, -2.258301,riding
B, 213975, -0.924316, -0.055420, -0.366089, 0.549316, -1.647950, -2.197266,riding
A, 600442, -0.978638, 0.206665, 0.025879, 0.366211, 0.122070, -2.380371,riding
B, 213995, -0.926025, -0.057739, -0.360962, 1.098633, -1.586915, -2.136230,riding
A, 600462, -0.982666, 0.190430, 0.024048, 0.671387, 0.122070, -2.319336,riding
B, 214015, -0.928467, -0.062500, -0.353394, 1.159668, -1.525879, -2.197266,riding
A, 600482, -0.984619, 0.177856, 0.019775, 0.305176, 0.366211, -2.075195,riding
B, 214035, -0.930054, -0.064453, -0.348999, 0.915528, -1.403809, -2.380371,riding
A, 600502, -0.984009, 0.175415, 0.007324, 0.366211, 0.366211, -1.892090,riding
B, 214055, -0.930054, -0.069092, -0.349365, 0.915528, -1.220703, -2.380371,riding
A, 600522, -0.984741, 0.175659, 0.002075, 0.000000, 0.427246, -1.708985,riding
B, 214075, -0.928589, -0.072510, -0.349243, 0.610352, -1.037598, -2.502441,riding
A, 600542, -0.984741, 0.179565, 0.004517, -0.305176, 0.427246, -1.464844,riding
B, 214095, -0.928223, -0.073120, -0.350708, 0.427246, -0.854492, -2.563477,riding
A, 600562, -0.984497, 0.180298, 0.007568, -0.122070, 0.488281, -1.342773,riding
B, 214115, -0.930054, -0.069946, -0.349854, 0.610352, -0.671387, -2.441406,riding
A, 600582, -0.984985, 0.176758, 0.003906, 0.122070, 0.427246, -1.098633,riding
B, 214135, -0.929443, -0.072266, -0.349854, 0.610352, -0.549316, -2.502441,riding
A, 600602, -0.984863, 0.179199, -0.000488, -0.183106, 0.488281, -1.037598,riding
B, 214155, -0.928955, -0.075806, -0.350830, 0.366211, -0.427246, -2.563477,riding
A, 600622, -0.984131, 0.182129, -0.007935, -0.183106, 0.427246, -0.793457,riding
B, 214175, -0.927979, -0.080078, -0.351318, 0.366211, -0.244141, -2.502441,riding
A, 600642, -0.983887, 0.182129, -0.018311, -0.122070, 0.366211, -0.671387,riding
B, 214195, -0.927490, -0.082886, -0.351074, 0.427246, -0.122070, -2.380371,riding
A, 600662, -0.985352, 0.182739, -0.022339, -0.366211, 0.244141, -0.549316,riding
B, 214215, -0.927612, -0.085938, -0.353516, 0.183106, 0.000000, -2.380371,riding
A, 600682, -0.984863, 0.184204, -0.026978, -0.366211, 0.061035, -0.427246,riding
B, 214235, -0.926147, -0.091431, -0.354004, 0.122070, 0.122070, -2.136230,riding
A, 600702, -0.984009, 0.186279, -0.033325, -0.305176, -0.061035, -0.244141,riding
B, 214255, -0.925903, -0.093140, -0.353638, 0.061035, 0.244141, -1.953125,riding
A, 600722, -0.984009, 0.189087, -0.038208, -0.488281, -0.244141, -0.183106,riding
B, 214275, -0.925293, -0.093994, -0.356079, -0.244141, 0.305176, -1.892090,riding
A, 600742, -0.982178, 0.195923, -0.038818, -0.854492, -0.427246, -0.061035,riding
B, 214295, -0.923950, -0.094727, -0.361084, -0.427246, 0.305176, -1.708985,riding
A, 600762, -0.979736, 0.211304, -0.037842, -0.793457, -0.671387, -0.061035,riding
B, 214315, -0.921021, -0.095947, -0.365234, -0.488281, 0.305176, -1.525879,riding
A, 600782, -0.978394, 0.218872, -0.041382, -0.671387, -0.915528, -0.061035,riding
B, 214335, -0.919922, -0.093750, -0.369507, -0.488281, 0.244141, -1.220703,riding
A, 600802, -0.978149, 0.219727, -0.040405, -0.549316, -1.220703, -0.244141,riding
B, 214355, -0.918579, -0.093384, -0.371216, -0.366211, 0.244141, -0.976563,riding
A, 600822, -0.977417, 0.221191, -0.034668, -0.854492, -1.342773, -0.244141,riding
B, 214375, -0.919067, -0.094238, -0.372070, -0.732422, 0.000000, -0.854492,riding
A, 600842, -0.975342, 0.231201, -0.031250, -1.098633, -1.464844, -0.305176,riding
B, 214395, -0.917603, -0.090454, -0.374878, -0.915528, -0.061035, -0.732422,riding
A, 600862, -0.974976, 0.237061, -0.031494, -0.732422, -1.708985, -0.549316,riding
B, 214415, -0.916870, -0.088013, -0.376587, -0.366211, -0.244141, -0.366211,riding
A, 600882, -0.975830, 0.233643, -0.029663, -0.305176, -1.953125, -0.793457,riding
B, 214435, -0.918091, -0.088379, -0.375854, -0.305176, -0.305176, -0.183106,riding
A, 600902, -0.975952, 0.230347, -0.026123, -0.610352, -2.075195, -0.915528,riding
B, 214455, -0.917847, -0.088867, -0.376831, -0.488281, -0.488281, -0.122070,riding
A, 600922, -0.975464, 0.231323, -0.031006, -0.305176, -2.258301, -1.037598,riding
B, 214475, -0.917847, -0.089478, -0.376099, -0.305176, -0.610352, 0.061035,riding
A, 600942, -0.976318, 0.226318, -0.035156, -0.183106, -2.502441, -1.159668,riding
B, 214495, -0.918213, -0.089233, -0.372192, -0.305176, -0.793457, 0.366211,riding
A, 600962, -0.976807, 0.226929, -0.030151, -0.488281, -2.685547, -1.281738,riding
B, 214515, -0.918579, -0.088623, -0.371704, -0.427246, -0.854492, 0.488281,riding
A, 600982, -0.976196, 0.229248, -0.025391, -0.244141, -2.868653, -1.342773,riding
B, 214535, -0.918945, -0.087646, -0.373413, -0.305176, -1.037598, 0.671387,riding
A, 601002, -0.975342, 0.228027, -0.022583, -0.366211, -2.990724, -1.586915,riding
B, 214555, -0.919312, -0.082275, -0.372070, -0.366211, -1.098633, 0.793457,riding
A, 601022, -0.976807, 0.218750, -0.016724, -0.122070, -3.112794, -1.708985,riding
B, 214575, -0.920898, -0.077515, -0.368286, -0.061035, -1.159668, 0.976563,riding
A, 601042, -0.979858, 0.205933, -0.005859, -0.061035, -3.295899, -1.708985,riding
B, 214595, -0.923340, -0.078369, -0.364868, -0.244141, -1.220703, 0.976563,riding
A, 601062, -0.978760, 0.204712, 0.001099, -0.549316, -3.112794, -1.525879,riding
B, 214615, -0.922485, -0.075439, -0.364746, -0.610352, -1.220703, 0.915528,riding
A, 601082, -0.978760, 0.213989, -0.004272, -0.305176, -3.173829, -1.525879,riding
B, 214635, -0.921021, -0.076172, -0.367554, -0.244141, -1.220703, 1.037598,riding
A, 601102, -0.976196, 0.220703, -0.012207, -0.549316, -3.295899, -1.647950,riding
B, 214655, -0.922485, -0.077881, -0.369263, -0.610352, -1.342773, 1.037598,riding
A, 601122, -0.974854, 0.227783, -0.012939, -0.488281, -3.417970, -1.770020,riding
B, 214675, -0.920288, -0.078857, -0.371094, -0.488281, -1.403809, 1.159668,riding
A, 601142, -0.976440, 0.225220, -0.014771, -0.244141, -3.479005, -2.014160,riding
B, 214695, -0.920410, -0.080200, -0.370605, -0.427246, -1.525879, 1.281738,riding
A, 601162, -0.975220, 0.223267, -0.010376, -0.854492, -3.540040, -2.014160,riding
B, 214715, -0.919678, -0.074097, -0.370483, -0.976563, -1.708985, 1.159668,riding
A, 601182, -0.974487, 0.233276, -0.002686, -0.915528, -3.662110, -2.136230,riding
B, 214735, -0.919312, -0.070068, -0.373291, -0.915528, -1.831055, 1.281738,riding
A, 601202, -0.975342, 0.232178, -0.003052, -0.244141, -3.784181, -2.319336,riding
B, 214755, -0.918823, -0.074829, -0.373901, -0.427246, -2.014160, 1.525879,riding
A, 601222, -0.974487, 0.228760, -0.004761, -0.671387, -3.784181, -2.441406,riding
B, 214775, -0.918335, -0.067871, -0.373901, -1.037598, -2.197266, 1.342773,riding
A, 601242, -0.973511, 0.234253, 0.009521, -1.037598, -3.784181, -2.563477,riding
B, 214795, -0.920410, -0.057983, -0.374512, -0.854492, -2.380371, 1.403809,riding
A, 601262, -0.972290, 0.236816, 0.021240, -0.549316, -3.845216, -2.868653,riding
B, 214815, -0.921509, -0.060425, -0.371094, -0.305176, -2.502441, 1.525879,riding
A, 601282, -0.975220, 0.222900, 0.016724, -0.305176, -3.723145, -3.112794,riding
B, 214835, -0.921753, -0.063354, -0.367554, -0.366211, -2.624512, 1.464844,riding
A, 601302, -0.975464, 0.222656, 0.018921, -0.732422, -3.662110, -3.112794,riding
B, 214855, -0.923340, -0.056274, -0.367310, -0.671387, -2.807618, 1.281738,riding
A, 601322, -0.975220, 0.225220, 0.025513, -0.610352, -3.601075, -3.295899,riding
B, 214875, -0.922974, -0.053467, -0.367188, -0.549316, -2.868653, 1.281738,riding
A, 601342, -0.976440, 0.215942, 0.028564, -0.122070, -3.601075, -3.479005,riding
B, 214895, -0.926392, -0.057495, -0.361938, -0.122070, -2.990724, 1.342773,riding
A, 601362, -0.977417, 0.204102, 0.027588, -0.244141, -3.479005, -3.479005,riding
B, 214915, -0.926880, -0.053101, -0.356201, -0.244141, -2.990724, 1.159668,riding
A, 601382, -0.979614, 0.197632, 0.032349, -0.549316, -3.356935, -3.479005,riding
B, 214935, -0.929199, -0.048706, -0.352539, -0.366211, -2.990724, 0.976563,riding
A, 601402, -0.980591, 0.191895, 0.037842, -0.366211, -3.295899, -3.479005,riding
B, 214955, -0.930420, -0.050903, -0.348877, -0.183106, -2.929688, 0.976563,riding
A, 601422, -0.982178, 0.186157, 0.037964, -0.427246, -3.112794, -3.417970,riding
B, 214975, -0.930298, -0.051880, -0.347412, -0.244141, -2.929688, 0.793457,riding
A, 601442, -0.980713, 0.187500, 0.035400, -0.427246, -2.990724, -3.295899,riding
B, 214995, -0.930176, -0.048462, -0.348755, -0.305176, -2.868653, 0.671387,riding
A, 601462, -0.980957, 0.187500, 0.042358, -0.366211, -2.807618, -3.295899,riding
B, 215015, -0.932007, -0.042114, -0.347778, -0.244141, -2.807618, 0.549316,riding
A, 601482, -0.984619, 0.173340, 0.042358, 0.366211, -2.807618, -3.173829,riding
B, 215035, -0.934692, -0.050659, -0.340454, 0.366211, -2.624512, 0.549316,riding
A, 601502, -0.985474, 0.165771, 0.042969, -0.427246, -2.502441, -3.051759,riding
B, 215055, -0.935303, -0.046021, -0.337891, -0.244141, -2.502441, 0.122070,riding
A, 601522, -0.983887, 0.171265, 0.048218, -0.671387, -2.319336, -2.746582,riding
B, 215075, -0.936035, -0.040039, -0.337280, -0.305176, -2.441406, 0.000000,riding
A, 601542, -0.983398, 0.169312, 0.058594, -0.610352, -2.136230, -2.807618,riding
B, 215095, -0.936157, -0.037231, -0.335571, -0.183106, -2.197266, -0.183106,riding
A, 601562, -0.985474, 0.160034, 0.060791, 0.061035, -2.014160, -2.685547,riding
B, 215115, -0.938354, -0.042725, -0.332275, 0.366211, -2.014160, -0.244141,riding
A, 601582, -0.988647, 0.146729, 0.049561, 0.000000, -1.708985, -2.380371,riding
B, 215135, -0.938965, -0.042725, -0.329468, 0.122070, -1.831055, -0.488281,riding
A, 601602, -0.988403, 0.146118, 0.048096, -0.549316, -1.464844, -2.075195,riding
B, 215155, -0.938843, -0.040161, -0.330444, -0.183106, -1.464844, -0.854492,riding
A, 601622, -0.987549, 0.154053, 0.052124, -0.183106, -1.281738, -1.770020,riding
B, 215175, -0.939575, -0.045288, -0.329468, 0.244141, -1.159668, -0.854492,riding
A, 601642, -0.988770, 0.144897, 0.048096, 0.000000, -1.098633, -1.464844,riding
B, 215195, -0.940430, -0.047729, -0.325195, 0.122070, -0.976563, -1.098633,riding
A, 601662, -0.987793, 0.151123, 0.042603, -0.549316, -0.854492, -1.220703,riding
B, 215215, -0.939453, -0.040894, -0.327026, -0.122070, -0.793457, -1.281738,riding
A, 601682, -0.987427, 0.152466, 0.045288, -0.244141, -0.854492, -0.976563,riding
B, 215235, -0.938843, -0.044556, -0.328247, 0.122070, -0.488281, -1.403809,riding
A, 601702, -0.987549, 0.154663, 0.041138, -0.427246, -0.610352, -0.854492,riding
B, 215255, -0.937256, -0.052002, -0.331543, 0.000000, -0.305176, -1.525879,riding
A, 601722, -0.989136, 0.147583, 0.035400, -0.122070, -0.488281, -0.671387,riding
B, 215275, -0.939087, -0.050903, -0.328857, 0.183106, -0.061035, -1.525879,riding
A, 601742, -0.989746, 0.141846, 0.031738, -0.305176, -0.427246, -0.305176,riding
B, 215295, -0.939209, -0.046997, -0.325195, 0.061035, 0.305176, -1.708985,riding
A, 601762, -0.990112, 0.143677, 0.038452, -0.488281, -0.366211, 0.061035,riding
B, 215315, -0.938110, -0.052368, -0.330322, -0.366211, 0.549316, -1.953125,riding
A, 601782, -0.987061, 0.160034, 0.041748, -0.732422, -0.122070, 0.244141,riding
B, 215335, -0.937134, -0.050903, -0.335083, 0.000000, 0.793457, -2.014160,riding
A, 601802, -0.986206, 0.158325, 0.031982, -0.366211, 0.000000, 0.427246,riding
B, 215355, -0.936035, -0.051025, -0.333130, 0.000000, 0.915528, -2.075195,riding
A, 601822, -0.986816, 0.159058, 0.028931, -0.671387, 0.061035, 0.671387,riding
B, 215375, -0.936157, -0.050659, -0.333496, -0.244141, 1.098633, -2.197266,riding
A, 601842, -0.985962, 0.167847, 0.033203, -0.793457, 0.244141, 0.915528,riding
B, 215395, -0.934082, -0.055176, -0.338013, -0.305176, 1.220703, -2.380371,riding
A, 601862, -0.984497, 0.174561, 0.029541, -0.366211, 0.305176, 0.915528,riding
B, 215415, -0.933105, -0.056885, -0.341553, -0.061035, 1.403809, -2.319336,riding
A, 601882, -0.983887, 0.178223, 0.024292, -0.549316, 0.427246, 1.098633,riding
B, 215435, -0.931641, -0.054077, -0.344604, -0.122070, 1.525879, -2.441406,riding
A, 601902, -0.983398, 0.181396, 0.014771, -0.183106, 0.305176, 1.098633,riding
B, 215455, -0.932007, -0.062256, -0.344604, 0.183106, 1.647950, -2.319336,riding
A, 601922, -0.984375, 0.175903, 0.014160, -0.366211, 0.366211, 1.159668,riding
B, 215475, -0.930908, -0.067261, -0.343506, -0.183106, 1.708985, -2.441406,riding
A, 601942, -0.983887, 0.181519, 0.009399, -0.549316, 0.427246, 1.342773,riding
B, 215495, -0.930542, -0.065918, -0.347046, -0.183106, 1.831055, -2.441406,riding
A, 601962, -0.983032, 0.186646, 0.000610, -0.366211, 0.305176, 1.342773,riding
B, 215515, -0.930054, -0.065552, -0.347656, -0.061035, 1.892090, -2.319336,riding
A, 601982, -0.981812, 0.186768, 0.002075, -0.549316, 0.183106, 1.464844,riding
B, 215535, -0.928833, -0.069336, -0.350342, -0.183106, 1.953125, -2.258301,riding
A, 602002, -0.981567, 0.191895, 0.001099, -0.549316, 0.183106, 1.525879,riding
B, 215555, -0.926514, -0.072998, -0.355591, -0.244141, 2.014160, -2.197266,riding
A, 602022, -0.981323, 0.200684, -0.019165, -0.122070, 0.061035, 1.586915,riding
B, 215575, -0.925293, -0.079346, -0.357788, 0.183106, 2.014160, -1.831055,riding
A, 602042, -0.981567, 0.200562, -0.045898, 0.305176, -0.366211, 1.525879,riding
B, 215595, -0.924561, -0.091309, -0.357666, 0.305176, 2.075195, -1.525879,riding
A, 602062, -0.982910, 0.197998, -0.050537, -0.183106, -0.671387, 1.586915,riding
B, 215615, -0.925415, -0.095825, -0.356689, -0.305176, 1.953125, -1.403809,riding
A, 602082, -0.981934, 0.202637, -0.039063, -0.671387, -0.915528, 1.464844,riding
B, 215635, -0.925049, -0.088501, -0.357056, -0.427246, 2.014160, -1.159668,riding
A, 602102, -0.982422, 0.194702, -0.026855, -0.244141, -1.159668, 1.464844,riding
B, 215655, -0.926147, -0.081909, -0.353638, -0.366211, 2.075195, -0.854492,riding
A, 602122, -0.982666, 0.192749, -0.015625, -1.037598, -1.342773, 1.708985,riding
B, 215675, -0.923706, -0.077393, -0.359009, -1.098633, 1.953125, -0.976563,riding
A, 602142, -0.977173, 0.218140, 0.000122, -1.586915, -1.281738, 1.831055,riding
B, 215695, -0.919556, -0.065552, -0.376099, -1.220703, 1.892090, -0.915528,riding
A, 602162, -0.971680, 0.244019, 0.019165, -0.793457, -1.342773, 1.525879,riding
B, 215715, -0.917480, -0.059204, -0.382080, -0.793457, 1.708985, -0.793457,riding
A, 602182, -0.968872, 0.255859, 0.028809, -0.976563, -1.220703, 1.281738,riding
B, 215735, -0.915527, -0.053589, -0.385376, -0.915528, 1.464844, -0.976563,riding
A, 602202, -0.967041, 0.265381, 0.031494, -0.610352, -1.159668, 0.854492,riding
B, 215755, -0.914795, -0.051514, -0.388916, -0.427246, 1.220703, -0.915528,riding
A, 602222, -0.967041, 0.266357, 0.026855, -0.427246, -1.037598, 0.488281,riding
B, 215775, -0.915039, -0.059326, -0.389282, -0.366211, 0.854492, -1.037598,riding
A, 602242, -0.967285, 0.265869, 0.020142, -0.732422, -0.915528, 0.122070,riding
B, 215795, -0.913452, -0.058594, -0.390381, -0.488281, 0.549316, -1.220703,riding
A, 602262, -0.966553, 0.274658, 0.016602, -0.793457, -0.915528, -0.183106,riding
B, 215815, -0.910522, -0.058960, -0.398804, -0.488281, 0.000000, -1.403809,riding
A, 602282, -0.965210, 0.282593, 0.014648, -0.549316, -0.915528, -0.610352,riding
B, 215835, -0.910767, -0.061279, -0.400024, 0.183106, -0.366211, -1.098633,riding
A, 602302, -0.966431, 0.276367, 0.016479, -0.244141, -0.915528, -1.098633,riding
B, 215855, -0.912109, -0.063843, -0.395508, -0.061035, -0.732422, -1.281738,riding
A, 602322, -0.967773, 0.269043, 0.003296, -0.061035, -0.915528, -1.647950,riding
B, 215875, -0.913818, -0.066895, -0.392090, 0.305176, -1.098633, -1.159668,riding
A, 602342, -0.968384, 0.264404, -0.001831, -0.244141, -0.915528, -2.014160,riding
B, 215895, -0.913086, -0.068970, -0.388916, 0.122070, -1.403809, -1.220703,riding
A, 602362, -0.969971, 0.257568, -0.007935, 0.244141, -1.098633, -2.380371,riding
B, 215915, -0.915039, -0.072144, -0.385742, 0.488281, -1.647950, -1.037598,riding
A, 602382, -0.971313, 0.245972, -0.009644, -0.061035, -1.159668, -2.563477,riding
B, 215935, -0.916382, -0.074707, -0.382202, 0.366211, -1.953125, -1.037598,riding
A, 602402, -0.973389, 0.243042, -0.008301, -0.183106, -1.220703, -2.746582,riding
B, 215955, -0.915894, -0.070679, -0.380615, 0.366211, -2.258301, -0.854492,riding
A, 602422, -0.973022, 0.238647, -0.008179, 0.122070, -1.403809, -2.990724,riding
B, 215975, -0.917725, -0.074707, -0.378296, 0.549316, -2.380371, -0.732422,riding
A, 602442, -0.975586, 0.227417, -0.008423, 0.122070, -1.525879, -3.051759,riding
B, 215995, -0.918579, -0.074463, -0.370850, 0.427246, -2.563477, -0.732422,riding
A, 602462, -0.976318, 0.221558, -0.002075, -0.244141, -1.525879, -3.112794,riding
B, 216015, -0.922974, -0.068726, -0.368286, 0.122070, -2.685547, -0.793457,riding
A, 602482, -0.975464, 0.223511, 0.006958, -0.305176, -1.525879, -3.234864,riding
B, 216035, -0.922119, -0.066162, -0.368042, 0.183106, -2.807618, -0.732422,riding
A, 602502, -0.976318, 0.222290, 0.002686, 0.061035, -1.525879, -3.479005,riding
B, 216055, -0.920898, -0.070435, -0.368896, 0.427246, -2.868653, -0.610352,riding
A, 602522, -0.978394, 0.211792, -0.001709, 0.000000, -1.586915, -3.540040,riding
B, 216075, -0.922363, -0.071533, -0.366943, 0.366211, -2.929688, -0.549316,riding
A, 602542, -0.980103, 0.202759, -0.004761, 0.061035, -1.647950, -3.540040,riding
B, 216095, -0.924927, -0.071777, -0.359863, 0.488281, -2.990724, -0.488281,riding
A, 602562, -0.980347, 0.200317, -0.007568, -0.183106, -1.770020, -3.479005,riding
B, 216115, -0.925171, -0.077148, -0.358032, 0.183106, -3.051759, -0.488281,riding
A, 602582, -0.980225, 0.203979, -0.012451, -0.244141, -1.831055, -3.479005,riding
B, 216135, -0.924805, -0.078125, -0.357056, 0.183106, -2.990724, -0.366211,riding
A, 602602, -0.980103, 0.197876, -0.010620, -0.183106, -1.953125, -3.601075,riding
B, 216155, -0.927856, -0.074097, -0.352295, 0.122070, -2.929688, -0.244141,riding
A, 602622, -0.982300, 0.189087, -0.002808, -0.488281, -2.014160, -3.479005,riding
B, 216175, -0.929565, -0.069214, -0.349121, -0.061035, -2.929688, -0.244141,riding
A, 602642, -0.982788, 0.185181, -0.003296, -0.061035, -2.136230, -3.417970,riding
B, 216195, -0.928955, -0.075439, -0.350830, 0.244141, -2.929688, -0.061035,riding
A, 602662, -0.984741, 0.183594, -0.007080, -0.183106, -2.258301, -3.356935,riding
B, 216215, -0.928955, -0.068481, -0.349854, -0.244141, -2.868653, -0.122070,riding
A, 602682, -0.981934, 0.186768, 0.015015, -0.427246, -2.258301, -3.173829,riding
B, 216235, -0.929810, -0.057861, -0.348755, 0.061035, -2.685547, -0.061035,riding
A, 602702, -0.984131, 0.180908, 0.025635, 0.061035, -2.258301, -3.112794,riding
B, 216255, -0.932861, -0.061157, -0.343750, 0.305176, -2.563477, 0.000000,riding
A, 602722, -0.985107, 0.170776, 0.018188, 0.244141, -2.136230, -3.051759,riding
B, 216275, -0.933472, -0.066284, -0.338623, 0.427246, -2.502441, 0.000000,riding
A, 602742, -0.987061, 0.163086, 0.015015, -0.244141, -2.014160, -2.868653,riding
B, 216295, -0.935669, -0.062622, -0.335571, -0.061035, -2.319336, -0.244141,riding
A, 602762, -0.986328, 0.164917, 0.023438, -0.549316, -2.014160, -2.685547,riding
B, 216315, -0.936401, -0.055176, -0.336670, -0.183106, -2.197266, -0.366211,riding
A, 602782, -0.986572, 0.160522, 0.031738, -0.061035, -2.014160, -2.624512,riding
B, 216335, -0.935547, -0.057617, -0.335205, 0.305176, -1.953125, -0.244141,riding
A, 602802, -0.988281, 0.151489, 0.027100, 0.122070, -1.770020, -2.319336,riding
B, 216355, -0.937134, -0.060669, -0.332886, 0.122070, -1.586915, -0.427246,riding
A, 602822, -0.989136, 0.146973, 0.021484, -0.183106, -1.708985, -2.014160,riding
B, 216375, -0.938721, -0.055054, -0.328247, 0.061035, -1.403809, -0.549316,riding
A, 602842, -0.989502, 0.144043, 0.023315, 0.183106, -1.647950, -1.647950,riding
B, 216395, -0.940063, -0.060303, -0.324097, 0.366211, -1.037598, -0.427246,riding
A, 602862, -0.991821, 0.133301, 0.018799, 0.000000, -1.586915, -1.342773,riding
B, 216415, -0.941284, -0.068604, -0.321655, 0.183106, -0.793457, -0.549316,riding
A, 602882, -0.991089, 0.138550, 0.008789, -0.488281, -1.403809, -0.915528,riding
B, 216435, -0.939819, -0.066040, -0.323242, -0.244141, -0.488281, -0.732422,riding
A, 602902, -0.990967, 0.143433, 0.011963, -0.610352, -1.464844, -0.671387,riding
B, 216455, -0.939087, -0.059570, -0.327515, -0.366211, -0.244141, -0.732422,riding
A, 602922, -0.989868, 0.146851, 0.014648, -0.366211, -1.525879, -0.366211,riding
B, 216475, -0.936035, -0.068848, -0.332153, -0.244141, 0.183106, -0.671387,riding
A, 602942, -0.989990, 0.149902, 0.014771, -0.549316, -1.403809, -0.122070,riding
B, 216495, -0.936157, -0.066162, -0.333252, -0.488281, 0.366211, -0.793457,riding
A, 602962, -0.987915, 0.156372, 0.018188, -0.732422, -1.281738, 0.183106,riding
B, 216515, -0.935669, -0.055664, -0.333984, -0.671387, 0.549316, -0.915528,riding
A, 602982, -0.985352, 0.169312, 0.023193, -0.793457, -1.281738, 0.305176,riding
B, 216535, -0.934570, -0.057983, -0.338623, -0.427246, 0.671387, -0.915528,riding
A, 603002, -0.984375, 0.176758, 0.024170, -0.671387, -1.220703, 0.366211,riding
B, 216555, -0.932983, -0.065063, -0.342773, -0.427246, 0.854492, -0.976563,riding
A, 603022, -0.983765, 0.179932, 0.019653, -0.610352, -1.037598, 0.488281,riding
B, 216575, -0.931274, -0.060791, -0.344482, -0.427246, 0.854492, -1.037598,riding
A, 603042, -0.984375, 0.181274, 0.017944, -0.427246, -1.098633, 0.549316,riding
A, 603062, -0.983154, 0.186035, 0.018433, -0.610352, -1.098633, 0.671387,riding
A, 603082, -0.981201, 0.195068, 0.016846, -0.610352, -0.976563, 0.732422,riding
A, 603102, -0.979614, 0.204468, 0.010620, -0.610352, -0.915528, 0.671387,riding
A, 603122, -0.979004, 0.206299, 0.005615, -0.305176, -1.098633, 0.549316,riding
A, 603142, -0.979370, 0.203125, 0.007935, -0.488281, -1.098633, 0.549316,riding
B, 216595, -0.932129, -0.056274, -0.345459, -0.305176, 0.976563, -0.976563,riding
B, 216615, -0.928955, -0.064819, -0.350586, -0.427246, 1.098633, -1.098633,riding
B, 216635, -0.928101, -0.065430, -0.353394, -0.488281, 1.037598, -1.159668,riding
B, 216655, -0.927124, -0.060303, -0.355713, -0.366211, 0.976563, -1.098633,riding
B, 216675, -0.927490, -0.063965, -0.355225, -0.183106, 1.037598, -0.976563,riding
B, 216695, -0.925781, -0.069946, -0.356812, -0.366211, 0.915528, -1.098633,riding
A, 603162, -0.979248, 0.205566, 0.010742, -0.671387, -0.976563, 0.427246,riding
B, 216715, -0.926025, -0.066162, -0.358765, -0.427246, 0.915528, -1.098633,riding
A, 603182, -0.980103, 0.205322, 0.007324, -0.427246, -1.037598, 0.488281,riding
B, 216735, -0.926147, -0.063721, -0.359253, -0.366211, 0.854492, -1.037598,riding
A, 603202, -0.979248, 0.210327, -0.000610, -0.366211, -1.159668, 0.427246,riding
A, 603222, -0.980591, 0.206909, 0.000854, -0.427246, -1.220703, 0.305176,riding
A, 603242, -0.977783, 0.213379, -0.001465, -0.671387, -1.220703, 0.305176,riding
A, 603262, -0.976440, 0.219849, -0.001709, -0.549316, -1.342773, 0.183106,riding
A, 603282, -0.976196, 0.225830, 0.004761, -0.793457, -1.403809, 0.061035,riding
A, 603302, -0.974731, 0.231445, 0.010010, -0.610352, -1.342773, -0.122070,riding
B, 216755, -0.923950, -0.070068, -0.362793, -0.183106, 0.793457, -0.915528,riding
B, 216775, -0.923950, -0.073364, -0.360229, -0.366211, 0.732422, -0.915528,riding
B, 216795, -0.925293, -0.068481, -0.361816, -0.488281, 0.671387, -0.915528,riding
B, 216815, -0.923218, -0.067993, -0.364136, -0.427246, 0.488281, -0.854492,riding
A, 603322, -0.973999, 0.235596, 0.010864, -0.732422, -1.342773, -0.244141,riding
B, 216835, -0.920898, -0.068481, -0.369385, -0.610352, 0.366211, -0.854492,riding
B, 216855, -0.920044, -0.067505, -0.372192, -0.427246, 0.244141, -0.854492,riding
B, 216875, -0.919067, -0.059692, -0.377563, -0.488281, -0.122070, -0.915528,riding
A, 603342, -0.971558, 0.248657, 0.011963, -0.732422, -1.342773, -0.427246,riding
B, 216895, -0.916016, -0.059204, -0.382690, -0.366211, -0.366211, -0.915528,riding
A, 603362, -0.968994, 0.260254, 0.018066, -0.610352, -1.342773, -0.854492,riding
B, 216915, -0.916626, -0.062012, -0.384521, -0.122070, -0.671387, -0.854492,riding
A, 603382, -0.970093, 0.257202, 0.010864, -0.183106, -1.281738, -1.464844,riding
B, 216935, -0.917358, -0.064331, -0.380737, 0.000000, -0.976563, -0.793457,riding
A, 603402, -0.970093, 0.256958, 0.005615, -0.488281, -1.342773, -1.770020,riding
B, 216955, -0.917236, -0.063843, -0.380615, -0.122070, -1.342773, -0.915528,riding
A, 603422, -0.969971, 0.258057, 0.011475, -0.427246, -1.403809, -2.136230,riding
B, 216975, -0.915405, -0.062256, -0.382690, -0.061035, -1.647950, -0.854492,riding
A, 603442, -0.971313, 0.253906, 0.013062, -0.122070, -1.342773, -2.563477,riding
B, 216995, -0.916992, -0.065186, -0.381348, 0.183106, -1.892090, -0.793457,riding
A, 603462, -0.973022, 0.240234, 0.003662, 0.183106, -1.403809, -2.807618,riding
B, 217015, -0.919800, -0.066772, -0.374023, 0.244141, -2.258301, -0.793457,riding
A, 603482, -0.973511, 0.231079, 0.000488, -0.183106, -1.464844, -2.929688,riding
B, 217035, -0.920532, -0.064575, -0.369995, 0.183106, -2.502441, -0.793457,riding
A, 603502, -0.974487, 0.229126, 0.008057, -0.183106, -1.525879, -3.051759,riding
B, 217055, -0.922363, -0.067017, -0.367065, 0.305176, -2.624512, -0.732422,riding
A, 603522, -0.974731, 0.226440, 0.009033, 0.000000, -1.464844, -3.295899,riding
B, 217075, -0.923584, -0.068848, -0.363403, 0.488281, -2.746582, -0.671387,riding
A, 603542, -0.979858, 0.214233, -0.000366, 0.183106, -1.586915, -3.540040,riding
B, 217095, -0.925659, -0.068604, -0.357056, 0.610352, -2.807618, -0.610352,riding
A, 603562, -0.979980, 0.201172, 0.003662, -0.244141, -1.586915, -3.479005,riding
B, 217115, -0.927246, -0.065918, -0.355591, 0.244141, -2.929688, -0.671387,riding
A, 603582, -0.980103, 0.198853, 0.012451, 0.000000, -1.647950, -3.540040,riding
B, 217135, -0.927612, -0.066650, -0.353516, 0.427246, -2.929688, -0.610352,riding
A, 603602, -0.981689, 0.191528, 0.015015, -0.061035, -1.525879, -3.479005,riding
B, 217155, -0.928467, -0.064087, -0.349854, 0.366211, -2.929688, -0.671387,riding
A, 603622, -0.982910, 0.182983, 0.006348, 0.305176, -1.647950, -3.540040,riding
B, 217175, -0.931152, -0.065063, -0.343140, 0.732422, -2.868653, -0.549316,riding
A, 603642, -0.985352, 0.170044, 0.010132, 0.061035, -1.647950, -3.356935,riding
B, 217195, -0.933594, -0.067261, -0.338989, 0.244141, -2.807618, -0.732422,riding
A, 603662, -0.985474, 0.174927, 0.016479, -0.305176, -1.464844, -3.173829,riding
B, 217215, -0.933716, -0.065186, -0.340820, 0.244141, -2.685547, -0.732422,riding
A, 603682, -0.984985, 0.173218, 0.015381, 0.122070, -1.464844, -3.234864,riding
B, 217235, -0.933838, -0.065552, -0.339600, 0.427246, -2.563477, -0.671387,riding
A, 603702, -0.985962, 0.167236, 0.012207, -0.183106, -1.464844, -3.051759,riding
B, 217255, -0.934814, -0.062622, -0.338013, 0.244141, -2.441406, -0.732422,riding
A, 603722, -0.986450, 0.161621, 0.011475, 0.244141, -1.525879, -2.807618,riding
B, 217275, -0.935181, -0.069824, -0.334595, 0.610352, -2.197266, -0.610352,riding
A, 603742, -0.988525, 0.155762, 0.008423, 0.305176, -1.525879, -2.624512,riding
B, 217295, -0.936401, -0.070923, -0.331421, 0.549316, -2.075195, -0.671387,riding
A, 603762, -0.988037, 0.156006, 0.007202, -0.122070, -1.403809, -2.441406,riding
B, 217315, -0.937134, -0.064697, -0.328857, 0.183106, -1.831055, -0.732422,riding
A, 603782, -0.989624, 0.151489, 0.006592, 0.183106, -1.586915, -2.258301,riding
B, 217335, -0.938354, -0.066895, -0.325562, 0.488281, -1.647950, -0.549316,riding
A, 603802, -0.991211, 0.141479, 0.007935, -0.061035, -1.464844, -2.075195,riding
B, 217355, -0.938965, -0.073364, -0.323242, 0.183106, -1.403809, -0.671387,riding
A, 603822, -0.992432, 0.136719, 0.006592, -0.183106, -1.525879, -1.770020,riding
B, 217375, -0.939331, -0.069946, -0.323242, 0.061035, -1.159668, -0.671387,riding
A, 603842, -0.991821, 0.136475, 0.010376, -0.488281, -1.403809, -1.342773,riding
B, 217395, -0.940308, -0.063477, -0.322998, -0.183106, -0.915528, -0.793457,riding
A, 603862, -0.990723, 0.140137, 0.018433, -0.305176, -1.525879, -1.159668,riding
B, 217415, -0.940186, -0.063354, -0.322754, -0.061035, -0.549316, -0.732422,riding
A, 603882, -0.991211, 0.139526, 0.023682, -0.488281, -1.342773, -0.854492,riding
B, 217435, -0.939087, -0.064941, -0.323730, -0.305176, -0.244141, -0.915528,riding
A, 603902, -0.989868, 0.147705, 0.018555, -0.549316, -1.220703, -0.427246,riding
B, 217455, -0.939453, -0.061523, -0.324951, -0.305176, 0.000000, -0.915528,riding
A, 603922, -0.988525, 0.151245, 0.012329, -0.244141, -1.281738, -0.305176,riding
B, 217475, -0.937866, -0.062500, -0.326294, 0.000000, 0.244141, -0.854492,riding
A, 603942, -0.990601, 0.140625, 0.006348, 0.000000, -1.281738, -0.122070,riding
B, 217495, -0.938721, -0.071777, -0.324463, 0.122070, 0.488281, -0.732422,riding
A, 603962, -0.992432, 0.136353, -0.003540, -0.427246, -1.220703, 0.305176,riding
B, 217515, -0.937988, -0.077515, -0.324341, -0.366211, 0.732422, -0.854492,riding
A, 603982, -0.990479, 0.145020, -0.010254, -0.793457, -1.281738, 0.610352,riding
B, 217535, -0.936157, -0.072876, -0.329468, -0.610352, 1.037598, -0.732422,riding
A, 604002, -0.990234, 0.152954, -0.008667, -0.732422, -1.525879, 0.854492,riding
B, 217555, -0.935913, -0.074951, -0.330322, -0.671387, 1.281738, -0.671387,riding
A, 604022, -0.988770, 0.154907, -0.000244, -0.793457, -1.586915, 1.037598,riding
B, 217575, -0.935059, -0.073975, -0.333374, -0.976563, 1.342773, -0.732422,riding
A, 604042, -0.985229, 0.170776, 0.009399, -1.403809, -1.403809, 1.342773,riding
B, 217595, -0.933105, -0.062988, -0.339966, -1.220703, 1.525879, -0.732422,riding
A, 604062, -0.983032, 0.182617, 0.014282, -0.793457, -1.525879, 1.220703,riding
B, 217615, -0.931396, -0.060669, -0.341553, -0.671387, 1.586915, -0.610352,riding
A, 604082, -0.982544, 0.189087, 0.022583, -1.098633, -1.403809, 1.342773,riding
B, 217635, -0.929932, -0.062256, -0.347290, -1.037598, 1.586915, -0.854492,riding
A, 604102, -0.980713, 0.197754, 0.027588, -0.732422, -1.403809, 1.281738,riding
B, 217655, -0.928955, -0.060425, -0.352905, -0.732422, 1.647950, -0.793457,riding
A, 604122, -0.979980, 0.201660, 0.026855, -0.671387, -1.220703, 1.220703,riding
B, 217675, -0.928711, -0.054077, -0.353516, -0.427246, 1.647950, -0.854492,riding
A, 604142, -0.980469, 0.196533, 0.021851, -0.183106, -1.281738, 1.220703,riding
B, 217695, -0.927490, -0.059570, -0.352905, -0.366211, 1.586915, -0.915528,riding
A, 604162, -0.979004, 0.206177, 0.026611, -1.098633, -1.098633, 1.342773,riding
B, 217715, -0.925659, -0.059326, -0.359375, -1.037598, 1.464844, -1.220703,riding
A, 604182, -0.974976, 0.224121, 0.020752, -0.610352, -0.976563, 1.098633,riding
B, 217735, -0.924561, -0.059814, -0.362549, -0.183106, 1.403809, -0.976563,riding
A, 604202, -0.976440, 0.215942, 0.009033, -0.183106, -1.098633, 0.793457,riding
B, 217755, -0.923950, -0.065430, -0.361572, -0.305176, 1.342773, -1.037598,riding
A, 604222, -0.976685, 0.218506, 0.003174, -0.671387, -1.037598, 0.793457,riding
B, 217775, -0.923462, -0.066650, -0.363770, -0.427246, 1.159668, -1.098633,riding
A, 604242, -0.976563, 0.222168, 0.013184, -0.732422, -0.976563, 0.671387,riding
B, 217795, -0.922363, -0.065918, -0.367554, -0.549316, 0.976563, -1.159668,riding
A, 604262, -0.975098, 0.230591, 0.008179, -0.549316, -0.976563, 0.488281,riding
B, 217815, -0.920898, -0.065796, -0.369629, -0.305176, 0.854492, -1.037598,riding
A, 604282, -0.974731, 0.229370, 0.004761, -0.427246, -1.098633, 0.305176,riding
B, 217835, -0.921875, -0.065063, -0.369263, -0.305176, 0.671387, -1.037598,riding
A, 604302, -0.974609, 0.233887, 0.005859, -0.549316, -1.098633, 0.061035,riding
B, 217855, -0.921143, -0.067139, -0.369873, -0.305176, 0.488281, -1.037598,riding
A, 604322, -0.973877, 0.235352, 0.006470, -0.305176, -1.159668, -0.061035,riding
B, 217875, -0.920288, -0.069946, -0.373047, -0.305176, 0.244141, -1.037598,riding
A, 604342, -0.970947, 0.248169, 0.005249, -0.793457, -1.037598, -0.305176,riding
B, 217895, -0.917847, -0.064209, -0.379272, -0.488281, 0.000000, -1.098633,riding
A, 604362, -0.970093, 0.252808, 0.008667, -0.488281, -1.159668, -0.732422,riding
B, 217915, -0.917480, -0.062256, -0.380005, -0.183106, -0.183106, -0.976563,riding
A, 604382, -0.971436, 0.247559, 0.009888, 0.000000, -1.281738, -0.976563,riding
B, 217935, -0.918823, -0.068604, -0.377319, -0.305176, -0.610352, -1.098633,riding
A, 604402, -0.971436, 0.246582, 0.006714, -0.427246, -1.159668, -1.220703,riding
B, 217955, -0.917725, -0.066162, -0.377441, 0.061035, -0.976563, -0.915528,riding
A, 604422, -0.972656, 0.243286, 0.003296, -0.366211, -1.159668, -1.647950,riding
B, 217975, -0.919067, -0.066284, -0.375488, -0.061035, -1.159668, -0.976563,riding
A, 604442, -0.972534, 0.243042, -0.000488, -0.244141, -1.281738, -1.953125,riding
B, 217995, -0.919678, -0.069458, -0.373657, 0.061035, -1.403809, -0.915528,riding
A, 604462, -0.974609, 0.231934, -0.000854, -0.061035, -1.403809, -2.197266,riding
B, 218015, -0.920654, -0.071655, -0.371338, 0.183106, -1.586915, -0.793457,riding
B, 218035, -0.920410, -0.070923, -0.372192, -0.122070, -1.831055, -0.854492,riding
B, 218055, -0.920410, -0.062622, -0.374512, 0.000000, -2.014160, -0.854492,riding
B, 218075, -0.921753, -0.067505, -0.369751, 0.488281, -2.319336, -0.610352,riding
B, 218095, -0.923096, -0.068726, -0.363403, 0.427246, -2.441406, -0.732422,riding
B, 218115, -0.925171, -0.063477, -0.360352, 0.183106, -2.624512, -0.793457,riding
B, 218135, -0.925903, -0.062622, -0.361328, 0.244141, -2.685547, -0.793457,riding
A, 604482, -0.975220, 0.233276, -0.000366, -0.488281, -1.342773, -2.258301,riding
A, 604502, -0.972534, 0.240723, 0.005371, -0.366211, -1.403809, -2.502441,riding
A, 604522, -0.973267, 0.237305, 0.011108, 0.061035, -1.464844, -2.807618,riding
A, 604542, -0.975342, 0.224487, 0.009277, 0.244141, -1.525879, -2.990724,riding
A, 604562, -0.976440, 0.216797, 0.008301, -0.122070, -1.464844, -3.173829,riding
A, 604582, -0.976318, 0.215820, 0.012817, -0.305176, -1.403809, -3.173829,riding
A, 604602, -0.978027, 0.210449, 0.008667, 0.366211, -1.464844, -3.417970,riding
B, 218155, -0.924194, -0.067627, -0.359863, 0.671387, -2.807618, -0.671387,riding
A, 604622, -0.979858, 0.201172, -0.001343, 0.427246, -1.464844, -3.479005,riding
B, 218175, -0.926270, -0.072510, -0.356689, 0.793457, -2.807618, -0.549316,riding
B, 218195, -0.927368, -0.067627, -0.350952, 0.366211, -2.868653, -0.671387,riding
B, 218215, -0.929443, -0.070801, -0.347412, 0.671387, -2.807618, -0.488281,riding
B, 218235, -0.931885, -0.076538, -0.342285, 0.732422, -2.807618, -0.427246,riding
B, 218255, -0.932739, -0.073853, -0.338989, 0.488281, -2.746582, -0.427246,riding
B, 218275, -0.933105, -0.069458, -0.339600, 0.000000, -2.685547, -0.549316,riding
B, 218295, -0.932739, -0.069702, -0.341187, 0.244141, -2.563477, -0.366211,riding
A, 604642, -0.981689, 0.193726, -0.001587, -0.122070, -1.525879, -3.417970,riding
A, 604662, -0.982178, 0.192139, 0.002563, 0.122070, -1.647950, -3.479005,riding
A, 604682, -0.983521, 0.184448, 0.000366, 0.366211, -1.647950, -3.417970,riding
A, 604702, -0.985596, 0.173706, -0.007935, 0.366211, -1.708985, -3.356935,riding
A, 604722, -0.984131, 0.170898, -0.005371, -0.366211, -1.770020, -3.234864,riding
A, 604742, -0.985107, 0.175537, 0.003784, -0.244141, -1.831055, -3.112794,riding
A, 604762, -0.985962, 0.169312, 0.005737, 0.122070, -1.831055, -2.929688,riding
B, 218315, -0.933350, -0.072876, -0.338013, 0.427246, -2.441406, -0.305176,riding
A, 604782, -0.988159, 0.155762, 0.000610, 0.000000, -1.892090, -2.807618,riding
B, 218335, -0.935791, -0.067871, -0.329224, 0.244141, -2.197266, -0.244141,riding
A, 604802, -0.988770, 0.151733, 0.005859, -0.183106, -1.953125, -2.563477,riding
B, 218355, -0.937744, -0.068604, -0.326294, 0.061035, -2.014160, -0.305176,riding
A, 604822, -0.989380, 0.151123, 0.008301, -0.122070, -1.953125, -2.380371,riding
B, 218375, -0.937134, -0.073242, -0.328125, 0.122070, -1.892090, -0.244141,riding
A, 604842, -0.988403, 0.156982, 0.006958, -0.549316, -1.892090, -2.136230,riding
B, 218395, -0.935913, -0.068970, -0.331421, -0.305176, -1.708985, -0.366211,riding
A, 604862, -0.987915, 0.159546, 0.006226, -0.427246, -1.953125, -2.014160,riding
B, 218415, -0.936279, -0.062378, -0.332031, -0.122070, -1.525879, -0.244141,riding
A, 604882, -0.988525, 0.153320, 0.011719, -0.244141, -2.014160, -1.953125,riding
B, 218435, -0.936279, -0.066040, -0.329834, 0.000000, -1.281738, -0.183106,riding
A, 604902, -0.989624, 0.147705, 0.015015, -0.244141, -1.953125, -1.708985,riding
B, 218455, -0.937744, -0.067139, -0.326050, -0.122070, -1.098633, -0.244141,riding
A, 604922, -0.989746, 0.147827, 0.013306, -0.305176, -1.892090, -1.403809,riding
B, 218475, -0.938721, -0.061768, -0.323853, -0.305176, -0.854492, -0.366211,riding
A, 604942, -0.988403, 0.152100, 0.020630, -0.732422, -1.831055, -1.037598,riding
B, 218495, -0.938110, -0.059204, -0.326904, -0.427246, -0.671387, -0.427246,riding
A, 604962, -0.988281, 0.156372, 0.019653, -0.244141, -1.770020, -1.037598,riding
B, 218515, -0.937988, -0.064941, -0.328247, -0.061035, -0.427246, -0.305176,riding
A, 604982, -0.990356, 0.144897, 0.016235, -0.122070, -1.708985, -0.793457,riding
B, 218535, -0.938354, -0.065918, -0.325928, -0.122070, -0.305176, -0.427246,riding
A, 605002, -0.989990, 0.144287, 0.010742, -0.488281, -1.708985, -0.427246,riding
B, 218555, -0.938354, -0.061401, -0.325317, -0.366211, -0.061035, -0.427246,riding
A, 605022, -0.989014, 0.150391, 0.013794, -0.671387, -1.708985, -0.244141,riding
B, 218575, -0.937622, -0.064941, -0.328125, -0.488281, 0.122070, -0.488281,riding
A, 605042, -0.988525, 0.154419, 0.014526, -0.488281, -1.647950, -0.061035,riding
B, 218595, -0.936768, -0.069458, -0.327515, -0.183106, 0.427246, -0.427246,riding
A, 605062, -0.989746, 0.149536, 0.010010, -0.244141, -1.647950, 0.122070,riding
B, 218615, -0.939087, -0.066040, -0.325562, -0.549316, 0.610352, -0.549316,riding
A, 605082, -0.989014, 0.151733, 0.006470, -0.915528, -1.647950, 0.366211,riding
B, 218635, -0.937866, -0.062256, -0.328857, -0.671387, 0.793457, -0.488281,riding
A, 605102, -0.988281, 0.154907, 0.013672, -0.732422, -1.708985, 0.488281,riding
B, 218655, -0.935791, -0.066040, -0.332275, -0.732422, 0.976563, -0.549316,riding
A, 605122, -0.984741, 0.171753, 0.015015, -0.915528, -1.525879, 0.793457,riding
B, 218675, -0.932983, -0.064575, -0.338867, -0.915528, 1.037598, -0.671387,riding
A, 605142, -0.984741, 0.171265, 0.014404, -0.549316, -1.647950, 0.732422,riding
B, 218695, -0.934204, -0.060547, -0.338745, -0.549316, 1.220703, -0.488281,riding
A, 605162, -0.983887, 0.175659, 0.016479, -0.854492, -1.647950, 0.976563,riding
B, 218715, -0.934204, -0.058594, -0.339478, -0.732422, 1.220703, -0.610352,riding
A, 605182, -0.983521, 0.181396, 0.019287, -0.427246, -1.708985, 1.037598,riding
B, 218735, -0.932495, -0.065918, -0.342896, -0.793457, 1.342773, -0.671387,riding
A, 605202, -0.981812, 0.188477, 0.019165, -0.976563, -1.403809, 1.037598,riding
B, 218755, -0.931641, -0.058472, -0.346313, -0.732422, 1.342773, -0.732422,riding
A, 605222, -0.981201, 0.192261, 0.018311, -0.732422, -1.464844, 1.037598,riding
B, 218775, -0.930176, -0.057495, -0.349243, -0.793457, 1.342773, -0.732422,riding
A, 605242, -0.980591, 0.199219, 0.017090, -0.854492, -1.464844, 0.976563,riding
B, 218795, -0.928833, -0.061035, -0.351318, -0.549316, 1.342773, -0.671387,riding
A, 605262, -0.981567, 0.196045, 0.018921, -0.488281, -1.464844, 0.915528,riding
B, 218815, -0.928345, -0.063354, -0.350708, -0.488281, 1.342773, -0.671387,riding
A, 605282, -0.981201, 0.192871, 0.016113, -0.610352, -1.342773, 0.915528,riding
B, 218835, -0.929077, -0.061401, -0.350220, -0.549316, 1.342773, -0.732422,riding
A, 605302, -0.980835, 0.192139, 0.011719, -0.488281, -1.464844, 0.915528,riding
B, 218855, -0.929077, -0.062012, -0.350708, -0.427246, 1.403809, -0.671387,riding
A, 605322, -0.981201, 0.194580, 0.013916, -0.549316, -1.403809, 0.976563,riding
B, 218875, -0.928955, -0.065796, -0.352417, -0.549316, 1.342773, -0.732422,riding
A, 605342, -0.980225, 0.199097, 0.013550, -0.610352, -1.342773, 0.976563,riding
B, 218895, -0.929321, -0.064087, -0.354492, -0.610352, 1.342773, -0.793457,riding
A, 605362, -0.980225, 0.199951, 0.011475, -0.488281, -1.403809, 0.915528,riding
B, 218915, -0.927856, -0.059814, -0.354004, -0.427246, 1.342773, -0.732422,riding
A, 605382, -0.980103, 0.199707, 0.012207, -0.549316, -1.464844, 0.976563,riding
B, 218935, -0.927002, -0.061646, -0.355591, -0.488281, 1.342773, -0.732422,riding
A, 605402, -0.979126, 0.206177, 0.011841, -0.610352, -1.403809, 0.915528,riding
B, 218955, -0.926147, -0.065918, -0.360107, -0.549316, 1.281738, -0.793457,riding
A, 605422, -0.978149, 0.214478, 0.017334, -0.793457, -1.281738, 0.854492,riding
B, 218975, -0.924316, -0.061035, -0.363403, -0.671387, 1.159668, -0.854492,riding
A, 605442, -0.975952, 0.221436, 0.017700, -0.427246, -1.403809, 0.732422,riding
B, 218995, -0.923340, -0.056885, -0.366699, -0.488281, 1.037598, -0.793457,riding
A, 605462, -0.974609, 0.226440, 0.021362, -0.793457, -1.220703, 0.549316,riding
B, 219015, -0.922119, -0.058472, -0.370728, -0.610352, 0.793457, -0.915528,riding
A, 605482, -0.971558, 0.243042, 0.020142, -0.549316, -1.281738, 0.244141,riding
B, 219035, -0.919556, -0.060547, -0.375854, -0.427246, 0.610352, -0.915528,riding
A, 605502, -0.969727, 0.255371, 0.014893, -0.671387, -1.159668, 0.000000,riding
B, 219055, -0.917480, -0.058472, -0.380371, -0.427246, 0.305176, -0.976563,riding
A, 605522, -0.968750, 0.258545, 0.012085, -0.427246, -1.220703, -0.427246,riding
B, 219075, -0.916138, -0.059326, -0.383789, -0.244141, 0.061035, -0.915528,riding
A, 605542, -0.969238, 0.258789, 0.012085, -0.366211, -1.281738, -0.793457,riding
B, 219095, -0.916138, -0.062744, -0.383667, -0.122070, -0.305176, -0.915528,riding
A, 605562, -0.970215, 0.255371, 0.013550, -0.366211, -1.281738, -1.037598,riding
B, 219115, -0.916504, -0.031738, -0.382446, -0.183106, -0.793457, -0.976563,riding
A, 605582, -0.968628, 0.256470, 0.013916, -0.305176, -1.220703, -1.464844,riding
B, 219135, -0.917114, -0.057617, -0.380005, 0.183106, -1.037598, -0.854492,riding
A, 605602, -0.971558, 0.247803, 0.010986, 0.000000, -1.281738, -1.708985,riding
B, 219155, -0.919922, -0.064575, -0.375000, 0.183106, -1.281738, -0.915528,riding
A, 605622, -0.972900, 0.237671, 0.006348, -0.061035, -1.342773, -2.014160,riding
B, 219175, -0.921997, -0.066528, -0.370483, 0.244141, -1.525879, -0.793457,riding
A, 605642, -0.975342, 0.226685, 0.008911, -0.549316, -1.281738, -2.197266,riding
B, 219195, -0.921753, -0.063843, -0.368408, -0.122070, -1.708985, -0.976563,riding
A, 605662, -0.973633, 0.234619, 0.012939, -0.488281, -1.342773, -2.319336,riding
B, 219215, -0.920654, -0.060791, -0.371338, -0.061035, -1.892090, -0.915528,riding
A, 605682, -0.973633, 0.234009, 0.015869, -0.122070, -1.342773, -2.624512,riding
B, 219235, -0.919678, -0.060791, -0.372681, 0.183106, -2.075195, -0.854492,riding
A, 605702, -0.975098, 0.228271, 0.012085, 0.000000, -1.342773, -2.807618,riding
B, 219255, -0.921997, -0.064087, -0.367554, 0.305176, -2.319336, -0.854492,riding
A, 605722, -0.975342, 0.221436, 0.009888, -0.122070, -1.342773, -2.929688,riding
B, 219275, -0.923950, -0.061157, -0.362915, 0.244141, -2.441406, -0.854492,riding
A, 605742, -0.977417, 0.216187, 0.010986, -0.183106, -1.342773, -2.990724,riding
B, 219295, -0.924805, -0.063843, -0.360229, 0.305176, -2.502441, -0.854492,riding
A, 605762, -0.978271, 0.214111, 0.009521, -0.122070, -1.342773, -3.112794,riding
B, 219315, -0.925415, -0.067993, -0.360962, 0.244141, -2.624512, -0.854492,riding
A, 605782, -0.977539, 0.216797, 0.009033, -0.305176, -1.342773, -3.234864,riding
B, 219335, -0.924438, -0.063232, -0.362427, 0.183106, -2.807618, -0.854492,riding
A, 605802, -0.977295, 0.215088, 0.010376, 0.000000, -1.403809, -3.479005,riding
B, 219355, -0.926758, -0.059448, -0.359375, 0.549316, -2.807618, -0.732422,riding
A, 605822, -0.979980, 0.199707, 0.013184, 0.061035, -1.464844, -3.479005,riding
B, 219375, -0.927368, -0.064331, -0.354492, 0.549316, -2.868653, -0.732422,riding
A, 605842, -0.979492, 0.200439, 0.012573, -0.122070, -1.403809, -3.479005,riding
B, 219395, -0.928711, -0.063232, -0.353271, 0.305176, -2.990724, -0.854492,riding
A, 605862, -0.980713, 0.197144, 0.014282, 0.000000, -1.403809, -3.601075,riding
B, 219415, -0.929565, -0.058960, -0.348877, 0.488281, -2.990724, -0.793457,riding
A, 605882, -0.981201, 0.189941, 0.015869, 0.061035, -1.403809, -3.601075,riding
B, 219435, -0.931152, -0.062378, -0.345703, 0.549316, -2.929688, -0.732422,riding
A, 605902, -0.984131, 0.179443, 0.012207, 0.305176, -1.464844, -3.601075,riding
B, 219455, -0.932739, -0.067261, -0.342285, 0.732422, -2.929688, -0.732422,riding
A, 605922, -0.986084, 0.171509, 0.007935, 0.122070, -1.403809, -3.540040,riding
B, 219475, -0.933228, -0.066040, -0.338989, 0.549316, -2.807618, -0.793457,riding
A, 605942, -0.986206, 0.163208, 0.009644, 0.183106, -1.464844, -3.356935,riding
B, 219495, -0.936646, -0.062500, -0.333740, 0.610352, -2.685547, -0.732422,riding
A, 605962, -0.988770, 0.151123, 0.012573, 0.244141, -1.464844, -3.173829,riding
B, 219515, -0.937012, -0.070313, -0.327515, 0.549316, -2.380371, -0.732422,riding
A, 605982, -0.989502, 0.146240, 0.005615, 0.122070, -1.403809, -2.929688,riding
B, 219535, -0.938477, -0.072021, -0.323853, 0.427246, -2.197266, -0.671387,riding
A, 606002, -0.992188, 0.134521, -0.002441, 0.244141, -1.525879, -2.624512,riding
B, 219555, -0.941406, -0.069214, -0.319092, 0.549316, -1.831055, -0.549316,riding
A, 606022, -0.994385, 0.122925, 0.000122, 0.061035, -1.647950, -2.136230,riding
B, 219575, -0.942505, -0.070435, -0.314697, 0.244141, -1.586915, -0.549316,riding
A, 606042, -0.993652, 0.125854, 0.004639, -0.549316, -1.586915, -1.770020,riding
B, 219595, -0.941040, -0.072144, -0.316040, -0.244141, -1.281738, -0.671387,riding
A, 606062, -0.992920, 0.133423, 0.006470, -0.488281, -1.525879, -1.342773,riding
B, 219615, -0.941162, -0.069092, -0.319946, -0.305176, -0.976563, -0.671387,riding
A, 606082, -0.992676, 0.131958, 0.006470, -0.244141, -1.647950, -1.159668,riding
B, 219635, -0.940674, -0.065430, -0.319214, -0.061035, -0.671387, -0.549316,riding
A, 606102, -0.993042, 0.127686, 0.008423, -0.488281, -1.708985, -0.793457,riding
B, 219655, -0.940674, -0.067749, -0.319336, -0.488281, -0.244141, -0.610352,riding
A, 606122, -0.992676, 0.136841, 0.012817, -0.793457, -1.647950, -0.366211,riding
B, 219675, -0.940063, -0.065430, -0.323120, -0.488281, 0.000000, -0.610352,riding
A, 606142, -0.989014, 0.145752, 0.018188, -0.671387, -1.586915, -0.183106,riding
B, 219695, -0.938477, -0.059814, -0.326294, -0.610352, 0.244141, -0.671387,riding
A, 606162, -0.987793, 0.157959, 0.021729, -0.549316, -1.525879, 0.061035,riding
B, 219715, -0.938110, -0.056885, -0.329102, -0.488281, 0.488281, -0.610352,riding
A, 606182, -0.988403, 0.153320, 0.020752, -0.366211, -1.464844, 0.183106,riding
B, 219735, -0.938232, -0.063110, -0.329102, -0.305176, 0.671387, -0.610352,riding
A, 606202, -0.988281, 0.153809, 0.014771, -0.610352, -1.403809, 0.427246,riding
B, 219755, -0.936401, -0.063721, -0.330322, -0.549316, 0.854492, -0.671387,riding
A, 606222, -0.987549, 0.157227, 0.009888, -0.549316, -1.464844, 0.671387,riding
B, 219775, -0.936279, -0.063232, -0.333374, -0.549316, 1.037598, -0.732422,riding
A, 606242, -0.985718, 0.166504, 0.010864, -0.854492, -1.464844, 0.854492,riding
B, 219795, -0.934326, -0.064209, -0.337524, -0.732422, 1.220703, -0.732422,riding
A, 606262, -0.984985, 0.173950, 0.013672, -0.549316, -1.464844, 0.854492,riding
B, 219815, -0.934570, -0.065063, -0.338013, -0.488281, 1.342773, -0.671387,riding
A, 606282, -0.986206, 0.171387, 0.015747, -0.671387, -1.403809, 0.976563,riding
B, 219835, -0.933594, -0.062134, -0.337158, -0.671387, 1.403809, -0.732422,riding
A, 606302, -0.985107, 0.173340, 0.013184, -0.610352, -1.403809, 1.037598,riding
B, 219855, -0.932617, -0.061401, -0.340210, -0.610352, 1.464844, -0.732422,riding
A, 606322, -0.983765, 0.178711, 0.010986, -0.732422, -1.403809, 1.159668,riding
B, 219875, -0.930908, -0.065186, -0.344238, -0.671387, 1.525879, -0.732422,riding
A, 606342, -0.983154, 0.182983, 0.010986, -0.610352, -1.464844, 1.281738,riding
B, 219895, -0.930664, -0.067749, -0.346313, -0.549316, 1.647950, -0.671387,riding
A, 606362, -0.981079, 0.192139, 0.016602, -0.976563, -1.403809, 1.342773,riding
B, 219915, -0.929443, -0.058350, -0.350098, -0.854492, 1.647950, -0.793457,riding
A, 606382, -0.978760, 0.204224, 0.019165, -0.732422, -1.403809, 1.342773,riding
B, 219935, -0.927002, -0.059448, -0.357056, -0.671387, 1.525879, -0.793457,riding
A, 606402, -0.977173, 0.213379, 0.013550, -0.671387, -1.342773, 1.159668,riding
B, 219955, -0.925537, -0.063599, -0.360352, -0.549316, 1.525879, -0.732422,riding
A, 606422, -0.976929, 0.214722, 0.011841, -0.549316, -1.342773, 1.037598,riding
B, 219975, -0.925415, -0.062500, -0.360962, -0.549316, 1.403809, -0.732422,riding
A, 606442, -0.977539, 0.218018, 0.013672, -0.793457, -1.342773, 0.976563,riding
B, 219995, -0.923706, -0.059326, -0.362671, -0.610352, 1.281738, -0.793457,riding
A, 606462, -0.974731, 0.224121, 0.016479, -0.732422, -1.342773, 0.793457,riding
B, 220015, -0.923950, -0.060547, -0.364746, -0.549316, 1.098633, -0.793457,riding
A, 606482, -0.974365, 0.229004, 0.019653, -0.671387, -1.342773, 0.671387,riding
B, 220035, -0.922241, -0.061157, -0.368164, -0.610352, 0.915528, -0.854492,riding
A, 606502, -0.973267, 0.236572, 0.021362, -0.793457, -1.220703, 0.427246,riding
B, 220055, -0.920410, -0.054932, -0.373169, -0.427246, 0.610352, -0.854492,riding
B, 220075, -0.919678, -0.059082, -0.375122, -0.244141, 0.427246, -0.854492,riding
B, 220095, -0.919678, -0.062866, -0.375488, -0.244141, 0.183106, -0.915528,riding
B, 220115, -0.919800, -0.058716, -0.376465, -0.366211, -0.061035, -0.976563,riding
B, 220135, -0.918945, -0.056274, -0.377808, -0.122070, -0.366211, -0.976563,riding
B, 220155, -0.919067, -0.061035, -0.377563, 0.122070, -0.610352, -0.915528,riding
B, 220175, -0.920166, -0.066895, -0.372314, 0.122070, -0.976563, -0.915528,riding
A, 606522, -0.972656, 0.239990, 0.018677, -0.366211, -1.281738, 0.000000,riding
A, 606542, -0.972168, 0.240479, 0.015015, -0.366211, -1.220703, -0.183106,riding
A, 606562, -0.972046, 0.246460, 0.016846, -0.610352, -1.159668, -0.427246,riding
A, 606582, -0.970581, 0.251587, 0.020508, -0.427246, -1.159668, -0.793457,riding
A, 606602, -0.970825, 0.250854, 0.016846, -0.183106, -1.220703, -1.159668,riding
A, 606622, -0.972168, 0.242920, 0.005615, -0.061035, -1.159668, -1.464844,riding
A, 606642, -0.974365, 0.233765, 0.003662, -0.305176, -1.220703, -1.647950,riding
B, 220195, -0.921753, -0.063110, -0.369019, -0.061035, -1.281738, -0.976563,riding
A, 606662, -0.974243, 0.231323, 0.008911, -0.305176, -1.281738, -1.831055,riding
B, 220215, -0.921265, -0.063110, -0.369507, 0.122070, -1.403809, -0.915528,riding
A, 606682, -0.974243, 0.230591, 0.012817, -0.244141, -1.220703, -1.953125,riding
B, 220235, -0.921265, -0.065918, -0.370239, 0.122070, -1.586915, -0.854492,riding
B, 220255, -0.921753, -0.066772, -0.368530, 0.244141, -1.770020, -0.854492,riding
B, 220275, -0.921631, -0.065918, -0.365356, 0.000000, -1.953125, -0.854492,riding
B, 220295, -0.923462, -0.067627, -0.365479, 0.183106, -2.075195, -0.671387,riding
B, 220315, -0.924316, -0.067627, -0.361206, 0.305176, -2.258301, -0.610352,riding
B, 220335, -0.924194, -0.063232, -0.358887, 0.122070, -2.380371, -0.610352,riding
A, 606702, -0.974976, 0.228516, -0.001709, -0.061035, -1.342773, -2.258301,riding
A, 606722, -0.974854, 0.225464, -0.002319, -0.427246, -1.403809, -2.380371,riding
A, 606742, -0.975220, 0.224976, 0.003906, -0.122070, -1.525879, -2.624512,riding
A, 606762, -0.976685, 0.219238, 0.004395, -0.061035, -1.525879, -2.746582,riding
A, 606782, -0.979004, 0.212158, 0.001587, -0.061035, -1.647950, -2.868653,riding
A, 606802, -0.978271, 0.208862, 0.006470, -0.549316, -1.586915, -2.929688,riding
B, 220355, -0.925415, -0.061768, -0.359009, 0.000000, -2.502441, -0.610352,riding
A, 606822, -0.977661, 0.210815, 0.013916, -0.122070, -1.708985, -3.051759,riding
B, 220375, -0.926270, -0.065918, -0.358521, 0.366211, -2.502441, -0.488281,riding
A, 606842, -0.979736, 0.202637, 0.009644, 0.122070, -1.647950, -3.173829,riding
B, 220395, -0.927246, -0.066528, -0.353149, 0.488281, -2.563477, -0.427246,riding
A, 606862, -0.983765, 0.183960, -0.001831, 0.183106, -1.770020, -3.173829,riding
B, 220415, -0.930664, -0.066528, -0.345947, 0.488281, -2.563477, -0.366211,riding
A, 606882, -0.984619, 0.171997, 0.003540, -0.061035, -1.892090, -3.051759,riding
B, 220435, -0.933228, -0.068115, -0.339844, 0.244141, -2.441406, -0.366211,riding
A, 606902, -0.986938, 0.162354, 0.014526, -0.183106, -1.892090, -2.929688,riding
B, 220455, -0.934814, -0.065674, -0.335083, 0.122070, -2.319336, -0.427246,riding
A, 606922, -0.985962, 0.163696, 0.015259, -0.427246, -1.770020, -2.685547,riding
B, 220475, -0.935547, -0.059937, -0.336060, 0.000000, -2.136230, -0.427246,riding
A, 606942, -0.987061, 0.160400, 0.010620, 0.061035, -1.892090, -2.624512,riding
B, 220495, -0.935547, -0.062988, -0.334717, 0.305176, -2.014160, -0.244141,riding
A, 606962, -0.989014, 0.152710, 0.010010, -0.183106, -1.892090, -2.380371,riding
B, 220515, -0.936157, -0.066284, -0.331665, 0.122070, -1.770020, -0.305176,riding
A, 606982, -0.990479, 0.146240, 0.011108, 0.061035, -1.892090, -2.136230,riding
B, 220535, -0.938721, -0.067139, -0.326782, 0.244141, -1.525879, -0.244141,riding
A, 607002, -0.991455, 0.141113, 0.008423, -0.183106, -1.892090, -1.831055,riding
B, 220555, -0.939087, -0.064941, -0.323120, 0.000000, -1.281738, -0.305176,riding
A, 607022, -0.990723, 0.141479, 0.005859, -0.305176, -1.953125, -1.525879,riding
B, 220575, -0.938843, -0.065918, -0.325073, -0.244141, -0.976563, -0.305176,riding
A, 607042, -0.989014, 0.151855, 0.013184, -0.671387, -1.892090, -1.098633,riding
B, 220595, -0.937744, -0.065063, -0.329468, -0.427246, -0.732422, -0.366211,riding
A, 607062, -0.988525, 0.153198, 0.013550, -0.244141, -1.953125, -0.976563,riding
B, 220615, -0.936890, -0.062622, -0.331543, -0.122070, -0.488281, -0.244141,riding
A, 607082, -0.988647, 0.152588, 0.011719, -0.488281, -1.953125, -0.732422,riding
B, 220635, -0.936768, -0.060913, -0.332275, -0.366211, -0.305176, -0.305176,riding
A, 607102, -0.988403, 0.154907, 0.010376, -0.366211, -1.953125, -0.488281,riding
B, 220655, -0.935913, -0.064575, -0.330566, -0.305176, -0.122070, -0.183106,riding
A, 607122, -0.987061, 0.159424, 0.012939, -0.610352, -1.892090, -0.305176,riding
B, 220675, -0.935303, -0.064819, -0.331787, -0.549316, 0.061035, -0.244141,riding
A, 607142, -0.986450, 0.165894, 0.017456, -0.671387, -1.831055, -0.122070,riding
B, 220695, -0.936401, -0.058350, -0.333740, -0.610352, 0.183106, -0.305176,riding
A, 607162, -0.984619, 0.171631, 0.022217, -0.671387, -1.892090, -0.122070,riding
B, 220715, -0.934937, -0.057007, -0.339844, -0.610352, 0.305176, -0.305176,riding
A, 607182, -0.983276, 0.180054, 0.024414, -0.732422, -1.831055, -0.061035,riding
B, 220735, -0.932007, -0.058472, -0.345093, -0.610352, 0.427246, -0.366211,riding
A, 607202, -0.982544, 0.183472, 0.024780, -0.488281, -1.831055, 0.000000,riding
B, 220755, -0.930786, -0.057373, -0.345825, -0.488281, 0.366211, -0.427246,riding
A, 607222, -0.982788, 0.186157, 0.023315, -0.366211, -1.770020, 0.122070,riding
B, 220775, -0.930298, -0.053467, -0.345703, -0.366211, 0.488281, -0.366211,riding
A, 607242, -0.981079, 0.186401, 0.030151, -0.610352, -1.708985, 0.183106,riding
B, 220795, -0.932495, -0.054199, -0.344727, -0.488281, 0.488281, -0.488281,riding
A, 607262, -0.979004, 0.198486, 0.030273, -0.671387, -1.525879, 0.122070,riding
B, 220815, -0.930176, -0.053467, -0.348877, -0.549316, 0.488281, -0.610352,riding
A, 607282, -0.980347, 0.199219, 0.024658, -0.305176, -1.525879, 0.000000,riding
B, 220835, -0.929565, -0.055176, -0.349243, -0.305176, 0.488281, -0.610352,riding
A, 607302, -0.981445, 0.192383, 0.016357, -0.305176, -1.525879, -0.122070,riding
B, 220855, -0.930298, -0.058105, -0.347900, -0.183106, 0.427246, -0.549316,riding
A, 607322, -0.982666, 0.185913, 0.015747, -0.427246, -1.525879, 0.000000,riding
B, 220875, -0.930298, -0.060791, -0.348511, -0.305176, 0.488281, -0.610352,riding
A, 607342, -0.982666, 0.186768, 0.016846, -0.366211, -1.586915, 0.061035,riding
B, 220895, -0.929443, -0.060425, -0.349243, -0.366211, 0.488281, -0.610352,riding
A, 607362, -0.982422, 0.191284, 0.019165, -0.671387, -1.464844, 0.122070,riding
B, 220915, -0.929810, -0.056152, -0.350708, -0.549316, 0.488281, -0.732422,riding
A, 607382, -0.979858, 0.197998, 0.018677, -0.366211, -1.525879, 0.061035,riding
B, 220935, -0.930054, -0.056641, -0.351074, -0.244141, 0.488281, -0.671387,riding
A, 607402, -0.979370, 0.200562, 0.021606, -0.488281, -1.464844, 0.061035,riding
B, 220955, -0.928711, -0.058105, -0.351807, -0.427246, 0.427246, -0.732422,riding
A, 607422, -0.979370, 0.200195, 0.021973, -0.427246, -1.403809, 0.000000,riding
B, 220975, -0.929321, -0.057373, -0.354126, -0.366211, 0.366211, -0.732422,riding
A, 607442, -0.979858, 0.204102, 0.019531, -0.549316, -1.342773, 0.000000,riding
B, 220995, -0.927002, -0.054932, -0.357544, -0.427246, 0.305176, -0.854492,riding
A, 607462, -0.977905, 0.213013, 0.023071, -0.610352, -1.403809, -0.061035,riding
B, 221015, -0.924927, -0.053833, -0.361206, -0.305176, 0.305176, -0.854492,riding
A, 607482, -0.977173, 0.218140, 0.024414, -0.427246, -1.281738, -0.244141,riding
B, 221035, -0.925415, -0.055786, -0.361938, -0.183106, 0.183106, -0.793457,riding
A, 607502, -0.976685, 0.218872, 0.017456, -0.183106, -1.342773, -0.366211,riding
B, 221055, -0.924927, -0.058594, -0.360962, -0.061035, 0.061035, -0.793457,riding
A, 607522, -0.976563, 0.219727, 0.012939, -0.427246, -1.281738, -0.427246,riding
B, 221075, -0.925781, -0.058594, -0.361450, -0.183106, -0.061035, -0.915528,riding
A, 607542, -0.975586, 0.220093, 0.018921, -0.366211, -1.403809, -0.671387,riding
B, 221095, -0.924438, -0.056274, -0.361328, -0.244141, -0.305176, -0.915528,riding
A, 607562, -0.976440, 0.220215, 0.023193, -0.183106, -1.281738, -0.976563,riding
B, 221115, -0.924438, -0.057007, -0.363281, 0.061035, -0.366211, -0.854492,riding
A, 607582, -0.978394, 0.210083, 0.008667, 0.061035, -1.281738, -1.098633,riding
B, 221135, -0.926025, -0.062988, -0.360107, 0.183106, -0.427246, -0.793457,riding
A, 607602, -0.978882, 0.205444, -0.003540, -0.305176, -1.342773, -1.037598,riding
B, 221155, -0.925781, -0.067017, -0.358765, -0.122070, -0.610352, -0.854492,riding
A, 607622, -0.978638, 0.213135, 0.000000, -0.488281, -1.464844, -1.037598,riding
B, 221175, -0.924927, -0.065063, -0.360474, -0.183106, -0.671387, -0.793457,riding
A, 607642, -0.978394, 0.218018, 0.005371, -0.427246, -1.525879, -1.159668,riding
B, 221195, -0.925049, -0.065796, -0.360474, -0.183106, -0.793457, -0.610352,riding
A, 607662, -0.976685, 0.220215, 0.004150, -0.488281, -1.586915, -1.342773,riding
B, 221215, -0.924561, -0.063110, -0.361328, -0.244141, -0.915528, -0.610352,riding
A, 607682, -0.975952, 0.222290, 0.008423, -0.671387, -1.647950, -1.464844,riding
B, 221235, -0.922852, -0.057983, -0.364868, -0.366211, -1.159668, -0.549316,riding
A, 607702, -0.974487, 0.228149, 0.020874, -0.549316, -1.708985, -1.708985,riding
B, 221255, -0.923828, -0.054565, -0.365356, -0.122070, -1.281738, -0.549316,riding
A, 607722, -0.975342, 0.224121, 0.032593, -0.305176, -1.647950, -1.892090,riding
B, 221275, -0.924438, -0.051636, -0.364014, -0.061035, -1.464844, -0.671387,riding
A, 607742, -0.975464, 0.222046, 0.036255, -0.488281, -1.403809, -2.014160,riding
B, 221295, -0.924683, -0.047363, -0.364380, -0.122070, -1.647950, -0.854492,riding
A, 607762, -0.973389, 0.231201, 0.036011, -0.366211, -1.342773, -2.258301,riding
B, 221315, -0.922974, -0.047485, -0.367432, 0.000000, -1.831055, -0.854492,riding
A, 607782, -0.973755, 0.231934, 0.033325, -0.183106, -1.220703, -2.563477,riding
B, 221335, -0.922852, -0.050903, -0.365601, 0.244141, -1.953125, -0.915528,riding
A, 607802, -0.975464, 0.224243, 0.029663, -0.122070, -1.098633, -2.685547,riding
B, 221355, -0.924316, -0.052002, -0.361328, 0.244141, -2.197266, -1.037598,riding
A, 607822, -0.974976, 0.224609, 0.021973, -0.183106, -1.098633, -2.929688,riding
B, 221375, -0.925415, -0.054321, -0.360352, 0.427246, -2.380371, -1.037598,riding
A, 607842, -0.977539, 0.214478, 0.018433, 0.000000, -1.098633, -3.112794,riding
B, 221395, -0.926880, -0.059570, -0.357056, 0.305176, -2.502441, -1.098633,riding
A, 607862, -0.978394, 0.206055, 0.016968, -0.061035, -1.037598, -3.234864,riding
B, 221415, -0.927612, -0.059570, -0.353638, 0.610352, -2.563477, -1.037598,riding
A, 607882, -0.981445, 0.191772, 0.013062, 0.305176, -1.098633, -3.295899,riding
B, 221435, -0.931274, -0.061646, -0.346313, 0.549316, -2.563477, -0.976563,riding
A, 607902, -0.984009, 0.179443, 0.004761, 0.122070, -1.098633, -3.173829,riding
B, 221455, -0.932739, -0.065552, -0.341675, 0.549316, -2.563477, -0.976563,riding
A, 607922, -0.986328, 0.169800, -0.002930, 0.122070, -1.342773, -3.051759,riding
B, 221475, -0.933105, -0.071411, -0.336792, 0.549316, -2.502441, -0.793457,riding
A, 607942, -0.987549, 0.162476, -0.004395, 0.061035, -1.403809, -2.990724,riding
B, 221495, -0.935791, -0.070190, -0.332153, 0.366211, -2.319336, -0.671387,riding
A, 607962, -0.988281, 0.157471, -0.005859, -0.061035, -1.525879, -2.746582,riding
B, 221515, -0.936035, -0.069824, -0.329590, 0.183106, -2.136230, -0.671387,riding
A, 607982, -0.989746, 0.150513, -0.001953, -0.244141, -1.647950, -2.563477,riding
B, 221535, -0.937500, -0.068970, -0.327393, 0.061035, -1.953125, -0.549316,riding
A, 608002, -0.989746, 0.145874, 0.003174, -0.244141, -1.708985, -2.319336,riding
B, 221555, -0.938477, -0.066528, -0.326538, 0.061035, -1.708985, -0.488281,riding
A, 608022, -0.990234, 0.142456, 0.006592, -0.366211, -1.770020, -2.075195,riding
B, 221575, -0.939697, -0.064819, -0.325439, 0.000000, -1.525879, -0.427246,riding
A, 608042, -0.991089, 0.138062, 0.007202, -0.183106, -1.892090, -1.770020,riding
B, 221595, -0.938843, -0.062622, -0.322632, 0.000000, -1.281738, -0.366211,riding
A, 608062, -0.991333, 0.136841, 0.008423, -0.366211, -1.831055, -1.525879,riding
B, 221615, -0.940308, -0.063477, -0.320313, -0.122070, -0.915528, -0.305176,riding
A, 608082, -0.991089, 0.137573, 0.015259, -0.793457, -1.831055, -1.037598,riding
B, 221635, -0.939941, -0.059692, -0.322388, -0.488281, -0.671387, -0.427246,riding
A, 608102, -0.988281, 0.147095, 0.022339, -0.427246, -1.831055, -0.854492,riding
B, 221655, -0.938477, -0.056519, -0.324829, -0.244141, -0.366211, -0.366211,riding
A, 608122, -0.989624, 0.146729, 0.021484, -0.366211, -1.770020, -0.671387,riding
B, 221675, -0.939575, -0.058472, -0.326172, -0.305176, -0.122070, -0.366211,riding
A, 608142, -0.991211, 0.138916, 0.022217, -0.305176, -1.831055, -0.488281,riding
B, 221695, -0.939697, -0.057739, -0.322754, -0.244141, 0.122070, -0.305176,riding
A, 608162, -0.990967, 0.136108, 0.027222, -0.793457, -1.708985, -0.061035,riding
B, 221715, -0.942017, -0.054810, -0.320190, -0.549316, 0.366211, -0.549316,riding
A, 608182, -0.990112, 0.138062, 0.036133, -0.793457, -1.586915, 0.305176,riding
B, 221735, -0.940796, -0.051514, -0.322510, -0.549316, 0.610352, -0.610352,riding
A, 608202, -0.987549, 0.152832, 0.036621, -0.854492, -1.464844, 0.488281,riding
B, 221755, -0.939453, -0.050171, -0.327393, -0.610352, 0.854492, -0.671387,riding
A, 608222, -0.987061, 0.155029, 0.037476, -0.366211, -1.403809, 0.671387,riding
B, 221775, -0.937744, -0.050659, -0.331055, -0.610352, 1.159668, -0.854492,riding
A, 608242, -0.986694, 0.160767, 0.036011, -0.793457, -1.220703, 0.854492,riding
B, 221795, -0.936035, -0.049805, -0.335815, -0.549316, 1.220703, -0.976563,riding
A, 608262, -0.985229, 0.171021, 0.029297, -0.488281, -1.159668, 0.976563,riding
B, 221815, -0.934814, -0.053711, -0.337769, -0.427246, 1.403809, -0.976563,riding
A, 608282, -0.984131, 0.179565, 0.017700, -0.610352, -1.037598, 1.098633,riding
B, 221835, -0.932983, -0.059937, -0.341553, -0.549316, 1.464844, -1.098633,riding
A, 608302, -0.982056, 0.184082, 0.010742, -0.488281, -1.098633, 1.159668,riding
B, 221855, -0.932129, -0.060425, -0.343872, -0.427246, 1.525879, -1.037598,riding
A, 608322, -0.983276, 0.182861, 0.009888, -0.488281, -1.159668, 1.159668,riding
B, 221875, -0.932129, -0.061646, -0.343750, -0.366211, 1.586915, -0.915528,riding
A, 608342, -0.983276, 0.181641, 0.009766, -0.488281, -1.220703, 1.220703,riding
B, 221895, -0.931641, -0.063354, -0.345947, -0.549316, 1.647950, -0.915528,riding
A, 608362, -0.983032, 0.186890, 0.010498, -0.610352, -1.220703, 1.281738,riding
B, 221915, -0.929932, -0.061890, -0.349365, -0.610352, 1.647950, -0.915528,riding
A, 608382, -0.981201, 0.194946, 0.010010, -0.671387, -1.281738, 1.342773,riding
B, 221935, -0.928345, -0.060669, -0.352905, -0.549316, 1.647950, -0.854492,riding
A, 608402, -0.980103, 0.199463, 0.007446, -0.488281, -1.281738, 1.281738,riding
B, 221955, -0.927124, -0.063477, -0.354736, -0.488281, 1.647950, -0.793457,riding
A, 608422, -0.979980, 0.202515, 0.012939, -0.671387, -1.342773, 1.281738,riding
B, 221975, -0.926392, -0.060669, -0.355591, -0.732422, 1.586915, -0.854492,riding
A, 608442, -0.977661, 0.212158, 0.014648, -0.488281, -1.403809, 1.159668,riding
B, 221995, -0.926270, -0.057739, -0.358643, -0.488281, 1.525879, -0.732422,riding
A, 608462, -0.977905, 0.212891, 0.010742, -0.610352, -1.403809, 1.037598,riding
B, 222015, -0.925537, -0.060669, -0.359863, -0.488281, 1.464844, -0.732422,riding
A, 608482, -0.975220, 0.222168, 0.012329, -0.854492, -1.403809, 1.037598,riding
B, 222035, -0.922974, -0.059082, -0.366699, -0.854492, 1.220703, -0.793457,riding
B, 222055, -0.920410, -0.051758, -0.374146, -0.793457, 0.976563, -0.854492,riding
A, 608502, -0.973145, 0.237305, 0.022217, -0.976563, -1.403809, 0.793457,riding
A, 608522, -0.970825, 0.250977, 0.030151, -0.732422, -1.342773, 0.488281,riding
B, 222075, -0.918335, -0.049805, -0.380737, -0.488281, 0.732422, -0.854492,riding
A, 608542, -0.968872, 0.256470, 0.029907, -0.427246, -1.342773, 0.122070,riding
B, 222095, -0.916870, -0.050171, -0.382202, -0.305176, 0.427246, -0.854492,riding
A, 608562, -0.968506, 0.258789, 0.031250, -0.610352, -1.281738, -0.122070,riding
B, 222115, -0.917725, -0.048340, -0.382935, -0.366211, 0.122070, -0.976563,riding
A, 608582, -0.967651, 0.261108, 0.033813, -0.427246, -1.098633, -0.610352,riding
B, 222135, -0.917358, -0.048828, -0.382202, -0.122070, -0.183106, -1.037598,riding
A, 608602, -0.967773, 0.260986, 0.027466, -0.183106, -1.098633, -0.976563,riding
B, 222155, -0.915527, -0.056885, -0.383789, 0.000000, -0.793457, -1.159668,riding
A, 608622, -0.968018, 0.265381, 0.015747, -0.305176, -0.976563, -1.525879,riding
B, 222175, -0.916138, -0.055176, -0.385010, 0.061035, -1.098633, -1.159668,riding
A, 608642, -0.968750, 0.264038, 0.014893, -0.183106, -1.098633, -1.892090,riding
B, 222195, -0.916748, -0.056641, -0.385010, 0.183106, -1.403809, -1.098633,riding
A, 608662, -0.969360, 0.258789, 0.016235, -0.122070, -1.098633, -2.258301,riding
B, 222215, -0.916382, -0.056885, -0.381958, 0.305176, -1.770020, -1.037598,riding
A, 608682, -0.970581, 0.249634, 0.017578, -0.061035, -1.098633, -2.624512,riding
B, 222235, -0.918701, -0.057617, -0.377808, 0.305176, -2.075195, -1.098633,riding
A, 608702, -0.972290, 0.245361, 0.014404, -0.183106, -1.037598, -2.868653,riding
B, 222255, -0.920532, -0.057739, -0.374268, 0.305176, -2.319336, -1.098633,riding
A, 608722, -0.973022, 0.239624, 0.007813, 0.061035, -1.159668, -3.173829,riding
B, 222275, -0.921021, -0.062622, -0.372559, 0.427246, -2.563477, -1.037598,riding
A, 608742, -0.973267, 0.235840, -0.003296, 0.000000, -1.159668, -3.417970,riding
B, 222295, -0.921509, -0.069580, -0.368652, 0.488281, -2.929688, -0.915528,riding
A, 608762, -0.976685, 0.223633, -0.001831, -0.244141, -1.281738, -3.662110,riding
B, 222315, -0.924683, -0.063477, -0.361694, 0.122070, -3.112794, -0.976563,riding
A, 608782, -0.978760, 0.210327, 0.004395, 0.061035, -1.464844, -3.845216,riding
B, 222335, -0.927246, -0.064209, -0.356445, 0.549316, -3.112794, -0.671387,riding
A, 608802, -0.981323, 0.194824, -0.001465, 0.061035, -1.464844, -3.723145,riding
B, 222355, -0.927612, -0.069580, -0.351929, 0.427246, -3.295899, -0.732422,riding
A, 608822, -0.980591, 0.197510, -0.005859, -0.244141, -1.586915, -3.906251,riding
B, 222375, -0.927490, -0.069702, -0.351807, 0.183106, -3.234864, -0.671387,riding
A, 608842, -0.982910, 0.186279, 0.003174, -0.122070, -1.708985, -3.845216,riding
B, 222395, -0.930908, -0.065796, -0.346436, 0.305176, -3.234864, -0.488281,riding
A, 608862, -0.984863, 0.176514, 0.007813, 0.122070, -1.831055, -3.784181,riding
B, 222415, -0.931763, -0.063843, -0.342651, 0.549316, -3.173829, -0.305176,riding
A, 608882, -0.984253, 0.173096, 0.012939, -0.427246, -1.770020, -3.662110,riding
B, 222435, -0.933472, -0.062256, -0.339233, 0.122070, -3.051759, -0.427246,riding
A, 608902, -0.985107, 0.171509, 0.013184, -0.061035, -1.770020, -3.540040,riding
B, 222455, -0.935913, -0.060791, -0.335083, 0.366211, -2.868653, -0.305176,riding
A, 608922, -0.987793, 0.159180, 0.005737, 0.183106, -1.892090, -3.479005,riding
B, 222475, -0.937744, -0.066650, -0.329712, 0.488281, -2.746582, -0.183106,riding
A, 608942, -0.990601, 0.146606, 0.000122, 0.122070, -2.014160, -3.234864,riding
B, 222495, -0.938965, -0.069092, -0.325684, 0.244141, -2.502441, -0.183106,riding
A, 608962, -0.992188, 0.133667, 0.008057, -0.183106, -2.075195, -2.746582,riding
B, 222515, -0.940063, -0.066284, -0.321289, 0.122070, -2.319336, -0.183106,riding
A, 608982, -0.991821, 0.135254, 0.016479, -0.366211, -2.136230, -2.441406,riding
B, 222535, -0.939697, -0.061523, -0.321167, -0.061035, -2.075195, -0.183106,riding
A, 609002, -0.990601, 0.138306, 0.020508, -0.244141, -2.075195, -2.197266,riding
B, 222555, -0.941406, -0.058838, -0.319824, 0.122070, -1.525879, -0.122070,riding
A, 609022, -0.992920, 0.130249, 0.019531, 0.061035, -2.075195, -1.831055,riding
B, 222575, -0.943604, -0.061646, -0.316406, 0.061035, -1.281738, -0.122070,riding
A, 609042, -0.993652, 0.124268, 0.012451, -0.061035, -2.075195, -1.586915,riding
B, 222595, -0.942749, -0.062622, -0.314819, -0.061035, -0.976563, -0.122070,riding
A, 609062, -0.993286, 0.127686, 0.020630, -0.793457, -2.014160, -1.037598,riding
B, 222615, -0.941284, -0.057983, -0.320068, -0.732422, -0.732422, -0.305176,riding
A, 609082, -0.988525, 0.151489, 0.028320, -0.854492, -1.953125, -0.793457,riding
B, 222635, -0.938721, -0.052246, -0.328979, -0.427246, -0.427246, -0.244141,riding
A, 609102, -0.987305, 0.157837, 0.029419, -0.305176, -1.892090, -0.793457,riding
B, 222655, -0.937622, -0.055664, -0.330078, -0.122070, -0.244141, -0.183106,riding
A, 609122, -0.987793, 0.154663, 0.020752, -0.061035, -1.892090, -0.610352,riding
B, 222675, -0.937866, -0.058228, -0.327637, -0.122070, -0.061035, -0.244141,riding
A, 609142, -0.987305, 0.155884, 0.021484, -0.671387, -1.831055, -0.244141,riding
B, 222695, -0.937988, -0.054932, -0.328369, -0.488281, 0.122070, -0.305176,riding
A, 609162, -0.987061, 0.157715, 0.023682, -0.488281, -1.831055, -0.122070,riding
B, 222715, -0.935791, -0.058350, -0.330444, -0.366211, 0.305176, -0.366211,riding
A, 609182, -0.985840, 0.164185, 0.022461, -0.732422, -1.770020, 0.061035,riding
B, 222735, -0.935669, -0.057617, -0.335327, -0.671387, 0.366211, -0.427246,riding
A, 609202, -0.983765, 0.177612, 0.025391, -0.671387, -1.770020, 0.122070,riding
B, 222755, -0.933228, -0.051025, -0.340332, -0.549316, 0.488281, -0.427246,riding
A, 609222, -0.981934, 0.182373, 0.028931, -0.427246, -1.770020, 0.122070,riding
B, 222775, -0.933350, -0.051636, -0.341309, -0.366211, 0.549316, -0.427246,riding
A, 609242, -0.983521, 0.178345, 0.028564, -0.305176, -1.708985, 0.122070,riding
B, 222795, -0.933228, -0.054321, -0.339722, -0.244141, 0.549316, -0.427246,riding
A, 609262, -0.983398, 0.175659, 0.026489, -0.305176, -1.647950, 0.183106,riding
B, 222815, -0.934326, -0.053467, -0.337769, -0.366211, 0.671387, -0.549316,riding
A, 609282, -0.984131, 0.176758, 0.022949, -0.549316, -1.586915, 0.305176,riding
B, 222835, -0.932861, -0.053711, -0.341675, -0.549316, 0.671387, -0.610352,riding
A, 609302, -0.982178, 0.185059, 0.021606, -0.732422, -1.525879, 0.305176,riding
B, 222855, -0.931396, -0.056763, -0.344116, -0.427246, 0.732422, -0.610352,riding
A, 609322, -0.982788, 0.185425, 0.016113, -0.305176, -1.586915, 0.305176,riding
B, 222875, -0.931396, -0.059204, -0.344971, -0.305176, 0.732422, -0.488281,riding
A, 609342, -0.981934, 0.188354, 0.014404, -0.732422, -1.586915, 0.427246,riding
B, 222895, -0.929321, -0.057007, -0.348511, -0.671387, 0.671387, -0.671387,riding
A, 609362, -0.979126, 0.200928, 0.026489, -1.037598, -1.525879, 0.427246,riding
B, 222915, -0.929688, -0.050293, -0.350586, -0.854492, 0.671387, -0.793457,riding
A, 609382, -0.979736, 0.206177, 0.029297, -0.549316, -1.525879, 0.244141,riding
B, 222935, -0.929565, -0.052002, -0.351318, -0.488281, 0.671387, -0.610352,riding
A, 609402, -0.979492, 0.200928, 0.014893, -0.244141, -1.525879, 0.061035,riding
B, 222955, -0.929443, -0.061157, -0.349609, -0.244141, 0.549316, -0.549316,riding
A, 609422, -0.979858, 0.196533, 0.009277, -0.610352, -1.586915, 0.061035,riding
B, 222975, -0.929199, -0.056519, -0.351196, -0.610352, 0.488281, -0.610352,riding
A, 609442, -0.979614, 0.202881, 0.014404, -0.732422, -1.708985, 0.061035,riding
B, 222995, -0.927856, -0.056030, -0.353638, -0.366211, 0.488281, -0.488281,riding
A, 609462, -0.978882, 0.200562, 0.018677, -0.427246, -1.708985, 0.000000,riding
B, 223015, -0.927612, -0.059692, -0.355103, -0.488281, 0.427246, -0.549316,riding
A, 609482, -0.977783, 0.207642, 0.018066, -0.732422, -1.647950, -0.061035,riding
B, 223035, -0.927856, -0.054199, -0.355347, -0.549316, 0.366211, -0.488281,riding
A, 609502, -0.977783, 0.206055, 0.027100, -0.610352, -1.708985, -0.183106,riding
B, 223055, -0.928711, -0.048340, -0.352783, -0.488281, 0.305176, -0.549316,riding
A, 609522, -0.978882, 0.208374, 0.033691, -0.610352, -1.586915, -0.244141,riding
B, 223075, -0.928101, -0.050537, -0.354004, -0.427246, 0.122070, -0.610352,riding
A, 609542, -0.976929, 0.214355, 0.024414, -0.366211, -1.525879, -0.427246,riding
B, 223095, -0.925293, -0.054077, -0.360474, -0.244141, 0.000000, -0.549316,riding
A, 609562, -0.976440, 0.215332, 0.021851, -0.610352, -1.525879, -0.427246,riding
B, 223115, -0.924927, -0.048584, -0.363159, -0.610352, -0.122070, -0.732422,riding
A, 609582, -0.974976, 0.226196, 0.027832, -0.732422, -1.525879, -0.610352,riding
B, 223135, -0.922974, -0.046021, -0.366821, -0.305176, -0.305176, -0.671387,riding
A, 609602, -0.973755, 0.229248, 0.035278, -0.366211, -1.525879, -0.793457,riding
B, 223155, -0.923706, -0.051025, -0.366699, -0.183106, -0.427246, -0.732422,riding
A, 609622, -0.973633, 0.229736, 0.024536, 0.000000, -1.403809, -1.037598,riding
B, 223175, -0.924561, -0.054810, -0.363159, 0.183106, -0.671387, -0.610352,riding
A, 609642, -0.974365, 0.228882, 0.013062, -0.366211, -1.403809, -1.281738,riding
B, 223195, -0.923950, -0.054565, -0.363770, -0.305176, -0.854492, -0.793457,riding
A, 609662, -0.972168, 0.238525, 0.025635, -0.488281, -1.525879, -1.647950,riding
B, 223215, -0.922852, -0.052124, -0.369507, -0.122070, -1.220703, -0.732422,riding
A, 609682, -0.973267, 0.236572, 0.026611, -0.183106, -1.403809, -1.953125,riding
B, 223235, -0.921143, -0.055908, -0.370605, 0.061035, -1.464844, -0.732422,riding
A, 609702, -0.973022, 0.236694, 0.017334, -0.366211, -1.342773, -2.136230,riding
B, 223255, -0.920898, -0.052002, -0.372681, -0.061035, -1.708985, -0.793457,riding
A, 609722, -0.971680, 0.240356, 0.015991, -0.244141, -1.525879, -2.380371,riding
B, 223275, -0.922485, -0.049316, -0.370728, 0.244141, -1.953125, -0.671387,riding
A, 609742, -0.974365, 0.231079, 0.027100, 0.000000, -1.586915, -2.685547,riding
B, 223295, -0.925293, -0.052979, -0.363525, 0.305176, -2.136230, -0.610352,riding
A, 609762, -0.975952, 0.219971, 0.028809, 0.061035, -1.464844, -2.929688,riding
B, 223315, -0.927246, -0.054932, -0.356567, 0.427246, -2.319336, -0.671387,riding
A, 609782, -0.977783, 0.208740, 0.024292, -0.122070, -1.403809, -3.051759,riding
B, 223335, -0.929077, -0.051270, -0.352417, 0.183106, -2.441406, -0.793457,riding
A, 609802, -0.978027, 0.208130, 0.021118, -0.305176, -1.403809, -3.173829,riding
B, 223355, -0.928467, -0.050293, -0.353638, 0.305176, -2.624512, -0.854492,riding
A, 609822, -0.979248, 0.202637, 0.032715, -0.183106, -1.403809, -3.295899,riding
B, 223375, -0.929321, -0.052612, -0.353027, 0.427246, -2.685547, -0.854492,riding
A, 609842, -0.981445, 0.190552, 0.037354, 0.122070, -1.220703, -3.295899,riding
B, 223395, -0.932495, -0.047363, -0.346680, 0.549316, -2.685547, -0.854492,riding
A, 609862, -0.982544, 0.177124, 0.027222, 0.488281, -1.281738, -3.295899,riding
B, 223415, -0.933228, -0.047119, -0.338379, 0.854492, -2.624512, -0.793457,riding
A, 609882, -0.986084, 0.162720, 0.023438, 0.244141, -1.281738, -3.173829,riding
B, 223435, -0.936768, -0.056152, -0.330688, 0.671387, -2.563477, -0.915528,riding
A, 609902, -0.987549, 0.159668, 0.020142, -0.061035, -1.159668, -2.990724,riding
B, 223455, -0.936646, -0.060303, -0.329102, 0.427246, -2.441406, -1.037598,riding
A, 609922, -0.987671, 0.157715, 0.012451, 0.183106, -1.159668, -2.929688,riding
B, 223475, -0.937012, -0.058228, -0.328979, 0.427246, -2.197266, -0.915528,riding
A, 609942, -0.988647, 0.154419, 0.007202, 0.000000, -1.281738, -2.685547,riding
B, 223495, -0.937866, -0.058228, -0.328369, 0.427246, -2.014160, -0.854492,riding
A, 609962, -0.990112, 0.145508, 0.011475, 0.000000, -1.403809, -2.502441,riding
B, 223515, -0.939331, -0.062378, -0.323730, 0.366211, -1.831055, -0.793457,riding
A, 609982, -0.993286, 0.134033, 0.014526, 0.061035, -1.342773, -2.258301,riding
B, 223535, -0.942261, -0.063477, -0.318237, 0.366211, -1.464844, -0.671387,riding
A, 610002, -0.993652, 0.125366, 0.006226, -15.563969, -1.464844, -1.708985,riding
B, 223555, -0.943481, -0.063721, -0.312378, 0.183106, -1.220703, -0.671387,riding
A, 610022, -0.994141, 0.126587, 0.010376, -0.549316, -1.525879, -1.342773,riding
B, 223575, -0.943604, -0.059937, -0.312378, -0.244141, -0.915528, -0.671387,riding
A, 610042, -0.992188, 0.129028, 0.015869, -0.305176, -1.586915, -1.098633,riding
B, 223595, -0.942993, -0.062622, -0.315186, -0.122070, -0.549316, -0.549316,riding
A, 610062, -0.995239, 0.117920, 0.004883, -0.122070, -1.586915, -0.793457,riding
B, 223615, -0.944092, -0.067749, -0.312500, -0.244141, -0.122070, -0.488281,riding
A, 610082, -0.994873, 0.116577, -0.001953, -0.488281, -1.708985, -0.305176,riding
B, 223635, -0.944458, -0.061523, -0.313965, -0.427246, 0.244141, -0.427246,riding
A, 610102, -0.994385, 0.119019, 0.016968, -0.793457, -1.831055, 0.183106,riding
B, 223655, -0.944336, -0.054688, -0.315063, -0.671387, 0.610352, -0.488281,riding
A, 610122, -0.992065, 0.129639, 0.036499, -0.732422, -1.708985, 0.549316,riding
B, 223675, -0.942261, -0.053833, -0.316895, -0.549316, 0.915528, -0.366211,riding
A, 610142, -0.990845, 0.138184, 0.032715, -0.427246, -1.586915, 0.793457,riding
B, 223695, -0.940674, -0.052979, -0.320190, -0.488281, 1.159668, -0.488281,riding
A, 610162, -0.988647, 0.146484, 0.021606, -0.671387, -1.586915, 0.976563,riding
B, 223715, -0.940063, -0.050903, -0.324341, -0.671387, 1.403809, -0.549316,riding
A, 610182, -0.985962, 0.159302, 0.040649, -1.098633, -1.525879, 1.281738,riding
B, 223735, -0.938477, -0.047729, -0.328735, -0.915528, 1.525879, -0.732422,riding
A, 610202, -0.984741, 0.165161, 0.044067, -0.549316, -1.403809, 1.342773,riding
B, 223755, -0.935791, -0.050659, -0.334717, -0.488281, 1.831055, -0.732422,riding
A, 610222, -0.985229, 0.163818, 0.030762, -0.610352, -1.220703, 1.525879,riding
B, 223775, -0.935059, -0.049683, -0.336182, -0.671387, 1.953125, -0.854492,riding
A, 610242, -0.983765, 0.171021, 0.025391, -0.976563, -1.220703, 1.708985,riding
B, 223795, -0.933716, -0.047119, -0.338867, -0.854492, 2.014160, -0.976563,riding
A, 610262, -0.982422, 0.180298, 0.035522, -0.915528, -1.220703, 1.770020,riding
B, 223815, -0.933472, -0.050293, -0.341797, -0.793457, 2.075195, -0.976563,riding
A, 610282, -0.982910, 0.180054, 0.032715, -0.305176, -1.098633, 1.708985,riding
B, 223835, -0.932983, -0.056519, -0.340576, -0.305176, 2.197266, -0.854492,riding
B, 223855, -0.932495, -0.055786, -0.341187, -0.671387, 2.197266, -0.976563,riding
A, 610302, -0.983643, 0.176392, 0.015625, -0.549316, -1.037598, 1.892090,riding
A, 610322, -0.981934, 0.189575, 0.012939, -1.220703, -1.098633, 1.953125,riding
B, 223875, -0.928345, -0.053955, -0.354126, -1.342773, 2.136230, -1.220703,riding
A, 610342, -0.977539, 0.214600, 0.024536, -1.647950, -1.098633, 2.014160,riding
B, 223895, -0.923584, -0.056885, -0.364136, -0.915528, 2.136230, -1.037598,riding
A, 610362, -0.974487, 0.226929, 0.014526, -0.671387, -1.098633, 1.708985,riding
B, 223915, -0.921875, -0.060425, -0.369385, -0.732422, 1.892090, -0.976563,riding
A, 610382, -0.968872, 0.249146, 0.011108, -1.464844, -1.098633, 1.586915,riding
B, 223935, -0.918213, -0.051270, -0.379517, -1.281738, 1.586915, -1.159668,riding
A, 610402, -0.963989, 0.280273, 0.033325, -1.770020, -1.098633, 1.281738,riding
B, 223955, -0.913818, -0.044556, -0.392212, -1.403809, 1.037598, -1.281738,riding
A, 610422, -0.957886, 0.314331, 0.043335, -1.281738, -1.037598, 0.427246,riding
B, 223975, -0.908936, -0.045532, -0.403931, -0.915528, 0.610352, -1.220703,riding
A, 610442, -0.955078, 0.327026, 0.033447, -0.244141, -0.976563, -0.427246,riding
B, 223995, -0.907593, -0.045532, -0.407715, -0.122070, 0.000000, -1.037598,riding
A, 610462, -0.956909, 0.316895, 0.019043, 0.061035, -1.037598, -1.403809,riding
B, 224015, -0.908691, -0.049072, -0.400513, 0.488281, -0.976563, -0.915528,riding
A, 610482, -0.961304, 0.296631, 0.011841, 0.183106, -1.220703, -2.014160,riding
B, 224035, -0.911011, -0.061768, -0.396362, 0.366211, -1.525879, -0.976563,riding
A, 610502, -0.965088, 0.282349, 0.008057, 0.000000, -1.220703, -2.502441,riding
B, 224055, -0.913940, -0.061523, -0.389038, 0.427246, -2.014160, -0.915528,riding
A, 610522, -0.968140, 0.263550, 0.006104, 0.183106, -1.281738, -2.929688,riding
B, 224075, -0.916992, -0.055542, -0.380859, 0.366211, -2.380371, -0.854492,riding
A, 610542, -0.971191, 0.247803, 0.002441, 0.427246, -1.586915, -3.479005,riding
B, 224095, -0.918701, -0.057983, -0.375244, 0.671387, -2.685547, -0.671387,riding
A, 610562, -0.975952, 0.221924, 0.009644, 0.488281, -1.647950, -3.723145,riding
B, 224115, -0.923706, -0.065430, -0.363647, 0.793457, -2.929688, -0.549316,riding
A, 610582, -0.980103, 0.197021, 0.014282, 0.549316, -1.647950, -3.845216,riding
B, 224135, -0.932373, -0.055664, -0.345947, 0.976563, -2.929688, -0.366211,riding
A, 610602, -0.986206, 0.164673, 0.009766, 0.793457, -1.770020, -3.845216,riding
B, 224155, -0.936401, -0.058716, -0.332275, 0.915528, -2.868653, -0.305176,riding
A, 610622, -0.990234, 0.140015, 0.003662, 0.305176, -1.770020, -3.417970,riding
B, 224175, -0.938354, -0.067627, -0.326416, 0.488281, -2.624512, -0.366211,riding
A, 610642, -0.993042, 0.128540, 0.004395, 0.183106, -1.892090, -2.990724,riding
B, 224195, -0.939575, -0.066284, -0.322510, 0.305176, -2.319336, -0.366211,riding
A, 610662, -0.993652, 0.128906, 0.008789, -0.183106, -1.831055, -2.624512,riding
B, 224215, -0.941040, -0.058838, -0.319946, 0.122070, -1.953125, -0.305176,riding
A, 610682, -0.994385, 0.120972, 0.012817, 0.244141, -2.075195, -2.258301,riding
B, 224235, -0.944824, -0.056274, -0.312622, 0.366211, -1.525879, -0.122070,riding
A, 610702, -0.996582, 0.110107, 0.025024, -0.427246, -1.892090, -1.464844,riding
B, 224255, -0.944336, -0.058228, -0.311768, -0.183106, -1.159668, -0.244141,riding
A, 610722, -0.997803, 0.106812, 0.019287, 0.122070, -1.953125, -1.220703,riding
B, 224275, -0.945679, -0.058350, -0.308716, 0.122070, -0.427246, -0.122070,riding
A, 610742, -0.998169, 0.101196, 0.019775, -0.488281, -1.892090, -0.488281,riding
B, 224295, -0.946655, -0.053589, -0.310669, -0.488281, 0.000000, -0.366211,riding
A, 610762, -0.996582, 0.109741, 0.028687, -0.488281, -1.953125, 0.000000,riding
B, 224315, -0.944580, -0.051514, -0.312988, -0.366211, 0.427246, -0.305176,riding
A, 610782, -0.994507, 0.118164, 0.039917, -0.732422, -1.770020, 0.488281,riding
B, 224335, -0.943848, -0.050049, -0.317139, -0.610352, 0.915528, -0.427246,riding
A, 610802, -0.992065, 0.128906, 0.041138, -0.488281, -1.647950, 0.915528,riding
B, 224355, -0.942505, -0.047974, -0.320190, -0.488281, 1.220703, -0.488281,riding
A, 610822, -0.989990, 0.140503, 0.037109, -0.732422, -1.525879, 1.281738,riding
B, 224375, -0.940430, -0.044800, -0.325195, -0.610352, 1.525879, -0.610352,riding
A, 610842, -0.988770, 0.148438, 0.032959, -0.366211, -1.525879, 1.403809,riding
B, 224395, -0.939819, -0.050293, -0.328247, -0.427246, 1.831055, -0.549316,riding
A, 610862, -0.987427, 0.152466, 0.032593, -0.732422, -1.403809, 1.770020,riding
B, 224415, -0.933960, -0.052002, -0.339722, -1.159668, 2.014160, -0.976563,riding
A, 610882, -0.978638, 0.198486, 0.036011, -1.525879, -1.159668, 1.953125,riding
B, 224435, -0.928101, -0.043091, -0.353027, -1.342773, 2.075195, -1.037598,riding
A, 610902, -0.974243, 0.222900, 0.036865, -1.037598, -1.159668, 1.770020,riding
B, 224455, -0.924072, -0.044556, -0.365234, -0.854492, 2.075195, -0.976563,riding
A, 610922, -0.973267, 0.233032, 0.032593, -0.732422, -1.098633, 1.647950,riding
B, 224475, -0.920898, -0.051270, -0.373047, -0.671387, 1.831055, -1.037598,riding
A, 610942, -0.968750, 0.251465, 0.034668, -1.098633, -0.976563, 1.403809,riding
B, 224495, -0.917725, -0.045410, -0.380371, -0.915528, 1.586915, -1.220703,riding
A, 610962, -0.966431, 0.268433, 0.031128, -0.610352, -0.976563, 1.037598,riding
B, 224515, -0.917114, -0.042480, -0.383667, -0.488281, 1.281738, -1.098633,riding
A, 610982, -0.965942, 0.277710, 0.023193, -0.488281, -0.976563, 0.488281,riding
B, 224535, -0.914307, -0.056274, -0.388062, -0.305176, 0.610352, -1.098633,riding
A, 611002, -0.964722, 0.284302, 0.013062, -0.427246, -1.037598, -0.122070,riding
B, 224555, -0.912231, -0.056763, -0.391846, -0.183106, 0.122070, -1.098633,riding
A, 611022, -0.963745, 0.285400, 0.014771, -0.549316, -1.037598, -0.549316,riding
B, 224575, -0.912231, -0.049316, -0.396484, -0.305176, -0.366211, -1.159668,riding
A, 611042, -0.962891, 0.290405, 0.019775, -0.244141, -1.159668, -1.159668,riding
B, 224595, -0.912109, -0.049927, -0.396851, 0.366211, -0.793457, -0.915528,riding
A, 611062, -0.968506, 0.262695, 0.015015, 0.122070, -1.220703, -1.892090,riding
B, 224615, -0.915039, -0.057861, -0.388794, 0.366211, -1.159668, -0.854492,riding
A, 611082, -0.972046, 0.243286, 0.006836, 0.427246, -1.342773, -2.197266,riding
B, 224635, -0.918091, -0.059082, -0.375488, 0.549316, -1.464844, -0.793457,riding
A, 611102, -0.974243, 0.227539, 0.012939, -0.061035, -1.403809, -2.319336,riding
B, 224655, -0.923462, -0.054688, -0.365356, 0.244141, -1.770020, -0.854492,riding
A, 611122, -0.974976, 0.224731, 0.025757, -0.122070, -1.464844, -2.502441,riding
B, 224675, -0.925659, -0.051880, -0.363647, 0.183106, -2.014160, -0.854492,riding
A, 611142, -0.976440, 0.218628, 0.035400, -0.122070, -1.281738, -2.685547,riding
B, 224695, -0.927368, -0.048950, -0.360107, 0.366211, -2.014160, -0.915528,riding
A, 611162, -0.978882, 0.201416, 0.034424, 0.061035, -1.220703, -2.746582,riding
B, 224715, -0.927979, -0.045898, -0.356567, 0.244141, -2.136230, -1.037598,riding
A, 611182, -0.979492, 0.198853, 0.029419, -0.366211, -1.098633, -2.685547,riding
B, 224735, -0.927856, -0.048218, -0.357544, 0.305176, -2.075195, -1.037598,riding
A, 611202, -0.980713, 0.192627, 0.031982, 0.061035, -1.159668, -2.685547,riding
B, 224755, -0.929565, -0.051758, -0.351318, 0.427246, -2.075195, -1.037598,riding
A, 611222, -0.982056, 0.184326, 0.026855, 0.244141, -1.037598, -2.685547,riding
B, 224775, -0.932007, -0.054565, -0.344604, 0.671387, -2.014160, -1.037598,riding
A, 611242, -0.983398, 0.183350, 0.005737, -0.427246, -1.037598, -2.441406,riding
B, 224795, -0.932129, -0.059570, -0.345215, 0.061035, -1.953125, -1.220703,riding
A, 611262, -0.982178, 0.189453, 0.007446, -0.244141, -1.220703, -2.502441,riding
B, 224815, -0.932861, -0.059204, -0.345581, 0.305176, -1.831055, -0.976563,riding
A, 611282, -0.984985, 0.174194, 0.012207, 0.000000, -1.281738, -2.502441,riding
B, 224835, -0.932617, -0.063232, -0.341431, 0.366211, -1.770020, -0.915528,riding
A, 611302, -0.987793, 0.163818, 0.009277, -0.183106, -1.281738, -2.319336,riding
B, 224855, -0.934082, -0.060669, -0.337891, 0.183106, -1.586915, -0.854492,riding
A, 611322, -0.988647, 0.151245, 0.009521, -0.061035, -1.403809, -2.014160,riding
B, 224875, -0.936157, -0.059082, -0.333984, 0.122070, -1.464844, -0.854492,riding
A, 611342, -0.988281, 0.154785, 0.007690, -0.366211, -1.403809, -1.708985,riding
B, 224895, -0.936401, -0.061768, -0.333984, 0.061035, -1.220703, -0.793457,riding
A, 611362, -0.988647, 0.155518, 0.013306, -0.366211, -1.403809, -1.464844,riding
B, 224915, -0.936768, -0.063232, -0.333252, -0.183106, -0.976563, -0.793457,riding
A, 611382, -0.987427, 0.161133, 0.018311, -0.549316, -1.403809, -1.281738,riding
B, 224935, -0.936523, -0.052368, -0.334473, -0.244141, -0.732422, -0.793457,riding
A, 611402, -0.984863, 0.167969, 0.027710, -0.671387, -1.403809, -0.976563,riding
B, 224955, -0.934570, -0.052246, -0.338257, -0.366211, -0.671387, -0.793457,riding
A, 611422, -0.984863, 0.172363, 0.031738, -0.488281, -1.342773, -0.976563,riding
B, 224975, -0.932251, -0.053833, -0.343384, -0.183106, -0.488281, -0.854492,riding
A, 611442, -0.982910, 0.184082, 0.029053, -0.793457, -1.159668, -0.732422,riding
B, 224995, -0.930664, -0.051025, -0.348389, -0.488281, -0.488281, -1.037598,riding
A, 611462, -0.980347, 0.198486, 0.029907, -0.549316, -1.220703, -0.732422,riding
B, 225015, -0.930054, -0.045776, -0.351807, -0.244141, -0.427246, -0.915528,riding
A, 611482, -0.978638, 0.206421, 0.029663, -0.488281, -1.159668, -0.854492,riding
B, 225035, -0.929199, -0.051758, -0.353027, -0.183106, -0.488281, -0.976563,riding
A, 611502, -0.978516, 0.207397, 0.019897, 0.000000, -1.220703, -1.098633,riding
B, 225055, -0.928833, -0.057983, -0.351807, 0.183106, -0.488281, -0.854492,riding
A, 611522, -0.982300, 0.188965, 0.009521, 0.122070, -1.220703, -1.220703,riding
B, 225075, -0.931519, -0.059082, -0.342407, 0.122070, -0.488281, -0.793457,riding
A, 611542, -0.984375, 0.173462, 0.006958, -0.366211, -1.281738, -1.037598,riding
B, 225095, -0.932129, -0.059448, -0.343994, -0.305176, -0.427246, -0.976563,riding
A, 611562, -0.983154, 0.177856, 0.020630, -0.793457, -1.281738, -0.793457,riding
B, 225115, -0.929443, -0.053589, -0.348022, -0.427246, -0.427246, -1.037598,riding
A, 611582, -0.982666, 0.181641, 0.035522, -0.061035, -1.159668, -0.793457,riding
B, 225135, -0.932129, -0.050293, -0.346191, 0.122070, -0.244141, -0.854492,riding
A, 611602, -0.983154, 0.180298, 0.026245, -0.488281, -1.037598, -0.549316,riding
B, 225155, -0.932617, -0.051636, -0.343750, -0.183106, -0.305176, -1.098633,riding
A, 611622, -0.979614, 0.200439, 0.013306, -0.549316, -1.037598, -0.488281,riding
B, 225175, -0.929565, -0.056519, -0.349976, -0.305176, -0.305176, -1.098633,riding
A, 611642, -0.978149, 0.210205, 0.005127, -0.488281, -1.159668, -0.793457,riding
B, 225195, -0.926392, -0.065430, -0.355591, -0.122070, -0.366211, -0.915528,riding
A, 611662, -0.979736, 0.206299, -0.003296, -0.366211, -1.281738, -0.915528,riding
B, 225215, -0.926758, -0.067383, -0.354736, -0.244141, -0.427246, -0.854492,riding
A, 611682, -0.979614, 0.205200, -0.007202, -0.671387, -1.403809, -0.915528,riding
B, 225235, -0.925537, -0.064697, -0.359253, -0.488281, -0.549316, -0.793457,riding
A, 611702, -0.977783, 0.215942, 0.000854, -0.793457, -1.586915, -0.915528,riding
B, 225255, -0.923096, -0.062744, -0.362915, -0.366211, -0.671387, -0.610352,riding
A, 611722, -0.975830, 0.223877, 0.008057, -0.549316, -1.647950, -1.098633,riding
B, 225275, -0.923706, -0.061646, -0.364380, -0.305176, -0.854492, -0.549316,riding
A, 611742, -0.974609, 0.229126, 0.010986, -0.732422, -1.647950, -1.281738,riding
B, 225295, -0.923950, -0.056885, -0.364014, -0.305176, -1.037598, -0.549316,riding
A, 611762, -0.975830, 0.225098, 0.012329, -0.305176, -1.892090, -1.831055,riding
B, 225315, -0.925171, -0.058228, -0.360962, -0.122070, -1.220703, -0.366211,riding
A, 611782, -0.977295, 0.215576, 0.013794, -0.366211, -1.831055, -1.953125,riding
B, 225335, -0.926270, -0.061401, -0.358643, -0.183106, -1.403809, -0.366211,riding
A, 611802, -0.978394, 0.210327, 0.015381, -0.366211, -1.892090, -2.075195,riding
B, 225355, -0.926392, -0.055664, -0.355957, -0.122070, -1.464844, -0.305176,riding
A, 611822, -0.980469, 0.193604, 0.025269, -0.183106, -1.953125, -2.197266,riding
B, 225375, -0.930298, -0.049194, -0.348633, 0.061035, -1.464844, -0.244141,riding
A, 611842, -0.984863, 0.175171, 0.034668, -0.305176, -1.831055, -1.892090,riding
B, 225395, -0.932007, -0.051636, -0.344238, -0.183106, -1.525879, -0.427246,riding
A, 611862, -0.982788, 0.186035, 0.036377, -0.732422, -1.708985, -1.770020,riding
B, 225415, -0.931641, -0.051025, -0.347290, -0.366211, -1.464844, -0.610352,riding
A, 611882, -0.980469, 0.195435, 0.033203, -0.244141, -1.647950, -1.831055,riding
B, 225435, -0.931152, -0.047607, -0.347168, 0.000000, -1.464844, -0.549316,riding
A, 611902, -0.979980, 0.194824, 0.031494, -0.366211, -1.586915, -1.953125,riding
B, 225455, -0.931885, -0.046509, -0.342773, 0.183106, -1.403809, -0.549316,riding
A, 611922, -0.982178, 0.180298, 0.037476, -0.122070, -1.647950, -2.014160,riding
B, 225475, -0.933350, -0.050171, -0.338745, 0.122070, -1.342773, -0.671387,riding
A, 611942, -0.984497, 0.169678, 0.032593, -0.061035, -1.403809, -1.892090,riding
B, 225495, -0.934937, -0.051758, -0.339355, 0.122070, -1.220703, -0.732422,riding
A, 611962, -0.985962, 0.163452, 0.028320, -0.427246, -1.281738, -1.647950,riding
B, 225515, -0.934692, -0.049316, -0.336914, -0.122070, -1.159668, -0.915528,riding
A, 611982, -0.985107, 0.169800, 0.030884, -0.610352, -1.220703, -1.403809,riding
B, 225535, -0.935181, -0.049561, -0.338867, -0.244141, -1.037598, -1.037598,riding
A, 612002, -0.983643, 0.177612, 0.028931, -0.305176, -1.220703, -1.342773,riding
B, 225555, -0.933105, -0.053467, -0.341431, 0.000000, -0.976563, -0.915528,riding
A, 612022, -0.984375, 0.177734, 0.017578, -0.244141, -1.159668, -1.403809,riding
B, 225575, -0.933472, -0.058960, -0.339722, 0.000000, -0.854492, -0.915528,riding
A, 612042, -0.983643, 0.174561, 0.009033, -0.244141, -1.220703, -1.281738,riding
B, 225595, -0.934937, -0.058960, -0.335449, 0.122070, -0.732422, -0.854492,riding
A, 612062, -0.986450, 0.165771, 0.008667, -0.122070, -1.403809, -1.281738,riding
B, 225615, -0.936279, -0.062866, -0.333374, 0.061035, -0.549316, -0.732422,riding
A, 612082, -0.988525, 0.154175, 0.014282, -0.366211, -1.403809, -0.976563,riding
B, 225635, -0.937622, -0.061401, -0.332275, -0.244141, -0.366211, -0.854492,riding
B, 225655, -0.936768, -0.057983, -0.332520, -0.183106, -0.244141, -0.732422,riding
A, 612122, -0.986450, 0.167480, 0.020996, -0.915528, -1.403809, -0.366211,riding
B, 225675, -0.935547, -0.052856, -0.337402, -0.610352, -0.122070, -0.854492,riding
A, 612142, -0.984253, 0.176880, 0.032837, -0.366211, -1.403809, -0.366211,riding
B, 225695, -0.933716, -0.051392, -0.340332, -0.183106, 0.000000, -0.732422,riding
A, 612162, -0.983276, 0.180176, 0.032593, -0.549316, -1.281738, -0.305176,riding
B, 225715, -0.934814, -0.052979, -0.341187, -0.305176, 0.122070, -0.854492,riding
A, 612182, -0.981445, 0.186279, 0.024292, -0.549316, -1.220703, -0.183106,riding
B, 225735, -0.931763, -0.052368, -0.346436, -0.427246, 0.122070, -0.976563,riding
A, 612202, -0.979370, 0.201538, 0.020264, -0.732422, -1.220703, -0.305176,riding
A, 612222, -0.979736, 0.203369, 0.019531, -0.183106, -1.342773, -0.488281,riding
B, 225755, -0.929565, -0.053223, -0.350952, -0.244141, 0.061035, -0.915528,riding
B, 225775, -0.929321, -0.059082, -0.352905, -0.122070, 0.000000, -0.793457,riding
A, 612242, -0.979370, 0.202515, 0.015381, -0.427246, -1.220703, -0.488281,riding
B, 225795, -0.928589, -0.057739, -0.352661, -0.183106, -0.061035, -0.854492,riding
B, 225815, -0.929077, -0.057861, -0.350952, -0.061035, -0.061035, -0.732422,riding
B, 225835, -0.928711, -0.062622, -0.351685, -0.244141, -0.122070, -0.732422,riding
B, 225855, -0.926392, -0.055786, -0.358887, -0.549316, -0.305176, -0.793457,riding
B, 225875, -0.923950, -0.053223, -0.361694, -0.122070, -0.488281, -0.671387,riding
B, 225895, -0.924805, -0.053589, -0.361816, -0.183106, -0.671387, -0.671387,riding
B, 225915, -0.927002, -0.051758, -0.357544, 0.061035, -0.732422, -0.610352,riding
B, 225935, -0.929199, -0.052246, -0.350830, 0.061035, -0.854492, -0.671387,riding
B, 225955, -0.930664, -0.053589, -0.348877, 0.122070, -0.915528, -0.671387,riding
B, 225975, -0.931274, -0.050049, -0.345459, 0.000000, -0.915528, -0.732422,riding
B, 225995, -0.932861, -0.054932, -0.342407, -0.061035, -0.854492, -0.854492,riding
B, 226015, -0.933105, -0.050659, -0.342407, 0.061035, -0.732422, -0.793457,riding
B, 226035, -0.934326, -0.049927, -0.340088, -0.061035, -0.671387, -0.915528,riding
B, 226055, -0.934570, -0.052856, -0.339233, 0.061035, -0.549316, -0.915528,riding
B, 226075, -0.933838, -0.057251, -0.339844, -0.183106, -0.488281, -1.037598,riding
A, 612262, -0.981079, 0.198364, 0.009888, -0.183106, -1.342773, -0.610352,riding
A, 612282, -0.980225, 0.199097, 0.008301, -0.488281, -1.464844, -0.549316,riding
A, 612302, -0.976807, 0.214966, 0.016113, -0.915528, -1.342773, -0.549316,riding
A, 612322, -0.975952, 0.226318, 0.018555, -0.366211, -1.525879, -0.854492,riding
A, 612342, -0.975098, 0.225952, 0.020020, -0.427246, -1.464844, -1.098633,riding
A, 612362, -0.975952, 0.218628, 0.025757, -0.183106, -1.525879, -1.281738,riding
A, 612382, -0.978760, 0.202515, 0.028931, -0.122070, -1.525879, -1.464844,riding
A, 612402, -0.980713, 0.195679, 0.022949, 0.000000, -1.525879, -1.464844,riding
A, 612422, -0.982056, 0.187134, 0.026489, -0.305176, -1.403809, -1.403809,riding
A, 612442, -0.982056, 0.179077, 0.026855, 0.000000, -1.403809, -1.464844,riding
A, 612462, -0.983032, 0.180176, 0.026001, -0.305176, -1.281738, -1.281738,riding
A, 612482, -0.983521, 0.173462, 0.030884, -0.305176, -1.281738, -1.159668,riding
A, 612502, -0.984741, 0.173828, 0.029541, -0.244141, -1.220703, -1.037598,riding
A, 612522, -0.984985, 0.174805, 0.023315, -0.427246, -1.098633, -0.915528,riding
A, 612542, -0.983154, 0.181030, 0.018799, -0.427246, -1.159668, -0.854492,riding
B, 226095, -0.932617, -0.054688, -0.342651, -0.183106, -0.427246, -1.037598,riding
A, 612562, -0.981812, 0.188477, 0.020630, -0.488281, -1.159668, -0.854492,riding
B, 226115, -0.931396, -0.052490, -0.346313, 0.000000, -0.366211, -0.915528,riding
A, 612582, -0.983276, 0.183838, 0.019409, 0.061035, -1.220703, -0.915528,riding
B, 226135, -0.931763, -0.059937, -0.343384, 0.122070, -0.305176, -0.915528,riding
A, 612602, -0.985107, 0.175903, 0.017090, -0.366211, -1.159668, -0.732422,riding
B, 226155, -0.932007, -0.056885, -0.343506, -0.244141, -0.244141, -1.037598,riding
A, 612622, -0.982788, 0.183105, 0.017334, -0.610352, -1.159668, -0.610352,riding
B, 226175, -0.931519, -0.054077, -0.345337, -0.305176, -0.244141, -1.037598,riding
A, 612642, -0.981201, 0.192627, 0.021851, -0.244141, -1.220703, -0.732422,riding
B, 226195, -0.930908, -0.055176, -0.345947, -0.061035, -0.183106, -0.915528,riding
A, 612662, -0.983276, 0.185059, 0.017578, -0.122070, -1.159668, -0.732422,riding
B, 226215, -0.931885, -0.059814, -0.344727, 0.061035, -0.183106, -0.915528,riding
A, 612682, -0.982910, 0.184204, 0.002808, -0.244141, -1.220703, -0.671387,riding
B, 226235, -0.931030, -0.061646, -0.344971, -0.061035, -0.183106, -0.854492,riding
A, 612702, -0.982788, 0.185425, 0.000732, -0.488281, -1.403809, -0.549316,riding
B, 226255, -0.929565, -0.061035, -0.348145, -0.366211, -0.122070, -0.854492,riding
A, 612722, -0.982422, 0.191040, 0.012939, -0.549316, -1.403809, -0.549316,riding
B, 226275, -0.929077, -0.059692, -0.348511, -0.061035, -0.183106, -0.671387,riding
A, 612742, -0.981567, 0.190674, 0.018799, -0.305176, -1.464844, -0.610352,riding
B, 226295, -0.930786, -0.057251, -0.347534, -0.366211, -0.122070, -0.793457,riding
A, 612762, -0.980957, 0.194336, 0.024170, -0.671387, -1.342773, -0.427246,riding
B, 226315, -0.930664, -0.048950, -0.348389, -0.305176, -0.122070, -0.793457,riding
A, 612782, -0.980347, 0.195801, 0.027344, -0.305176, -1.403809, -0.610352,riding
B, 226335, -0.929443, -0.052368, -0.348999, -0.183106, -0.183106, -0.732422,riding
A, 612802, -0.978760, 0.203247, 0.031250, -0.610352, -1.281738, -0.671387,riding
B, 226355, -0.928711, -0.053711, -0.352661, -0.366211, -0.183106, -0.915528,riding
A, 612822, -0.978516, 0.204468, 0.029053, -0.244141, -1.220703, -0.854492,riding
B, 226375, -0.929321, -0.049683, -0.354614, -0.061035, -0.244141, -0.915528,riding
A, 612842, -0.981445, 0.190430, 0.019165, 0.061035, -1.281738, -0.854492,riding
B, 226395, -0.930176, -0.056885, -0.347412, 0.244141, -0.183106, -0.793457,riding
A, 612862, -0.983276, 0.181274, 0.010620, -0.366211, -1.220703, -0.671387,riding
B, 226415, -0.930664, -0.063232, -0.345337, -0.305176, -0.305176, -0.976563,riding
A, 612882, -0.982910, 0.194214, 0.007813, -0.549316, -1.281738, -0.671387,riding
B, 226435, -0.929077, -0.060181, -0.349854, -0.244141, -0.244141, -0.915528,riding
A, 612902, -0.981567, 0.195068, 0.015137, -0.427246, -1.342773, -0.671387,riding
B, 226455, -0.930908, -0.057129, -0.349609, -0.305176, -0.244141, -0.854492,riding
A, 612922, -0.980835, 0.192871, 0.020020, -0.671387, -1.342773, -0.671387,riding
B, 226475, -0.930298, -0.056030, -0.349976, -0.427246, -0.305176, -0.915528,riding
A, 612942, -0.979492, 0.201538, 0.021606, -0.976563, -1.220703, -0.671387,riding
B, 226495, -0.928223, -0.055786, -0.354736, -0.488281, -0.305176, -0.915528,riding
A, 612962, -0.979980, 0.203735, 0.015747, -0.122070, -1.342773, -0.793457,riding
B, 226515, -0.927246, -0.059082, -0.354248, -0.244141, -0.366211, -0.793457,riding
A, 612982, -0.980225, 0.203003, 0.012817, -0.244141, -1.464844, -0.915528,riding
B, 226535, -0.928223, -0.055420, -0.352905, 0.000000, -0.427246, -0.732422,riding
A, 613002, -0.980835, 0.200439, 0.028442, -0.732422, -1.403809, -0.976563,riding
B, 226555, -0.928589, -0.052368, -0.352783, -0.427246, -0.488281, -0.915528,riding
A, 613022, -0.979370, 0.206299, 0.033325, -0.366211, -1.281738, -0.976563,riding
B, 226575, -0.928955, -0.052368, -0.354736, -0.061035, -0.549316, -0.793457,riding
A, 613042, -0.979370, 0.204590, 0.023804, -0.366211, -1.281738, -1.098633,riding
B, 226595, -0.926758, -0.054199, -0.355835, -0.183106, -0.610352, -0.915528,riding
A, 613062, -0.978760, 0.205078, 0.022827, -0.366211, -1.220703, -1.159668,riding
B, 226615, -0.929199, -0.051270, -0.353394, -0.061035, -0.610352, -0.915528,riding
A, 613082, -0.980957, 0.190796, 0.027222, 0.000000, -1.281738, -1.220703,riding
B, 226635, -0.930664, -0.053955, -0.348511, 0.183106, -0.671387, -0.793457,riding
A, 613102, -0.982300, 0.184204, 0.029419, -0.427246, -1.159668, -1.159668,riding
B, 226655, -0.931396, -0.051392, -0.347168, -0.305176, -0.732422, -1.159668,riding
A, 613122, -0.981201, 0.192871, 0.035278, -0.732422, -0.976563, -0.976563,riding
B, 226675, -0.929443, -0.045166, -0.351563, -0.244141, -0.671387, -1.220703,riding
A, 613142, -0.979004, 0.202515, 0.035645, -0.366211, -0.976563, -1.098633,riding
B, 226695, -0.929810, -0.048462, -0.352661, 0.183106, -0.610352, -1.159668,riding
A, 613162, -0.981812, 0.189209, 0.036255, -0.061035, -0.854492, -1.220703,riding
B, 226715, -0.931030, -0.051880, -0.348389, 0.244141, -0.610352, -1.281738,riding
A, 613182, -0.981689, 0.187378, 0.032593, -0.183106, -0.732422, -1.159668,riding
B, 226735, -0.931030, -0.049438, -0.346436, 0.122070, -0.610352, -1.403809,riding
A, 613202, -0.981689, 0.188721, 0.022583, -0.183106, -0.671387, -1.098633,riding
B, 226755, -0.930420, -0.053833, -0.347534, 0.183106, -0.610352, -1.403809,riding
A, 613222, -0.981445, 0.190063, 0.011597, -0.122070, -0.671387, -1.098633,riding
B, 226775, -0.929077, -0.061157, -0.350220, 0.122070, -0.549316, -1.403809,riding
A, 613242, -0.981812, 0.189453, 0.013306, -0.244141, -0.732422, -1.098633,riding
B, 226795, -0.930786, -0.057251, -0.347046, 0.122070, -0.549316, -1.403809,riding
A, 613262, -0.983032, 0.185059, 0.017944, -0.183106, -0.793457, -1.037598,riding
B, 226815, -0.931641, -0.056885, -0.344482, 0.122070, -0.488281, -1.342773,riding
A, 613282, -0.982544, 0.185547, 0.017700, -0.244141, -0.732422, -0.976563,riding
B, 226835, -0.931274, -0.060425, -0.346558, 0.000000, -0.488281, -1.403809,riding
A, 613302, -0.980835, 0.192383, 0.018066, -0.549316, -0.671387, -0.854492,riding
B, 226855, -0.929443, -0.059692, -0.352295, -0.244141, -0.549316, -1.586915,riding
A, 613322, -0.978394, 0.206177, 0.011841, -0.244141, -0.671387, -0.976563,riding
B, 226875, -0.926392, -0.057617, -0.356567, 0.000000, -0.549316, -1.403809,riding
A, 613342, -0.979858, 0.205811, 0.006470, 0.183106, -0.854492, -1.220703,riding
B, 226895, -0.927856, -0.059814, -0.355103, 0.366211, -0.610352, -1.281738,riding
A, 613362, -0.982178, 0.191406, 0.004150, 0.488281, -1.037598, -1.281738,riding
B, 226915, -0.930176, -0.066284, -0.348145, 0.488281, -0.610352, -1.098633,riding
A, 613382, -0.982422, 0.185913, 0.009766, -0.305176, -0.976563, -1.098633,riding
B, 226935, -0.929688, -0.061890, -0.346924, -0.061035, -0.671387, -1.281738,riding
A, 613402, -0.981323, 0.197144, 0.012817, -0.183106, -0.976563, -1.159668,riding
B, 226955, -0.930420, -0.060669, -0.349609, 0.305176, -0.610352, -1.098633,riding
A, 613422, -0.983643, 0.185181, 0.002686, 0.549316, -1.159668, -1.220703,riding
B, 226975, -0.930786, -0.070679, -0.344971, 0.610352, -0.549316, -0.915528,riding
A, 613442, -0.986694, 0.168823, -0.009888, 0.244141, -1.159668, -1.220703,riding
B, 226995, -0.933960, -0.074585, -0.338867, 0.427246, -0.366211, -0.793457,riding
A, 613462, -0.989624, 0.155518, -0.013550, 0.061035, -1.342773, -0.915528,riding
B, 227015, -0.935059, -0.075562, -0.335083, 0.000000, -0.366211, -0.793457,riding
A, 613482, -0.988892, 0.162231, -0.021851, -0.549316, -1.464844, -0.610352,riding
A, 613502, -0.983887, 0.188110, -0.020630, -0.793457, -1.770020, -0.427246,riding
A, 613522, -0.982788, 0.187988, -0.007446, -0.488281, -1.953125, -0.488281,riding
A, 613542, -0.982422, 0.190430, 0.006958, -0.732422, -2.014160, -0.427246,riding
A, 613562, -0.981079, 0.191040, 0.020630, -0.793457, -2.014160, -0.488281,riding
A, 613582, -0.981201, 0.193970, 0.029663, -0.976563, -1.892090, -0.427246,riding
B, 227035, -0.932739, -0.079346, -0.341064, -0.427246, -0.244141, -0.793457,riding
B, 227055, -0.929565, -0.075684, -0.347168, -0.427246, -0.122070, -0.427246,riding
B, 227075, -0.930664, -0.070068, -0.345459, -0.549316, -0.061035, -0.305176,riding
B, 227095, -0.930420, -0.061768, -0.346680, -0.549316, -0.122070, -0.183106,riding
B, 227115, -0.931030, -0.057739, -0.348755, -0.732422, -0.061035, -0.305176,riding
B, 227135, -0.930054, -0.052612, -0.352417, -0.793457, -0.061035, -0.427246,riding
A, 613602, -0.979492, 0.196533, 0.033447, -0.915528, -1.770020, -0.366211,riding
B, 227155, -0.926880, -0.050293, -0.355835, -0.671387, -0.061035, -0.427246,riding
A, 613622, -0.977539, 0.209961, 0.029785, -0.732422, -1.708985, -0.427246,riding
B, 227175, -0.926636, -0.052612, -0.355713, -0.122070, -0.061035, -0.305176,riding
A, 613642, -0.979248, 0.201538, 0.028564, -0.061035, -1.831055, -0.549316,riding
A, 613662, -0.980347, 0.194458, 0.033447, -0.610352, -1.647950, -0.671387,riding
A, 613682, -0.979736, 0.197510, 0.033691, -0.549316, -1.403809, -0.671387,riding
A, 613702, -0.979614, 0.199585, 0.022583, -0.366211, -1.403809, -0.610352,riding
A, 613722, -0.981079, 0.199707, 0.020508, -0.427246, -1.403809, -0.732422,riding
A, 613742, -0.981445, 0.195313, 0.009033, 0.122070, -1.464844, -0.671387,riding
A, 613762, -0.981445, 0.195557, -0.003906, -0.488281, -1.464844, -0.549316,riding
B, 227195, -0.930420, -0.051514, -0.349243, -0.305176, -0.122070, -0.488281,riding
B, 227215, -0.931641, -0.048706, -0.347290, -0.305176, -0.183106, -0.610352,riding
B, 227235, -0.929932, -0.052002, -0.350708, -0.366211, -0.122070, -0.732422,riding
B, 227255, -0.928223, -0.055786, -0.354736, -0.183106, -0.183106, -0.732422,riding
B, 227275, -0.927856, -0.053711, -0.355469, -0.244141, -0.183106, -0.732422,riding
B, 227295, -0.928101, -0.060181, -0.353760, 0.122070, -0.183106, -0.610352,riding
B, 227315, -0.927856, -0.070313, -0.352905, -0.427246, -0.244141, -0.671387,riding
A, 613782, -0.980347, 0.203003, -0.000854, -0.488281, -1.647950, -0.671387,riding
B, 227335, -0.928345, -0.061768, -0.350220, -0.305176, -0.244141, -0.488281,riding
A, 613802, -0.980713, 0.201050, 0.007080, -0.488281, -1.708985, -0.732422,riding
B, 227355, -0.927856, -0.061890, -0.351685, -0.305176, -0.305176, -0.427246,riding
A, 613822, -0.979858, 0.202637, 0.007813, -0.488281, -1.770020, -0.854492,riding
B, 227375, -0.926025, -0.064941, -0.356323, -0.366211, -0.366211, -0.427246,riding
A, 613842, -0.979614, 0.206909, 0.010132, -0.610352, -1.770020, -0.793457,riding
B, 227395, -0.926270, -0.058960, -0.360718, -0.366211, -0.427246, -0.366211,riding
A, 613862, -0.980103, 0.199951, 0.017700, -0.122070, -1.953125, -0.915528,riding
B, 227415, -0.927490, -0.055542, -0.357056, -0.061035, -0.427246, -0.244141,riding
A, 613882, -0.980591, 0.194458, 0.032349, -0.549316, -1.892090, -0.854492,riding
B, 227435, -0.928833, -0.052368, -0.352173, -0.366211, -0.488281, -0.488281,riding
A, 613902, -0.980225, 0.195435, 0.042114, -0.488281, -1.647950, -0.854492,riding
B, 227455, -0.930176, -0.050293, -0.350342, -0.305176, -0.488281, -0.549316,riding
A, 613922, -0.978271, 0.201050, 0.033081, -0.488281, -1.464844, -0.854492,riding
B, 227475, -0.928101, -0.051758, -0.353760, -0.305176, -0.549316, -0.671387,riding
A, 613942, -0.978027, 0.209351, 0.019287, -0.366211, -1.464844, -1.037598,riding
B, 227495, -0.927856, -0.054565, -0.356812, 0.000000, -0.549316, -0.610352,riding
A, 613962, -0.980225, 0.203369, 0.010986, -0.122070, -1.586915, -1.098633,riding
B, 227515, -0.927368, -0.061401, -0.356567, -0.061035, -0.549316, -0.549316,riding
A, 613982, -0.981567, 0.193848, 0.010620, -0.244141, -1.586915, -1.098633,riding
B, 227535, -0.928955, -0.062378, -0.353394, -0.061035, -0.549316, -0.549316,riding
A, 614002, -0.982788, 0.185181, 0.009155, 0.000000, -1.647950, -1.037598,riding
B, 227555, -0.930786, -0.062866, -0.348999, 0.061035, -0.488281, -0.427246,riding
A, 614022, -0.983643, 0.186768, 0.004395, -0.488281, -1.770020, -0.793457,riding
B, 227575, -0.929199, -0.062866, -0.348511, -0.366211, -0.488281, -0.427246,riding
A, 614042, -0.980957, 0.198730, 0.011841, -0.854492, -1.770020, -0.732422,riding
B, 227595, -0.928101, -0.058716, -0.354004, -0.610352, -0.488281, -0.488281,riding
A, 614062, -0.978027, 0.211304, 0.020874, -0.488281, -1.770020, -0.976563,riding
B, 227615, -0.927979, -0.054932, -0.356689, -0.366211, -0.549316, -0.366211,riding
A, 614082, -0.977539, 0.211182, 0.021973, -0.183106, -1.770020, -1.098633,riding
B, 227635, -0.927002, -0.052612, -0.356567, -0.061035, -0.610352, -0.305176,riding
A, 614102, -0.980103, 0.198486, 0.019165, -0.061035, -1.831055, -1.159668,riding
B, 227655, -0.927612, -0.057129, -0.354492, -0.061035, -0.671387, -0.305176,riding
A, 614122, -0.979736, 0.203979, 0.018921, -1.037598, -1.708985, -0.976563,riding
B, 227675, -0.927246, -0.057373, -0.358765, -0.793457, -0.732422, -0.610352,riding
A, 614142, -0.976440, 0.220703, 0.018188, -0.610352, -1.770020, -1.037598,riding
B, 227695, -0.924194, -0.053833, -0.363892, -0.244141, -0.854492, -0.427246,riding
A, 614162, -0.974731, 0.228271, 0.020752, -0.732422, -1.770020, -1.342773,riding
B, 227715, -0.923340, -0.053833, -0.366333, -0.183106, -1.037598, -0.366211,riding
A, 614182, -0.974243, 0.228882, 0.016846, 0.000000, -1.892090, -1.586915,riding
B, 227735, -0.925537, -0.056641, -0.362549, 0.183106, -1.159668, -0.244141,riding
A, 614202, -0.978149, 0.209595, 0.014404, 0.244141, -1.953125, -1.892090,riding
B, 227755, -0.927368, -0.057861, -0.355835, 0.427246, -1.281738, -0.122070,riding
A, 614222, -0.982300, 0.185791, 0.011475, 0.122070, -1.953125, -1.953125,riding
B, 227775, -0.929565, -0.060913, -0.346680, 0.244141, -1.220703, -0.183106,riding
A, 614242, -0.986084, 0.177246, -0.007568, -0.061035, -1.953125, -1.770020,riding
B, 227795, -0.932007, -0.070557, -0.344849, 0.061035, -1.220703, -0.061035,riding
A, 614262, -0.984985, 0.179321, -0.027466, -0.305176, -2.258301, -1.525879,riding
B, 227815, -0.929321, -0.078125, -0.348267, -0.183106, -1.159668, 0.061035,riding
A, 614282, -0.982056, 0.193848, -0.013550, -0.854492, -2.502441, -1.403809,riding
B, 227835, -0.928101, -0.061279, -0.354248, -0.549316, -1.220703, 0.183106,riding
A, 614302, -0.980103, 0.201904, 0.012695, -0.183106, -2.685547, -1.586915,riding
B, 227855, -0.929443, -0.054321, -0.349976, 0.061035, -1.098633, 0.549316,riding
A, 614322, -0.983398, 0.183472, 0.031616, -0.244141, -2.685547, -1.525879,riding
B, 227875, -0.932617, -0.050171, -0.344604, -0.610352, -1.159668, 0.183106,riding
A, 614342, -0.980469, 0.192261, 0.042725, -1.159668, -2.441406, -1.403809,riding
B, 227895, -0.931885, -0.040039, -0.347046, -0.732422, -1.098633, 0.061035,riding
A, 614362, -0.979736, 0.196045, 0.057251, -0.610352, -2.380371, -1.586915,riding
B, 227915, -0.932861, -0.034058, -0.347534, -0.427246, -1.037598, 0.000000,riding
A, 614382, -0.981323, 0.187012, 0.069336, -0.122070, -2.014160, -1.647950,riding
B, 227935, -0.932617, -0.032959, -0.346924, 0.000000, -1.037598, -0.061035,riding
A, 614402, -0.981567, 0.182251, 0.066406, -0.244141, -1.647950, -1.525879,riding
B, 227955, -0.932129, -0.033447, -0.348877, 0.000000, -1.037598, -0.427246,riding
A, 614422, -0.983521, 0.178589, 0.058594, -0.244141, -1.464844, -1.281738,riding
B, 227975, -0.932617, -0.037354, -0.346191, -0.183106, -0.915528, -0.793457,riding
A, 614442, -0.981689, 0.185425, 0.040527, -0.488281, -1.281738, -1.220703,riding
B, 227995, -0.932129, -0.048584, -0.345093, 0.122070, -0.793457, -0.793457,riding
A, 614462, -0.983154, 0.181152, 0.025391, -0.183106, -1.281738, -1.159668,riding
B, 228015, -0.933228, -0.055298, -0.341431, -0.244141, -0.793457, -0.976563,riding
A, 614482, -0.981079, 0.189209, 0.026001, -1.037598, -1.098633, -1.098633,riding
B, 228035, -0.931519, -0.048462, -0.346313, -0.488281, -0.854492, -1.037598,riding
A, 614502, -0.980225, 0.199341, 0.019287, -0.305176, -1.281738, -1.281738,riding
B, 228055, -0.929321, -0.054688, -0.352295, -0.122070, -0.793457, -0.915528,riding
A, 614522, -0.978882, 0.205811, 0.018311, -1.220703, -1.159668, -1.159668,riding
B, 228075, -0.926147, -0.055176, -0.361206, -0.732422, -0.976563, -1.098633,riding
A, 614542, -0.975342, 0.225464, 0.019897, -0.671387, -1.281738, -1.281738,riding
B, 228095, -0.922974, -0.051147, -0.369629, -0.366211, -1.098633, -0.915528,riding
A, 614562, -0.970825, 0.248413, 0.019775, -0.488281, -1.403809, -1.525879,riding
B, 228115, -0.918945, -0.051758, -0.376953, -0.244141, -1.525879, -0.915528,riding
A, 614582, -0.967285, 0.264526, 0.032593, -0.732422, -1.342773, -2.075195,riding
B, 228135, -0.919800, -0.045410, -0.377075, -0.183106, -1.831055, -0.915528,riding
A, 614602, -0.968872, 0.256958, 0.036377, 0.427246, -1.403809, -2.807618,riding
B, 228155, -0.923340, -0.046997, -0.366943, 0.732422, -2.075195, -0.671387,riding
A, 614622, -0.971802, 0.234375, 0.035034, -0.305176, -1.098633, -2.990724,riding
B, 228175, -0.925049, -0.047485, -0.360718, 0.061035, -2.441406, -1.037598,riding
A, 614642, -0.973755, 0.229736, 0.022217, 0.305176, -1.220703, -3.479005,riding
B, 228195, -0.925415, -0.050659, -0.360718, 0.854492, -2.563477, -0.793457,riding
A, 614662, -0.980225, 0.193481, 0.015137, 0.915528, -1.403809, -3.662110,riding
B, 228215, -0.928711, -0.056519, -0.351685, 1.098633, -2.624512, -0.671387,riding
A, 614682, -0.988037, 0.155396, 0.020752, 0.549316, -1.342773, -3.479005,riding
B, 228235, -0.940552, -0.051758, -0.323730, 0.915528, -2.319336, -0.732422,riding
A, 614702, -0.995483, 0.118408, 0.024658, 0.610352, -1.403809, -3.051759,riding
B, 228255, -0.948120, -0.056519, -0.303955, 0.732422, -1.953125, -0.732422,riding
A, 614722, -1.002197, 0.076904, 0.015381, 0.366211, -1.342773, -2.258301,riding
B, 228275, -0.953369, -0.061646, -0.290039, 0.610352, -1.403809, -0.732422,riding
A, 614742, -1.007935, 0.052368, 0.017334, 0.366211, -1.342773, -1.647950,riding
B, 228295, -0.957764, -0.059692, -0.277466, 0.488281, -0.671387, -0.671387,riding
A, 614762, -1.013916, 0.014893, 0.015259, 0.427246, -1.464844, -0.854492,riding
B, 228315, -0.963623, -0.062866, -0.266357, 0.488281, 0.244141, -0.549316,riding
A, 614782, -1.019897, -0.010864, -0.000854, -0.549316, -1.342773, 0.488281,riding
B, 228335, -0.964233, -0.072510, -0.262817, -0.427246, 1.220703, -0.732422,riding
A, 614802, -1.018799, -0.004272, -0.021606, -1.403809, -1.342773, 2.014160,riding
B, 228355, -0.961426, -0.079834, -0.270508, -1.220703, 2.136230, -0.732422,riding
A, 614822, -1.011963, 0.033813, -0.019287, -2.380371, -1.586915, 3.417970,riding
B, 228375, -0.950562, -0.068848, -0.297852, -2.502441, 3.234864, -0.793457,riding
A, 614842, -0.997070, 0.102417, 0.004150, -2.441406, -1.831055, 4.150391,riding
B, 228395, -0.942627, -0.057861, -0.317993, -2.197266, 3.906251, -0.488281,riding
A, 614862, -0.987061, 0.152710, 0.025879, -1.831055, -1.892090, 4.394531,riding
B, 228415, -0.935791, -0.055542, -0.333862, -1.953125, 4.089355, -0.366211,riding
A, 614882, -0.977661, 0.198975, 0.029785, -2.014160, -1.770020, 4.333496,riding
B, 228435, -0.927979, -0.049561, -0.352783, -2.319336, 3.967286, -0.610352,riding
A, 614902, -0.965088, 0.264404, 0.040527, -2.319336, -1.647950, 3.723145,riding
B, 228455, -0.920410, -0.038574, -0.376587, -2.441406, 3.784181, -0.671387,riding
A, 614922, -0.962280, 0.281494, 0.050415, -1.647950, -1.586915, 3.234864,riding
B, 228475, -0.914795, -0.037109, -0.392334, -1.770020, 3.417970, -0.610352,riding
A, 614942, -0.960449, 0.297974, 0.047607, -1.770020, -1.342773, 2.685547,riding
B, 228495, -0.906860, -0.037231, -0.408325, -1.586915, 2.685547, -0.854492,riding
A, 614962, -0.958618, 0.305908, 0.044434, -1.098633, -1.464844, 2.136230,riding
B, 228515, -0.907349, -0.033325, -0.408081, -1.037598, 2.136230, -0.793457,riding
A, 614982, -0.955444, 0.318237, 0.053711, -1.220703, -1.281738, 1.647950,riding
B, 228535, -0.906860, -0.031616, -0.409912, -0.976563, 1.464844, -1.037598,riding
A, 615002, -0.953857, 0.330078, 0.053589, -0.427246, -1.220703, 0.610352,riding
B, 228555, -0.906616, -0.036743, -0.408447, 0.000000, 0.915528, -0.854492,riding
A, 615022, -0.955322, 0.318848, 0.052490, -0.122070, -1.037598, -0.122070,riding
B, 228575, -0.909302, -0.037476, -0.403687, -0.244141, 0.244141, -1.159668,riding
A, 615042, -0.957397, 0.311279, 0.047852, -0.366211, -0.854492, -0.854492,riding
B, 228595, -0.910889, -0.032959, -0.401855, 0.061035, -0.427246, -1.220703,riding
A, 615062, -0.961426, 0.299561, 0.043945, -0.061035, -0.793457, -1.464844,riding
B, 228615, -0.908691, -0.041504, -0.403320, 0.305176, -0.915528, -1.281738,riding
A, 615082, -0.963379, 0.286987, 0.017334, 0.488281, -0.793457, -2.258301,riding
B, 228635, -0.909180, -0.054932, -0.402100, 0.732422, -1.647950, -1.220703,riding
A, 615102, -0.966675, 0.271973, 0.009033, 0.366211, -0.915528, -2.502441,riding
B, 228655, -0.913818, -0.051270, -0.392700, 0.610352, -2.136230, -1.220703,riding
A, 615122, -0.967285, 0.266113, 0.006470, 0.244141, -1.037598, -2.990724,riding
B, 228675, -0.916992, -0.057251, -0.381958, 0.732422, -2.441406, -1.037598,riding
A, 615142, -0.971191, 0.251709, -0.006226, 0.549316, -1.159668, -3.417970,riding
B, 228695, -0.919800, -0.073730, -0.372681, 0.793457, -2.746582, -0.854492,riding
A, 615162, -0.973389, 0.241333, -0.015381, 0.000000, -1.220703, -3.662110,riding
B, 228715, -0.920288, -0.070679, -0.370728, 0.366211, -3.112794, -0.915528,riding
A, 615182, -0.973145, 0.237427, -0.001709, -0.122070, -1.525879, -4.089355,riding
B, 228735, -0.921265, -0.054321, -0.370728, 0.366211, -3.295899, -0.732422,riding
A, 615202, -0.975220, 0.224121, 0.023926, -0.183106, -1.647950, -4.150391,riding
B, 228755, -0.922119, -0.050293, -0.370728, 0.366211, -3.479005, -0.671387,riding
A, 615222, -0.977783, 0.211670, 0.019043, 0.366211, -1.647950, -4.272461,riding
B, 228775, -0.924561, -0.063599, -0.362793, 0.793457, -3.601075, -0.488281,riding
A, 615242, -0.980103, 0.198486, 0.004883, -0.549316, -1.586915, -4.089355,riding
B, 228795, -0.926270, -0.052368, -0.354614, 0.000000, -3.662110, -0.793457,riding
A, 615262, -0.978027, 0.202759, 0.029785, -0.183106, -1.770020, -4.150391,riding
B, 228815, -0.930542, -0.043091, -0.347534, 0.427246, -3.662110, -0.549316,riding
A, 615282, -0.980225, 0.192749, 0.047974, -0.122070, -1.586915, -4.211426,riding
B, 228835, -0.932007, -0.050903, -0.344116, 0.305176, -3.723145, -0.732422,riding
A, 615302, -0.978027, 0.203979, 0.041504, -0.732422, -1.220703, -4.272461,riding
B, 228855, -0.929199, -0.048828, -0.350708, -0.122070, -3.784181, -1.037598,riding
A, 615322, -0.976685, 0.209106, 0.022705, -0.305176, -1.281738, -4.394531,riding
B, 228875, -0.927734, -0.044678, -0.357544, 0.244141, -3.845216, -0.915528,riding
A, 615342, -0.976929, 0.208984, 0.026245, -0.610352, -1.403809, -4.455566,riding
B, 228895, -0.926880, -0.046753, -0.358887, 0.244141, -3.967286, -0.915528,riding
A, 615362, -0.979004, 0.198608, 0.038452, 0.000000, -1.403809, -4.638672,riding
B, 228915, -0.931396, -0.054565, -0.345337, 1.037598, -3.845216, -0.732422,riding
A, 615382, -0.985352, 0.169678, 0.020752, 0.854492, -1.342773, -4.577637,riding
B, 228935, -0.937256, -0.059814, -0.328857, 0.976563, -3.845216, -0.732422,riding
A, 615402, -0.987305, 0.153564, 0.003784, -0.061035, -1.342773, -4.394531,riding
B, 228955, -0.940308, -0.055542, -0.320557, 0.183106, -3.723145, -0.976563,riding
A, 615422, -0.988403, 0.150513, 0.017212, 0.000000, -1.586915, -4.150391,riding
B, 228975, -0.940674, -0.058594, -0.321655, 0.427246, -3.601075, -0.732422,riding
A, 615442, -0.991455, 0.137329, 0.021729, 0.000000, -1.464844, -4.028320,riding
B, 228995, -0.939453, -0.063599, -0.322510, 0.488281, -3.295899, -0.732422,riding
A, 615462, -0.992676, 0.126953, 0.015137, 0.061035, -1.403809, -3.662110,riding
B, 229015, -0.942139, -0.055298, -0.320068, 0.427246, -2.990724, -0.732422,riding
A, 615482, -0.995117, 0.116455, 0.014771, 0.061035, -1.586915, -3.173829,riding
B, 229035, -0.943970, -0.055176, -0.312744, 0.488281, -2.502441, -0.549316,riding
A, 615502, -0.995117, 0.110962, 0.023560, -0.183106, -1.647950, -2.685547,riding
B, 229055, -0.945923, -0.063477, -0.307861, 0.061035, -2.136230, -0.671387,riding
A, 615522, -0.994995, 0.112793, 0.026245, -0.488281, -1.464844, -2.258301,riding
B, 229075, -0.948608, -0.056396, -0.302856, -0.122070, -1.708985, -0.732422,riding
A, 615542, -0.995605, 0.108887, 0.026855, -0.488281, -1.403809, -1.953125,riding
B, 229095, -0.949707, -0.046997, -0.297852, -0.305176, -1.342773, -0.793457,riding
A, 615562, -0.995728, 0.107788, 0.025391, -0.366211, -1.525879, -1.708985,riding
B, 229115, -0.948486, -0.050049, -0.299927, 0.122070, -0.854492, -0.610352,riding
A, 615582, -0.998535, 0.095825, 0.034058, -0.427246, -1.403809, -1.098633,riding
B, 229135, -0.947388, -0.059570, -0.305054, -0.427246, -0.549316, -0.854492,riding
A, 615602, -0.996826, 0.107300, 0.030273, -0.244141, -1.342773, -0.366211,riding
B, 229155, -0.945801, -0.047485, -0.311035, -0.183106, 0.122070, -0.793457,riding
A, 615622, -0.995239, 0.113159, 0.031006, -0.610352, -1.281738, 0.122070,riding
B, 229175, -0.945557, -0.045776, -0.310181, -0.366211, 0.549316, -0.854492,riding
A, 615642, -0.994629, 0.121338, 0.034790, -0.183106, -1.342773, 0.488281,riding
B, 229195, -0.946167, -0.056396, -0.307495, -0.122070, 0.915528, -0.854492,riding
A, 615662, -0.992676, 0.123535, 0.031128, -0.427246, -1.098633, 0.793457,riding
B, 229215, -0.945190, -0.058228, -0.307251, -0.427246, 1.159668, -0.976563,riding
A, 615682, -0.990112, 0.135010, 0.019165, -0.305176, -1.098633, 0.976563,riding
B, 229235, -0.943115, -0.052490, -0.313477, -0.244141, 1.525879, -0.854492,riding
A, 615702, -0.990601, 0.140259, 0.011230, -0.366211, -1.281738, 1.220703,riding
B, 229255, -0.941040, -0.056152, -0.321533, -0.305176, 1.708985, -0.854492,riding
A, 615722, -0.988770, 0.145996, 0.011841, -0.183106, -1.464844, 1.525879,riding
B, 229275, -0.936523, -0.065063, -0.332642, -0.366211, 1.892090, -0.732422,riding
A, 615742, -0.987305, 0.164795, 0.022339, -1.220703, -1.159668, 1.831055,riding
B, 229295, -0.932861, -0.047974, -0.341064, -0.671387, 2.014160, -0.915528,riding
A, 615762, -0.982300, 0.182495, 0.028442, -0.610352, -1.281738, 1.953125,riding
B, 229315, -0.933350, -0.047119, -0.341553, -0.732422, 2.136230, -0.915528,riding
A, 615782, -0.978638, 0.198120, 0.022339, -0.183106, -1.342773, 1.708985,riding
B, 229335, -0.932251, -0.057495, -0.342407, -0.305176, 2.075195, -0.793457,riding
A, 615802, -0.980591, 0.194092, 0.021973, -0.549316, -1.220703, 1.525879,riding
B, 229355, -0.932251, -0.058105, -0.341919, -0.610352, 2.075195, -0.915528,riding
A, 615822, -0.980225, 0.197144, 0.019897, -0.549316, -1.220703, 1.464844,riding
B, 229375, -0.930298, -0.052246, -0.348389, -0.549316, 1.953125, -0.915528,riding
A, 615842, -0.979248, 0.202148, 0.020630, -0.793457, -1.220703, 1.464844,riding
B, 229395, -0.927734, -0.049072, -0.355957, -0.671387, 1.892090, -0.915528,riding
A, 615862, -0.979858, 0.200439, 0.015991, 0.122070, -1.464844, 1.403809,riding
B, 229415, -0.926758, -0.058594, -0.358765, 0.061035, 1.892090, -0.610352,riding
A, 615882, -0.980347, 0.198608, 0.019043, -0.549316, -1.342773, 1.525879,riding
B, 229435, -0.926880, -0.051392, -0.357422, -0.793457, 1.708985, -0.915528,riding
A, 615902, -0.975830, 0.218628, 0.025757, -0.732422, -1.281738, 1.525879,riding
B, 229455, -0.926514, -0.046997, -0.356445, -0.671387, 1.586915, -0.854492,riding
A, 615922, -0.973022, 0.229980, 0.030640, -0.732422, -1.281738, 1.098633,riding
B, 229475, -0.925659, -0.053345, -0.358643, -0.305176, 1.464844, -0.793457,riding
A, 615942, -0.973755, 0.231812, 0.020752, -0.366211, -1.220703, 0.671387,riding
B, 229495, -0.925171, -0.059814, -0.361816, -0.244141, 1.220703, -0.854492,riding
A, 615962, -0.975098, 0.226196, 0.014282, -0.488281, -1.281738, 0.488281,riding
B, 229515, -0.922607, -0.051636, -0.367310, -0.488281, 0.976563, -0.854492,riding
A, 615982, -0.975098, 0.225464, 0.023071, -0.549316, -1.403809, 0.305176,riding
B, 229535, -0.921265, -0.048828, -0.371216, -0.366211, 0.854492, -0.793457,riding
A, 616002, -0.973511, 0.235229, 0.030884, -0.549316, -1.281738, 0.366211,riding
B, 229555, -0.921509, -0.051147, -0.374390, -0.305176, 0.549316, -0.854492,riding
A, 616022, -0.971558, 0.238647, 0.022949, -0.122070, -1.220703, 0.061035,riding
B, 229575, -0.920044, -0.053467, -0.370728, 0.000000, 0.183106, -0.793457,riding
A, 616042, -0.969604, 0.251221, 0.013428, -0.610352, -1.220703, -0.183106,riding
B, 229595, -0.921387, -0.052490, -0.371826, -0.549316, -0.061035, -0.976563,riding
A, 616062, -0.967163, 0.262939, 0.015747, -0.427246, -1.464844, -0.671387,riding
B, 229615, -0.918823, -0.053589, -0.375977, -0.122070, -0.427246, -0.793457,riding
A, 616082, -0.969604, 0.262817, 0.025391, -0.549316, -1.342773, -1.281738,riding
B, 229635, -0.917480, -0.053223, -0.380737, -0.183106, -0.793457, -0.854492,riding
A, 616102, -0.967896, 0.260376, 0.025391, -0.244141, -1.342773, -1.647950,riding
B, 229655, -0.916626, -0.049927, -0.384399, 0.061035, -1.098633, -0.793457,riding
A, 616122, -0.970215, 0.248901, 0.019287, -0.183106, -1.342773, -1.953125,riding
B, 229675, -0.917725, -0.047241, -0.382080, 0.122070, -1.464844, -0.793457,riding
A, 616142, -0.971313, 0.246582, 0.016357, 0.000000, -1.464844, -2.258301,riding
B, 229695, -0.919189, -0.059082, -0.374878, 0.305176, -1.892090, -0.671387,riding
A, 616162, -0.973022, 0.239380, 0.006592, 0.122070, -1.464844, -2.624512,riding
B, 229715, -0.922363, -0.063599, -0.366211, 0.366211, -2.136230, -0.671387,riding
A, 616182, -0.974731, 0.228516, -0.002563, -0.061035, -1.586915, -2.868653,riding
B, 229735, -0.925049, -0.059692, -0.359131, 0.244141, -2.380371, -0.549316,riding
A, 616202, -0.975830, 0.221436, 0.001099, -0.244141, -1.770020, -3.234864,riding
B, 229755, -0.925659, -0.060059, -0.357544, 0.183106, -2.502441, -0.488281,riding
A, 616222, -0.978760, 0.205322, 0.011353, -0.122070, -1.892090, -3.356935,riding
B, 229775, -0.926636, -0.062134, -0.355713, 0.244141, -2.624512, -0.366211,riding
A, 616242, -0.981201, 0.191895, 0.013672, -0.061035, -1.831055, -3.295899,riding
B, 229795, -0.927246, -0.057251, -0.354248, 0.305176, -2.685547, -0.305176,riding
A, 616262, -0.984619, 0.174316, 0.013672, -0.122070, -1.892090, -3.173829,riding
B, 229815, -0.931152, -0.054077, -0.344849, 0.061035, -2.563477, -0.244141,riding
A, 616282, -0.985229, 0.175171, 0.010254, -0.122070, -2.075195, -2.868653,riding
B, 229835, -0.934326, -0.060913, -0.339600, 0.122070, -2.441406, -0.122070,riding
A, 616302, -0.984863, 0.177246, 0.016968, -0.488281, -2.014160, -2.685547,riding
B, 229855, -0.934692, -0.061646, -0.335571, -0.244141, -2.502441, -0.244141,riding
A, 616322, -0.983276, 0.180664, 0.017090, -0.244141, -2.075195, -2.990724,riding
B, 229875, -0.935425, -0.052368, -0.334106, 0.000000, -2.319336, -0.122070,riding
A, 616342, -0.985596, 0.166626, 0.015991, -0.061035, -2.136230, -2.929688,riding
B, 229895, -0.937134, -0.053467, -0.332275, 0.183106, -2.197266, 0.000000,riding
A, 616362, -0.990356, 0.147705, 0.016846, -0.305176, -2.197266, -2.685547,riding
B, 229915, -0.937134, -0.058960, -0.331299, 0.000000, -2.075195, 0.000000,riding
A, 616382, -0.990723, 0.145630, 0.013184, -0.244141, -2.197266, -2.319336,riding
B, 229935, -0.935913, -0.059082, -0.332520, -0.122070, -1.831055, 0.061035,riding
A, 616402, -0.988892, 0.149902, 0.010742, -0.488281, -2.319336, -1.953125,riding
B, 229955, -0.937500, -0.053833, -0.331299, -0.488281, -1.586915, 0.061035,riding
A, 616422, -0.987061, 0.159180, 0.018311, -0.671387, -2.380371, -1.708985,riding
B, 229975, -0.937134, -0.053467, -0.331543, -0.427246, -1.464844, 0.122070,riding
A, 616442, -0.985107, 0.173950, 0.023315, -0.488281, -2.380371, -1.647950,riding
B, 229995, -0.936646, -0.056396, -0.331177, -0.366211, -1.342773, 0.122070,riding
A, 616462, -0.984253, 0.174072, 0.025513, -0.671387, -2.319336, -1.708985,riding
B, 230015, -0.936523, -0.051025, -0.333008, -0.488281, -1.281738, 0.061035,riding
A, 616482, -0.982178, 0.179443, 0.025757, -0.732422, -2.380371, -1.770020,riding
B, 230035, -0.933838, -0.046265, -0.339111, -0.488281, -1.220703, 0.122070,riding
A, 616502, -0.982544, 0.183838, 0.031128, -0.610352, -2.380371, -1.647950,riding
B, 230055, -0.932373, -0.047363, -0.347534, -0.488281, -1.220703, 0.122070,riding
A, 616522, -0.981934, 0.186768, 0.031372, -0.122070, -2.441406, -1.586915,riding
B, 230075, -0.929932, -0.048584, -0.349121, -0.122070, -1.220703, 0.244141,riding
A, 616542, -0.982300, 0.181519, 0.032593, -0.061035, -2.380371, -1.586915,riding
B, 230095, -0.934570, -0.042480, -0.338745, 0.000000, -1.159668, 0.244141,riding
A, 616562, -0.981567, 0.179443, 0.032715, -0.122070, -2.319336, -1.464844,riding
B, 230115, -0.935791, -0.045654, -0.334106, 0.000000, -1.098633, 0.183106,riding
A, 616582, -0.982056, 0.181396, 0.030518, -0.122070, -2.380371, -1.586915,riding
B, 230135, -0.935181, -0.051880, -0.334839, 0.061035, -1.098633, 0.183106,riding
A, 616602, -0.982666, 0.180908, 0.028320, -0.122070, -2.258301, -1.647950,riding
B, 230155, -0.936279, -0.049805, -0.335815, 0.061035, -1.037598, 0.183106,riding
A, 616622, -0.984131, 0.174316, 0.023071, 0.183106, -2.319336, -1.708985,riding
B, 230175, -0.933838, -0.045288, -0.337402, 0.366211, -1.037598, 0.366211,riding
A, 616642, -0.985352, 0.164063, 0.020508, 0.244141, -2.502441, -1.464844,riding
B, 230195, -0.934570, -0.050781, -0.338867, 0.366211, -0.915528, 0.366211,riding
A, 616662, -0.986084, 0.164551, 0.020630, 0.183106, -2.563477, -1.281738,riding
B, 230215, -0.935181, -0.053345, -0.335571, 0.122070, -0.793457, 0.427246,riding
A, 616682, -0.986084, 0.166504, 0.018433, 0.061035, -2.502441, -1.098633,riding
B, 230235, -0.937378, -0.052856, -0.329956, 0.122070, -0.671387, 0.488281,riding
A, 616702, -0.986084, 0.166016, 0.005859, 0.366211, -2.746582, -1.159668,riding
B, 230255, -0.938232, -0.056519, -0.326294, 0.427246, -0.549316, 0.732422,riding
A, 616722, -0.986450, 0.163452, 0.007202, 0.366211, -2.929688, -1.098633,riding
B, 230275, -0.938354, -0.059448, -0.327393, 0.183106, -0.488281, 0.793457,riding
A, 616742, -0.986084, 0.161011, 0.021729, -0.427246, -2.807618, -0.915528,riding
B, 230295, -0.936035, -0.052002, -0.330566, -0.549316, -0.427246, 0.549316,riding
A, 616762, -0.985718, 0.165405, 0.034546, -0.732422, -2.746582, -0.793457,riding
B, 230315, -0.935425, -0.040894, -0.336060, -0.732422, -0.366211, 0.549316,riding
A, 616782, -0.984497, 0.169800, 0.044434, -0.671387, -2.746582, -0.549316,riding
B, 230335, -0.934204, -0.036255, -0.339966, -0.671387, -0.244141, 0.549316,riding
A, 616802, -0.981689, 0.178711, 0.047974, -0.610352, -2.685547, -0.427246,riding
B, 230355, -0.933716, -0.038940, -0.342407, -0.427246, -0.183106, 0.488281,riding
A, 616822, -0.980957, 0.190063, 0.042969, -0.122070, -2.624512, -0.549316,riding
B, 230375, -0.934937, -0.037476, -0.338623, -0.183106, -0.122070, 0.488281,riding
A, 616842, -0.981689, 0.182739, 0.047363, -0.183106, -2.563477, -0.671387,riding
B, 230395, -0.936157, -0.034180, -0.333984, -0.244141, -0.122070, 0.427246,riding
A, 616862, -0.982056, 0.179688, 0.055542, -0.427246, -2.441406, -0.671387,riding
B, 230415, -0.935425, -0.032837, -0.335571, -0.488281, -0.122070, 0.183106,riding
A, 616882, -0.981201, 0.181885, 0.060059, -0.610352, -2.197266, -0.610352,riding
B, 230435, -0.933594, -0.030884, -0.341797, -0.549316, -0.183106, 0.000000,riding
A, 616902, -0.980957, 0.181641, 0.063965, -0.854492, -2.014160, -0.488281,riding
B, 230455, -0.932861, -0.027832, -0.345337, -0.732422, -0.122070, -0.244141,riding
A, 616922, -0.979370, 0.189453, 0.059082, -0.976563, -1.831055, -0.488281,riding
B, 230475, -0.931519, -0.028076, -0.348633, -0.549316, -0.122070, -0.366211,riding
A, 616942, -0.978638, 0.197510, 0.057129, -0.488281, -1.831055, -0.427246,riding
B, 230495, -0.931152, -0.031372, -0.345947, -0.244141, -0.183106, -0.366211,riding
A, 616962, -0.977417, 0.198608, 0.056763, -0.244141, -1.708985, -0.610352,riding
B, 230515, -0.933350, -0.031250, -0.342529, 0.000000, -0.183106, -0.427246,riding
A, 616982, -0.979126, 0.195313, 0.053833, 0.000000, -1.647950, -0.793457,riding
B, 230535, -0.934448, -0.029907, -0.339233, 0.122070, -0.305176, -0.549316,riding
A, 617002, -0.979248, 0.187378, 0.065552, -0.854492, -1.342773, -0.793457,riding
B, 230555, -0.934082, -0.027832, -0.341675, -0.549316, -0.366211, -0.915528,riding
A, 617022, -0.978882, 0.191650, 0.068970, -1.037598, -1.098633, -0.793457,riding
B, 230575, -0.931396, -0.025024, -0.349121, -0.732422, -0.427246, -1.220703,riding
A, 617042, -0.979614, 0.193726, 0.063965, -0.122070, -1.037598, -0.854492,riding
B, 230595, -0.930542, -0.025635, -0.350830, 0.061035, -0.305176, -1.037598,riding
A, 617062, -0.980103, 0.185303, 0.063721, -0.122070, -0.915528, -0.793457,riding
B, 230615, -0.933350, -0.026245, -0.342163, -0.061035, -0.366211, -1.342773,riding
A, 617082, -0.979370, 0.187134, 0.067383, -0.671387, -0.671387, -0.732422,riding
B, 230635, -0.934814, -0.026245, -0.338623, -0.305176, -0.366211, -1.647950,riding
A, 617102, -0.978882, 0.190674, 0.067627, -0.427246, -0.488281, -0.854492,riding
B, 230655, -0.935303, -0.027832, -0.338745, 0.122070, -0.366211, -1.708985,riding
A, 617122, -0.979736, 0.187256, 0.062012, 0.000000, -0.366211, -1.037598,riding
B, 230675, -0.935425, -0.028809, -0.337769, 0.366211, -0.366211, -1.708985,riding
A, 617142, -0.982422, 0.175171, 0.064209, -0.305176, -0.183106, -0.976563,riding
B, 230695, -0.935303, -0.025635, -0.338013, 0.000000, -0.305176, -2.075195,riding
A, 617162, -0.983765, 0.168823, 0.074097, -0.854492, 0.061035, -0.732422,riding
B, 230715, -0.935303, -0.023926, -0.339600, -0.427246, -0.244141, -2.502441,riding
A, 617182, -0.983521, 0.174316, 0.073730, -0.488281, 0.488281, -0.488281,riding
B, 230735, -0.934082, -0.025269, -0.341797, -0.061035, -0.122070, -2.624512,riding
A, 617202, -0.981812, 0.178467, 0.063232, -0.366211, 0.671387, -0.427246,riding
B, 230755, -0.934326, -0.029053, -0.339478, 0.061035, -0.061035, -2.868653,riding
A, 617222, -0.981079, 0.184570, 0.056763, -0.732422, 0.854492, -0.488281,riding
B, 230775, -0.935547, -0.031860, -0.337524, -0.061035, 0.000000, -3.051759,riding
A, 617242, -0.982056, 0.182983, 0.055786, -0.305176, 0.915528, -0.610352,riding
B, 230795, -0.936890, -0.035889, -0.334351, 0.427246, 0.061035, -3.051759,riding
A, 617262, -0.984375, 0.169067, 0.051270, 0.061035, 1.098633, -0.610352,riding
B, 230815, -0.936646, -0.040405, -0.332886, 0.549316, 0.183106, -3.112794,riding
A, 617282, -0.984985, 0.161987, 0.039673, -0.366211, 1.220703, -0.366211,riding
B, 230835, -0.936523, -0.041504, -0.336792, 0.183106, 0.244141, -3.356935,riding
A, 617302, -0.984619, 0.165161, 0.037476, -0.488281, 1.220703, -0.183106,riding
B, 230855, -0.935303, -0.040161, -0.339722, 0.244141, 0.427246, -3.356935,riding
A, 617322, -0.985474, 0.165894, 0.046875, -0.488281, 1.342773, 0.000000,riding
B, 230875, -0.935059, -0.044067, -0.338623, 0.366211, 0.610352, -3.479005,riding
A, 617342, -0.983887, 0.171997, 0.033325, 0.183106, 1.403809, 0.183106,riding
B, 230895, -0.936646, -0.049072, -0.335938, 0.732422, 0.732422, -3.356935,riding
A, 617362, -0.983521, 0.172974, 0.021484, -0.122070, 1.464844, 0.244141,riding
B, 230915, -0.935791, -0.052490, -0.334229, 0.427246, 0.793457, -3.540040,riding
A, 617382, -0.984009, 0.178101, 0.025757, -0.488281, 1.464844, 0.244141,riding
B, 230935, -0.934937, -0.051147, -0.337524, 0.244141, 0.854492, -3.540040,riding
A, 617402, -0.983643, 0.178101, 0.031372, -0.122070, 1.525879, 0.244141,riding
B, 230955, -0.933350, -0.053101, -0.341553, 0.549316, 0.915528, -3.479005,riding
A, 617422, -0.982788, 0.180054, 0.025024, -0.122070, 1.647950, 0.366211,riding
B, 230975, -0.931763, -0.053589, -0.346802, 0.488281, 0.976563, -3.540040,riding
A, 617442, -0.982788, 0.183228, 0.010010, 0.122070, 1.464844, 0.488281,riding
B, 230995, -0.930054, -0.056519, -0.349854, 0.732422, 1.037598, -3.417970,riding
A, 617462, -0.983398, 0.188354, 0.000977, 0.061035, 1.342773, 0.610352,riding
B, 231015, -0.928223, -0.069458, -0.349365, 0.549316, 1.098633, -3.295899,riding
A, 617482, -0.980347, 0.197876, -0.005493, -0.061035, 1.281738, 0.610352,riding
B, 231035, -0.928467, -0.073486, -0.350708, 0.488281, 0.976563, -3.234864,riding
A, 617502, -0.979004, 0.208984, -0.015259, -0.061035, 1.159668, 0.549316,riding
B, 231055, -0.926147, -0.074585, -0.353638, 0.427246, 0.915528, -3.051759,riding
A, 617522, -0.977661, 0.213501, -0.024414, -0.183106, 0.793457, 0.122070,riding
B, 231075, -0.924683, -0.075684, -0.356567, 0.366211, 0.854492, -2.807618,riding
A, 617542, -0.979126, 0.210693, -0.026855, -0.061035, 0.549316, 0.122070,riding
B, 231095, -0.924072, -0.081543, -0.359863, 0.427246, 0.671387, -2.563477,riding
A, 617562, -0.979370, 0.209351, -0.028076, -0.366211, 0.366211, 0.061035,riding
B, 231115, -0.922852, -0.083130, -0.362671, 0.061035, 0.610352, -2.441406,riding
A, 617582, -0.978394, 0.216919, -0.030518, -0.549316, 0.122070, 0.061035,riding
B, 231135, -0.921631, -0.079956, -0.365234, 0.000000, 0.305176, -2.136230,riding
A, 617602, -0.977417, 0.223022, -0.032715, -0.061035, -0.244141, -0.122070,riding
B, 231155, -0.923584, -0.083130, -0.361572, 0.366211, 0.244141, -1.647950,riding
A, 617622, -0.977539, 0.217163, -0.030884, 0.122070, -0.549316, -0.427246,riding
B, 231175, -0.924561, -0.086792, -0.357056, 0.305176, 0.122070, -1.464844,riding
A, 617642, -0.979736, 0.209961, -0.028809, -0.183106, -0.732422, -0.549316,riding
B, 231195, -0.925781, -0.082520, -0.354736, 0.000000, 0.000000, -1.342773,riding
A, 617662, -0.979858, 0.208008, -0.026611, -0.549316, -0.915528, -0.610352,riding
B, 231215, -0.924805, -0.079590, -0.357544, -0.244141, -0.122070, -1.159668,riding
A, 617682, -0.980957, 0.208740, -0.025269, -0.366211, -1.159668, -0.671387,riding
B, 231235, -0.924561, -0.080688, -0.360962, -0.183106, -0.244141, -0.915528,riding
A, 617702, -0.980957, 0.203491, -0.018555, -0.366211, -1.464844, -0.732422,riding
B, 231255, -0.924316, -0.079956, -0.360840, -0.244141, -0.244141, -0.732422,riding
A, 617722, -0.980347, 0.206055, -0.020142, -0.244141, -1.647950, -0.732422,riding
B, 231275, -0.924683, -0.076294, -0.357910, -0.183106, -0.366211, -0.427246,riding
A, 617742, -0.979492, 0.209595, -0.016968, -0.427246, -1.892090, -0.732422,riding
B, 231295, -0.925049, -0.074829, -0.357422, -0.366211, -0.488281, -0.305176,riding
A, 617762, -0.976685, 0.219116, -0.008545, -0.610352, -2.014160, -0.915528,riding
B, 231315, -0.925415, -0.072998, -0.359131, -0.366211, -0.549316, -0.183106,riding
A, 617782, -0.977295, 0.218140, -0.010132, -0.061035, -2.197266, -1.159668,riding
B, 231335, -0.924438, -0.075317, -0.358643, 0.000000, -0.671387, 0.061035,riding
A, 617802, -0.978760, 0.210815, -0.017822, -0.305176, -2.258301, -1.281738,riding
B, 231355, -0.924316, -0.075684, -0.360474, -0.427246, -0.793457, 0.122070,riding
A, 617822, -0.977905, 0.212769, -0.018188, -0.671387, -2.441406, -1.220703,riding
B, 231375, -0.922729, -0.073730, -0.364258, -0.610352, -0.976563, 0.244141,riding
A, 617842, -0.977539, 0.216064, -0.008179, -0.610352, -2.624512, -1.403809,riding
B, 231395, -0.923096, -0.071289, -0.363525, -0.488281, -0.976563, 0.427246,riding
A, 617862, -0.978149, 0.211182, 0.001221, -0.122070, -2.807618, -1.525879,riding
B, 231415, -0.926880, -0.066772, -0.355591, -0.183106, -1.098633, 0.610352,riding
A, 617882, -0.980957, 0.196777, 0.005615, -0.122070, -2.929688, -1.647950,riding
B, 231435, -0.929565, -0.062866, -0.349731, -0.244141, -1.159668, 0.610352,riding
A, 617902, -0.980835, 0.190674, 0.019531, -0.854492, -2.868653, -1.647950,riding
B, 231455, -0.931396, -0.057861, -0.347534, -0.732422, -1.159668, 0.488281,riding
A, 617922, -0.980957, 0.191895, 0.029541, -0.366211, -2.807618, -1.586915,riding
B, 231475, -0.930054, -0.054565, -0.348877, -0.305176, -1.159668, 0.549316,riding
A, 617942, -0.983032, 0.188843, 0.032959, -0.671387, -2.563477, -1.647950,riding
B, 231495, -0.930542, -0.052368, -0.351563, -0.610352, -1.037598, 0.366211,riding
A, 617962, -0.984375, 0.180298, 0.035278, -0.427246, -2.624512, -1.403809,riding
B, 231515, -0.931885, -0.046509, -0.349487, -0.366211, -1.037598, 0.427246,riding
A, 617982, -0.984131, 0.176758, 0.038574, -0.427246, -2.563477, -1.403809,riding
B, 231535, -0.933472, -0.051392, -0.342407, -0.183106, -0.793457, 0.305176,riding
A, 618002, -0.984741, 0.172729, 0.032471, 0.000000, -2.380371, -1.159668,riding
B, 231555, -0.934448, -0.057251, -0.338623, -0.061035, -0.732422, 0.244141,riding
A, 618022, -0.984009, 0.171875, 0.020630, -0.183106, -2.258301, -1.098633,riding
B, 231575, -0.933838, -0.059082, -0.338501, -0.305176, -0.671387, 0.122070,riding
A, 618042, -0.983643, 0.184937, 0.004761, -0.549316, -2.380371, -0.976563,riding
B, 231595, -0.931152, -0.061401, -0.345337, -0.488281, -0.549316, 0.183106,riding
A, 618062, -0.983643, 0.187500, -0.002930, -0.488281, -2.441406, -1.037598,riding
B, 231615, -0.930054, -0.069336, -0.349487, -0.488281, -0.488281, 0.244141,riding
A, 618082, -0.984619, 0.185547, -0.016113, -0.366211, -2.624512, -0.854492,riding
B, 231635, -0.928955, -0.075195, -0.351440, -0.488281, -0.488281, 0.427246,riding
A, 618102, -0.984009, 0.188354, -0.038696, -0.305176, -2.929688, -0.793457,riding
B, 231655, -0.928345, -0.078857, -0.351074, -0.488281, -0.427246, 0.732422,riding
A, 618122, -0.983521, 0.193359, -0.053955, -0.427246, -3.356935, -0.671387,riding
B, 231675, -0.925415, -0.094116, -0.354004, -0.976563, -0.488281, 1.220703,riding
A, 618142, -0.982056, 0.205444, -0.052002, -1.586915, -3.601075, -0.488281,riding
B, 231695, -0.926514, -0.089966, -0.357422, -2.075195, -0.671387, 1.220703,riding
A, 618162, -0.978149, 0.219360, -0.051758, -1.647950, -3.906251, -0.976563,riding
B, 231715, -0.921997, -0.084106, -0.360596, -0.732422, -0.793457, 2.197266,riding
A, 618182, -0.980225, 0.213867, -0.062744, -0.244141, -4.699707, -1.098633,riding
B, 231735, -0.924927, -0.095581, -0.357910, -1.220703, -0.671387, 2.502441,riding
A, 618202, -0.981201, 0.209839, -0.067871, -1.220703, -5.126953, -0.915528,riding
B, 231755, -0.923218, -0.091431, -0.363037, -1.708985, -1.098633, 2.868653,riding
A, 618222, -0.975708, 0.225464, -0.032104, -1.159668, -5.859377, -1.342773,riding
B, 231775, -0.921509, -0.079956, -0.367554, -1.708985, -1.159668, 3.295899,riding
A, 618242, -0.974976, 0.236938, -0.018677, -0.854492, -6.042482, -1.647950,riding
B, 231795, -0.922119, -0.069092, -0.370972, -1.098633, -1.403809, 3.967286,riding
A, 618262, -0.973389, 0.234131, -0.016357, 0.183106, -6.591799, -1.770020,riding
B, 231815, -0.922852, -0.062988, -0.367065, -0.488281, -1.647950, 4.455566,riding
A, 618282, -0.973511, 0.231567, 0.000244, -0.976563, -6.652834, -2.014160,riding
B, 231835, -0.921265, -0.059204, -0.368042, -2.014160, -2.014160, 4.089355,riding
A, 618302, -0.969971, 0.250000, 0.002930, -1.892090, -6.652834, -2.380371,riding
B, 231855, -0.921875, -0.054443, -0.368774, -2.075195, -2.197266, 4.272461,riding
A, 618322, -0.970337, 0.242432, -0.000610, 0.610352, -7.263186, -2.868653,riding
B, 231875, -0.922241, -0.047607, -0.366455, 0.488281, -2.441406, 5.371094,riding
A, 618342, -0.974365, 0.222412, 0.012085, 2.075195, -7.690432, -3.295899,riding
B, 231895, -0.924927, -0.045044, -0.360596, 1.220703, -2.441406, 5.798342,riding
A, 618362, -0.975708, 0.206421, 0.018311, 1.708985, -7.812502, -3.173829,riding
B, 231915, -0.926270, -0.043457, -0.357910, 0.854492, -2.685547, 5.798342,riding
A, 618382, -0.977539, 0.196899, 0.029297, 1.098633, -7.812502, -3.234864,riding
B, 231935, -0.928345, -0.038086, -0.352417, -0.488281, -2.868653, 5.432129,riding
A, 618402, -0.974609, 0.205200, 0.046021, -0.976563, -7.446291, -3.051759,riding
B, 231955, -0.928467, -0.029663, -0.351807, -1.831055, -2.990724, 5.004883,riding
A, 618422, -0.971680, 0.215820, 0.044922, -1.098633, -7.385256, -3.173829,riding
B, 231975, -0.928467, -0.024658, -0.353760, -1.586915, -3.112794, 5.065918,riding
A, 618442, -0.971924, 0.217407, 0.056519, 0.061035, -7.751467, -3.540040,riding
B, 231995, -0.928101, -0.018555, -0.352905, -0.427246, -3.173829, 5.493164,riding
A, 618462, -0.973145, 0.209595, 0.067261, 1.281738, -7.812502, -3.845216,riding
B, 232015, -0.930542, -0.010376, -0.349487, 0.793457, -3.173829, 5.859377,riding
A, 618482, -0.975220, 0.192871, 0.079590, 2.563477, -7.934572, -3.967286,riding
B, 232035, -0.932007, -0.006104, -0.344971, 1.831055, -3.173829, 6.042482,riding
A, 618502, -0.976074, 0.181763, 0.092529, 2.075195, -7.751467, -3.845216,riding
B, 232055, -0.932983, -0.003540, -0.341309, 1.342773, -3.173829, 5.737307,riding
A, 618522, -0.976318, 0.176270, 0.113403, 0.244141, -7.141115, -3.601075,riding
B, 232075, -0.936035, 0.009399, -0.337524, -1.281738, -3.295899, 4.272461,riding
A, 618542, -0.975464, 0.180542, 0.125732, -0.976563, -6.469728, -3.601075,riding
A, 618562, -0.975586, 0.183228, 0.145752, 1.098633, -6.347658, -3.723145,riding
B, 232115, -0.940186, 0.031250, -0.331177, 0.732422, -3.051759, 4.211426,riding
A, 618582, -0.978638, 0.155884, 0.153442, 0.854492, -5.737307, -3.540040,riding
B, 232135, -0.941040, 0.028320, -0.323608, 0.610352, -2.990724, 3.662110,riding
A, 618602, -0.982788, 0.138672, 0.157837, -1.220703, -4.821777, -3.295899,riding
B, 232155, -0.944092, 0.023315, -0.318604, -1.220703, -2.868653, 2.441406,riding
A, 618622, -0.983154, 0.135864, 0.154297, -3.295899, -3.845216, -2.868653,riding
B, 232175, -0.946289, 0.027588, -0.315918, -3.234864, -2.746582, 1.159668,riding
A, 618642, -0.982788, 0.142944, 0.148804, -1.403809, -3.723145, -2.685547,riding
B, 232195, -0.946533, 0.043945, -0.316895, 0.427246, -2.197266, 1.770020,riding
A, 618662, -0.982666, 0.139893, 0.152832, 2.685547, -4.089355, -2.685547,riding
B, 232215, -0.948120, 0.038696, -0.312378, 3.540040, -1.708985, 2.441406,riding
A, 618682, -0.984985, 0.126831, 0.163818, 4.150391, -3.906251, -2.502441,riding
B, 232235, -0.949707, 0.033081, -0.308228, 3.723145, -1.403809, 2.014160,riding
A, 618702, -0.987671, 0.114258, 0.166382, 2.746582, -2.990724, -2.136230,riding
B, 232255, -0.950439, 0.029175, -0.302979, 1.892090, -1.159668, 0.793457,riding
A, 618722, -0.987793, 0.113037, 0.159424, 0.183106, -2.014160, -1.464844,riding
B, 232275, -0.949707, 0.027710, -0.306274, -0.671387, -0.976563, -0.671387,riding
A, 618742, -0.985229, 0.129761, 0.144653, -2.014160, -0.915528, -0.915528,riding
B, 232295, -0.947510, 0.029297, -0.311157, -1.708985, -0.732422, -1.525879,riding
A, 618762, -0.984131, 0.135254, 0.139526, -0.488281, -0.732422, -0.793457,riding
B, 232315, -0.946777, 0.030273, -0.312378, -0.488281, -0.305176, -1.464844,riding
A, 618782, -0.985107, 0.131958, 0.136230, 0.488281, -0.549316, -0.488281,riding
B, 232335, -0.946655, 0.023315, -0.312500, 0.549316, 0.122070, -1.647950,riding
A, 618802, -0.985474, 0.125488, 0.140381, -0.915528, 0.122070, -0.183106,riding
B, 232355, -0.947021, 0.023071, -0.310669, -0.854492, 0.305176, -2.563477,riding
A, 618822, -0.986450, 0.131348, 0.131592, -1.586915, 0.610352, 0.183106,riding
B, 232375, -0.947266, 0.020264, -0.312134, -0.915528, 0.610352, -2.868653,riding
A, 618842, -0.985107, 0.133789, 0.122437, -0.915528, 0.793457, 0.366211,riding
B, 232395, -0.946289, 0.015991, -0.313721, -0.305176, 0.915528, -3.051759,riding
A, 618862, -0.985229, 0.137695, 0.120972, -0.976563, 1.159668, 0.671387,riding
B, 232415, -0.945435, 0.014893, -0.316895, -0.671387, 1.098633, -3.479005,riding
A, 618882, -0.983521, 0.142334, 0.124390, -2.258301, 1.647950, 0.976563,riding
B, 232435, -0.941772, 0.014526, -0.322021, -1.892090, 1.159668, -4.272461,riding
A, 618902, -0.980591, 0.163086, 0.121338, -3.173829, 2.136230, 1.281738,riding
B, 232455, -0.939087, 0.012817, -0.329956, -2.136230, 1.403809, -4.821777,riding
A, 618922, -0.976929, 0.180664, 0.108521, -2.075195, 2.441406, 1.220703,riding
B, 232475, -0.937866, 0.012695, -0.334717, -1.037598, 1.586915, -4.699707,riding
A, 618942, -0.978394, 0.173096, 0.103027, -1.037598, 2.380371, 1.159668,riding
B, 232495, -0.936523, 0.008179, -0.331299, -0.305176, 1.586915, -4.638672,riding
A, 618962, -0.978760, 0.169556, 0.108887, -2.502441, 2.990724, 1.342773,riding
B, 232515, -0.938599, 0.000000, -0.332031, -2.014160, 1.586915, -5.493164,riding
A, 618982, -0.977173, 0.182007, 0.094360, -4.638672, 3.723145, 1.525879,riding
B, 232535, -0.934448, -0.005615, -0.338989, -3.601075, 1.464844, -6.347658,riding
A, 619002, -0.975952, 0.200806, 0.063843, -2.441406, 3.356935, 1.220703,riding
B, 232555, -0.932129, -0.002930, -0.346924, -0.976563, 1.647950, -5.493164,riding
A, 619022, -0.976440, 0.191650, 0.059448, 1.647950, 2.502441, 0.915528,riding
B, 232575, -0.934326, -0.006958, -0.341675, 2.563477, 1.892090, -4.150391,riding
A, 619042, -0.981323, 0.173218, 0.074585, 0.915528, 2.563477, 1.098633,riding
B, 232595, -0.932739, -0.026001, -0.341797, -0.427246, 1.647950, -5.310059,riding
A, 619062, -0.978394, 0.189575, 0.062622, -2.502441, 3.540040, 1.403809,riding
B, 232615, -0.927979, -0.030518, -0.352539, -2.014160, 1.525879, -5.981447,riding
A, 619082, -0.973145, 0.220703, 0.029419, -2.502441, 3.540040, 1.342773,riding
B, 232635, -0.925903, -0.031250, -0.360229, -0.671387, 1.464844, -5.310059,riding
A, 619102, -0.972534, 0.229370, 0.005127, -0.183106, 2.563477, 0.732422,riding
B, 232655, -0.925537, -0.038818, -0.361328, 0.549316, 1.281738, -4.577637,riding
A, 619122, -0.975098, 0.226318, -0.003662, -0.366211, 2.319336, 0.488281,riding
B, 232675, -0.924805, -0.056152, -0.361938, 0.366211, 1.037598, -4.394531,riding
A, 619142, -0.977417, 0.224854, -0.021973, -0.366211, 2.075195, 0.183106,riding
B, 232695, -0.924927, -0.062866, -0.360962, 0.305176, 0.854492, -4.089355,riding
A, 619162, -0.977783, 0.216309, -0.035400, 0.793457, 1.342773, -0.061035,riding
B, 232715, -0.925781, -0.059814, -0.356812, 1.281738, 0.732422, -3.234864,riding
A, 619182, -0.978882, 0.208984, -0.024414, 0.671387, 0.732422, -0.122070,riding
B, 232735, -0.925903, -0.061401, -0.355835, 0.549316, 0.427246, -2.868653,riding
A, 619202, -0.977905, 0.216553, -0.008667, -0.427246, 0.610352, -0.122070,riding
B, 232755, -0.924805, -0.060791, -0.362183, 0.061035, 0.183106, -2.746582,riding
A, 619222, -0.975952, 0.224976, 0.004272, -0.427246, 0.488281, -0.427246,riding
B, 232775, -0.923706, -0.049316, -0.363892, 0.122070, 0.061035, -2.441406,riding
A, 619242, -0.974609, 0.225098, 0.006714, -0.061035, 0.122070, -0.549316,riding
B, 232795, -0.926636, -0.038574, -0.360352, 0.366211, -0.061035, -2.136230,riding
A, 619262, -0.976440, 0.213623, 0.030518, -0.427246, -0.122070, -0.732422,riding
B, 232815, -0.927612, -0.038696, -0.358643, 0.244141, -0.366211, -2.075195,riding
A, 619282, -0.976440, 0.219849, 0.024658, -0.610352, 0.000000, -0.976563,riding
B, 232835, -0.925293, -0.048218, -0.360107, -0.183106, -0.427246, -2.136230,riding
A, 619302, -0.974365, 0.223877, 0.012817, -0.122070, -0.244141, -1.159668,riding
B, 232855, -0.926147, -0.039795, -0.359497, 0.305176, -0.671387, -1.831055,riding
A, 619322, -0.975464, 0.216431, 0.031494, -0.671387, -0.366211, -1.281738,riding
B, 232875, -0.927246, -0.029053, -0.358887, -0.427246, -0.915528, -2.014160,riding
A, 619342, -0.973755, 0.224121, 0.050781, -1.098633, -0.366211, -1.464844,riding
B, 232895, -0.925659, -0.031494, -0.362183, -0.366211, -0.976563, -2.014160,riding
A, 619362, -0.973755, 0.225098, 0.060669, -0.488281, -0.183106, -1.647950,riding
B, 232915, -0.925781, -0.031616, -0.361816, 0.183106, -1.220703, -1.892090,riding
A, 619382, -0.973999, 0.215698, 0.045898, 0.244141, -0.183106, -1.953125,riding
B, 232935, -0.927856, -0.027222, -0.355713, 0.854492, -1.281738, -1.708985,riding
A, 619402, -0.977661, 0.199341, 0.033203, 0.732422, -0.488281, -2.075195,riding
B, 232955, -0.931152, -0.031738, -0.348022, 1.159668, -1.281738, -1.586915,riding
A, 619422, -0.980957, 0.185791, 0.043213, 0.183106, -0.427246, -1.953125,riding
B, 232975, -0.932983, -0.039795, -0.343140, 0.549316, -1.403809, -1.831055,riding
A, 619442, -0.982178, 0.186279, 0.040283, 0.000000, -0.122070, -1.953125,riding
B, 232995, -0.933228, -0.038696, -0.342896, 0.610352, -1.342773, -1.831055,riding
A, 619462, -0.983765, 0.173706, 0.015747, 0.671387, -0.366211, -2.014160,riding
B, 233015, -0.935181, -0.041748, -0.337524, 0.976563, -1.220703, -1.586915,riding
A, 619482, -0.985229, 0.168213, 0.010498, -0.244141, -0.488281, -1.708985,riding
B, 233035, -0.934448, -0.052368, -0.338257, 0.122070, -1.159668, -1.708985,riding
A, 619502, -0.985352, 0.176392, 0.016235, -0.488281, -0.610352, -1.586915,riding
B, 233055, -0.933838, -0.054443, -0.340698, 0.061035, -1.159668, -1.647950,riding
A, 619522, -0.984497, 0.175171, 0.020996, -0.061035, -0.671387, -1.586915,riding
B, 233075, -0.935181, -0.047974, -0.337891, 0.305176, -0.976563, -1.403809,riding
A, 619542, -0.985229, 0.169556, 0.012329, -0.122070, -0.793457, -1.464844,riding
B, 233095, -0.934570, -0.045532, -0.335083, 0.183106, -0.976563, -1.342773,riding
A, 619562, -0.985352, 0.170044, 0.004150, -0.366211, -1.037598, -1.281738,riding
B, 233115, -0.934082, -0.054810, -0.337769, -15.625004, -0.854492, -1.159668,riding
A, 619582, -0.984253, 0.175781, 0.016235, -0.793457, -1.098633, -1.220703,riding
B, 233135, -0.933228, -0.048096, -0.343018, -0.549316, -0.854492, -1.220703,riding
A, 619602, -0.982422, 0.186768, 0.029785, -0.854492, -1.098633, -1.098633,riding
B, 233155, -0.932739, -0.035034, -0.346191, -0.366211, -0.732422, -1.098633,riding
A, 619622, -0.980591, 0.191284, 0.046875, -0.549316, -1.220703, -1.159668,riding
B, 233175, -0.932861, -0.030273, -0.345947, -0.183106, -0.793457, -1.098633,riding
A, 619642, -0.979858, 0.193970, 0.049316, -0.427246, -1.098633, -1.281738,riding
B, 233195, -0.932007, -0.038086, -0.347046, -0.122070, -0.793457, -1.098633,riding
A, 619662, -0.979370, 0.195801, 0.048340, -0.366211, -1.037598, -1.281738,riding
B, 233215, -0.933105, -0.037109, -0.347168, -0.061035, -0.793457, -1.159668,riding
A, 619682, -0.978638, 0.199097, 0.052124, -0.427246, -0.976563, -1.403809,riding
B, 233235, -0.932373, -0.026611, -0.347168, -0.061035, -0.915528, -1.281738,riding
A, 619702, -0.979858, 0.192993, 0.055298, 0.000000, -0.976563, -1.586915,riding
B, 233255, -0.932739, -0.031616, -0.344727, 0.427246, -0.915528, -1.220703,riding
A, 619722, -0.980957, 0.183960, 0.057739, -0.366211, -0.732422, -1.403809,riding
B, 233275, -0.933105, -0.036499, -0.345215, -0.183106, -0.915528, -1.586915,riding
A, 619742, -0.980835, 0.186157, 0.051758, -0.427246, -0.488281, -1.403809,riding
B, 233295, -0.932251, -0.030151, -0.343140, 0.244141, -0.915528, -1.525879,riding
A, 619762, -0.981934, 0.182007, 0.039673, 0.183106, -0.610352, -1.403809,riding
B, 233315, -0.933105, -0.039551, -0.340454, 0.549316, -0.793457, -1.403809,riding
A, 619782, -0.984131, 0.178955, 0.015381, 0.305176, -0.732422, -1.342773,riding
B, 233335, -0.934204, -0.057129, -0.339355, 0.671387, -0.793457, -1.281738,riding
A, 619802, -0.985229, 0.173584, 0.000610, -0.061035, -0.915528, -1.281738,riding
B, 233355, -0.934326, -0.061401, -0.337280, 0.366211, -0.793457, -1.220703,riding
A, 619822, -0.985718, 0.166870, 0.015991, -0.427246, -1.037598, -1.281738,riding
B, 233375, -0.936646, -0.047974, -0.332886, -0.122070, -0.671387, -1.220703,riding
A, 619842, -0.986572, 0.156616, 0.038940, -0.427246, -1.098633, -1.098633,riding
B, 233395, -0.938721, -0.038818, -0.329468, -0.122070, -0.427246, -1.159668,riding
A, 619862, -0.986816, 0.154907, 0.053955, -0.488281, -0.915528, -0.793457,riding
B, 233415, -0.937378, -0.038208, -0.333496, -0.183106, -0.366211, -1.281738,riding
A, 619882, -0.983887, 0.165894, 0.065796, -0.854492, -0.732422, -0.549316,riding
B, 233435, -0.935791, -0.024780, -0.338745, -0.610352, -0.244141, -1.647950,riding
A, 619902, -0.979492, 0.185181, 0.086060, -1.037598, -0.488281, -0.427246,riding
B, 233455, -0.933594, -0.007446, -0.344116, -0.488281, -0.244141, -1.892090,riding
A, 619922, -0.976685, 0.192749, 0.114258, -0.671387, -0.183106, -0.488281,riding
B, 233475, -0.933838, -0.004517, -0.344360, -0.183106, -0.183106, -2.258301,riding
A, 619942, -0.976074, 0.201050, 0.115356, -0.610352, 0.488281, -0.549316,riding
B, 233495, -0.933716, -0.012939, -0.345703, 0.061035, -0.183106, -2.624512,riding
A, 619962, -0.979858, 0.187500, 0.056763, 0.549316, 0.854492, -0.976563,riding
B, 233515, -0.936157, -0.030273, -0.339233, 1.037598, -0.061035, -2.624512,riding
A, 619982, -0.985718, 0.160156, 0.033325, 0.366211, 0.732422, -0.854492,riding
B, 233535, -0.937378, -0.042725, -0.331787, 0.854492, -0.061035, -2.746582,riding
A, 620002, -0.988403, 0.152222, 0.028931, 0.000000, 0.793457, -0.549316,riding
B, 233555, -0.936035, -0.052856, -0.331543, 0.549316, 0.122070, -2.868653,riding
A, 620022, -0.989746, 0.152954, 0.014771, 0.305176, 0.854492, -0.305176,riding
B, 233575, -0.937134, -0.058228, -0.332153, 0.793457, 0.366211, -2.685547,riding
A, 620042, -0.988770, 0.150269, 0.002441, 0.183106, 0.610352, -0.061035,riding
B, 233595, -0.938477, -0.054565, -0.328979, 0.488281, 0.488281, -2.685547,riding
A, 620062, -0.986938, 0.156494, 0.021606, -0.732422, 0.549316, 0.183106,riding
B, 233615, -0.938354, -0.046509, -0.329346, -0.122070, 0.671387, -2.807618,riding
A, 620082, -0.983765, 0.171997, 0.046143, -0.549316, 0.610352, 0.427246,riding
B, 233635, -0.934692, -0.045044, -0.335938, 0.000000, 0.793457, -2.807618,riding
A, 620102, -0.980713, 0.183228, 0.067627, -0.610352, 0.915528, 0.366211,riding
B, 233655, -0.931763, -0.024536, -0.347534, -0.305176, 0.732422, -3.295899,riding
A, 620122, -0.976318, 0.203613, 0.083252, -0.915528, 1.281738, 0.427246,riding
B, 233675, -0.929688, -0.014038, -0.357910, 0.183106, 0.732422, -3.479005,riding
A, 620142, -0.973877, 0.220459, 0.082397, 0.122070, 1.586915, 0.122070,riding
B, 233695, -0.926636, -0.025879, -0.362793, 0.793457, 0.671387, -3.601075,riding
A, 620162, -0.975220, 0.218262, 0.071411, 0.305176, 1.953125, -0.122070,riding
B, 233715, -0.928223, -0.034546, -0.359375, 1.037598, 0.610352, -3.845216,riding
A, 620182, -0.977783, 0.202515, 0.032349, 1.037598, 2.075195, -0.244141,riding
B, 233735, -0.929565, -0.045776, -0.351685, 1.647950, 0.488281, -3.784181,riding
A, 620202, -0.980957, 0.193970, -0.009399, 0.793457, 1.892090, -0.244141,riding
B, 233755, -0.929077, -0.067139, -0.348877, 1.525879, 0.488281, -3.723145,riding
A, 620222, -0.980591, 0.197632, -0.007568, -0.732422, 1.892090, -0.061035,riding
B, 233775, -0.927124, -0.074707, -0.350708, 0.183106, 0.244141, -4.211426,riding
A, 620242, -0.977539, 0.218506, -0.001099, -1.098633, 1.953125, -0.244141,riding
B, 233795, -0.924316, -0.068359, -0.359985, 0.244141, 0.122070, -3.845216,riding
A, 620262, -0.976685, 0.220215, -0.017090, 0.244141, 1.647950, -0.610352,riding
B, 233815, -0.925903, -0.073486, -0.357788, 1.281738, 0.122070, -3.234864,riding
A, 620282, -0.981812, 0.200928, -0.036377, 0.488281, 1.220703, -0.671387,riding
B, 233835, -0.924927, -0.085693, -0.356201, 0.671387, 0.000000, -3.173829,riding
A, 620302, -0.981812, 0.200562, -0.036621, -0.915528, 1.098633, -0.549316,riding
B, 233855, -0.923340, -0.087524, -0.359619, -0.610352, -0.305176, -3.356935,riding
A, 620322, -0.973877, 0.236694, -0.011353, -1.647950, 0.976563, -0.732422,riding
B, 233875, -0.922485, -0.074097, -0.366089, -0.976563, -0.427246, -3.295899,riding
A, 620342, -0.972656, 0.240112, -0.023193, -0.183106, 0.549316, -1.159668,riding
B, 233895, -0.921753, -0.070679, -0.367065, 0.183106, -0.610352, -2.685547,riding
A, 620362, -0.976929, 0.224731, -0.051514, 0.671387, 0.122070, -1.525879,riding
B, 233915, -0.921997, -0.096191, -0.361328, 1.098633, -0.793457, -1.892090,riding
A, 620382, -0.981567, 0.204590, -0.052979, 0.305176, -0.305176, -1.647950,riding
B, 233935, -0.923462, -0.094238, -0.356812, 0.427246, -0.976563, -1.770020,riding
A, 620402, -0.982544, 0.199341, -0.038330, -0.366211, -0.488281, -1.525879,riding
B, 233955, -0.927490, -0.084229, -0.351685, 0.183106, -0.976563, -1.525879,riding
A, 620422, -0.983276, 0.192627, -0.039795, 0.427246, -0.915528, -1.647950,riding
B, 233975, -0.928345, -0.086670, -0.348145, 0.854492, -0.976563, -0.976563,riding
A, 620442, -0.985229, 0.180298, -0.043335, 0.366211, -1.281738, -1.586915,riding
B, 233995, -0.929077, -0.093994, -0.343506, 0.427246, -0.976563, -0.854492,riding
A, 620462, -0.984497, 0.179565, -0.039795, -0.366211, -1.403809, -1.403809,riding
B, 234015, -0.930542, -0.088379, -0.343628, -0.244141, -1.037598, -0.793457,riding
A, 620482, -0.983643, 0.187500, -0.027344, -0.427246, -1.831055, -1.342773,riding
B, 234035, -0.929321, -0.079712, -0.346802, -0.183106, -0.976563, -0.549316,riding
A, 620502, -0.982056, 0.196655, -0.005371, -0.671387, -1.831055, -1.464844,riding
B, 234055, -0.928223, -0.072632, -0.350708, -0.305176, -0.976563, -0.366211,riding
A, 620522, -0.983154, 0.193604, -0.020752, 0.488281, -2.075195, -1.586915,riding
B, 234075, -0.928833, -0.083008, -0.347900, 0.610352, -0.915528, 0.183106,riding
A, 620542, -0.986084, 0.179443, -0.049438, 0.000000, -2.197266, -1.403809,riding
B, 234095, -0.927124, -0.098267, -0.347778, -0.183106, -0.976563, 0.244141,riding
A, 620562, -0.984741, 0.191162, -0.071289, -0.427246, -2.685547, -1.281738,riding
B, 234115, -0.925049, -0.100098, -0.351196, -0.366211, -1.037598, 0.610352,riding
A, 620582, -0.982910, 0.202026, -0.062500, -0.610352, -3.173829, -1.281738,riding
B, 234135, -0.925415, -0.098511, -0.352661, -0.610352, -1.037598, 0.915528,riding
A, 620602, -0.981445, 0.203857, -0.060669, 0.000000, -3.723145, -1.525879,riding
B, 234155, -0.925659, -0.098755, -0.350220, -0.183106, -1.098633, 1.586915,riding
A, 620622, -0.982910, 0.193115, -0.062012, -0.366211, -4.028320, -1.586915,riding
B, 234175, -0.926880, -0.096313, -0.347046, -1.098633, -1.220703, 1.953125,riding
A, 620642, -0.983521, 0.190796, -0.060791, -1.037598, -4.394531, -1.525879,riding
B, 234195, -0.926636, -0.092651, -0.349243, -1.647950, -1.342773, 2.197266,riding
A, 620662, -0.979370, 0.208740, -0.035767, -1.953125, -4.821777, -1.464844,riding
B, 234215, -0.924683, -0.084106, -0.358154, -2.075195, -1.525879, 2.380371,riding
A, 620682, -0.976929, 0.219238, -0.016846, -1.159668, -5.187988, -1.770020,riding
B, 234235, -0.923462, -0.070313, -0.361816, -1.464844, -1.525879, 2.807618,riding
A, 620702, -0.977661, 0.214600, -0.004272, -0.549316, -5.493164, -1.892090,riding
B, 234255, -0.925049, -0.061890, -0.359497, -1.037598, -1.647950, 3.173829,riding
A, 620722, -0.976440, 0.211914, 0.014771, -1.220703, -5.554201, -1.953125,riding
B, 234275, -0.926880, -0.056641, -0.354858, -1.586915, -1.831055, 3.051759,riding
A, 620742, -0.976563, 0.212769, 0.038574, -1.098633, -5.493164, -2.197266,riding
B, 234295, -0.928223, -0.047119, -0.353027, -1.464844, -1.953125, 2.990724,riding
A, 620762, -0.974731, 0.212769, 0.064575, -1.525879, -5.187988, -2.258301,riding
B, 234315, -0.928833, -0.027344, -0.354126, -1.831055, -2.197266, 2.502441,riding
A, 620782, -0.973022, 0.221436, 0.074585, -1.220703, -4.943848, -2.563477,riding
B, 234335, -0.928345, -0.022095, -0.358276, -0.915528, -2.319336, 2.563477,riding
A, 620802, -0.973389, 0.215820, 0.076660, -0.122070, -4.882813, -2.807618,riding
B, 234355, -0.927490, -0.026001, -0.358154, -0.366211, -2.380371, 2.441406,riding
A, 620822, -0.975830, 0.209961, 0.076294, 0.244141, -4.638672, -2.868653,riding
B, 234375, -0.929199, -0.022827, -0.355103, 0.366211, -2.441406, 2.441406,riding
A, 620842, -0.978149, 0.190430, 0.082520, 0.732422, -4.272461, -3.112794,riding
B, 234395, -0.933716, -0.022949, -0.344971, 0.549316, -2.441406, 2.197266,riding
A, 620862, -0.980591, 0.179321, 0.085693, 0.366211, -3.906251, -2.929688,riding
B, 234415, -0.935669, -0.019287, -0.336548, 0.183106, -2.502441, 1.770020,riding
A, 620882, -0.981812, 0.171875, 0.086426, 0.488281, -3.601075, -3.112794,riding
B, 234435, -0.938599, -0.024536, -0.332031, 0.488281, -2.380371, 1.525879,riding
A, 620902, -0.981934, 0.171997, 0.094482, -0.244141, -3.112794, -2.746582,riding
B, 234455, -0.937378, -0.012207, -0.336182, -0.305176, -2.441406, 0.610352,riding
A, 620922, -0.978760, 0.183960, 0.108276, -0.671387, -2.624512, -2.868653,riding
B, 234475, -0.935669, -0.004395, -0.341187, -0.366211, -2.380371, 0.122070,riding
A, 620942, -0.979858, 0.183716, 0.101440, -0.305176, -2.197266, -2.868653,riding
B, 234495, -0.936035, -0.017456, -0.340942, 0.366211, -2.258301, 0.122070,riding
A, 620962, -0.984863, 0.161011, 0.063721, 0.549316, -1.953125, -2.868653,riding
B, 234515, -0.937500, -0.037598, -0.330811, 0.793457, -2.136230, 0.000000,riding
A, 620982, -0.988647, 0.146240, 0.040283, 0.183106, -1.953125, -2.563477,riding
B, 234535, -0.940796, -0.038208, -0.321167, 0.061035, -2.014160, -0.305176,riding
A, 621002, -0.986572, 0.152100, 0.051270, -0.671387, -1.770020, -2.258301,riding
B, 234555, -0.942993, -0.030029, -0.319214, -0.183106, -1.892090, -0.488281,riding
A, 621022, -0.989258, 0.141846, 0.062744, 0.305176, -1.708985, -2.380371,riding
B, 234575, -0.944214, -0.037109, -0.314819, 0.488281, -1.525879, -0.427246,riding
A, 621042, -0.991089, 0.128662, 0.062012, -0.122070, -1.403809, -2.075195,riding
B, 234595, -0.944336, -0.029907, -0.314087, 0.061035, -1.281738, -0.793457,riding
A, 621062, -0.991211, 0.123047, 0.069336, -0.305176, -1.281738, -1.586915,riding
B, 234615, -0.945190, -0.020264, -0.314331, 0.061035, -0.976563, -0.976563,riding
A, 621082, -0.991211, 0.119507, 0.092529, -0.427246, -1.037598, -1.159668,riding
B, 234635, -0.946167, -0.017334, -0.313477, -0.061035, -0.671387, -1.403809,riding
A, 621102, -0.989746, 0.126099, 0.106445, -0.549316, -0.488281, -0.732422,riding
B, 234655, -0.945801, -0.016479, -0.313110, -0.061035, -0.305176, -1.770020,riding
A, 621122, -0.987549, 0.137207, 0.099121, -0.488281, 0.000000, -0.366211,riding
B, 234675, -0.945190, -0.014038, -0.314209, -0.061035, -0.122070, -2.136230,riding
A, 621142, -0.985962, 0.146973, 0.089722, -0.549316, 0.305176, -0.366211,riding
B, 234695, -0.945068, -0.013062, -0.315063, 0.061035, 0.183106, -2.441406,riding
A, 621162, -0.986816, 0.145386, 0.090210, -0.366211, 0.549316, -0.183106,riding
B, 234715, -0.942383, -0.027466, -0.322876, 0.000000, 0.427246, -2.929688,riding
A, 621182, -0.987183, 0.152344, 0.069458, -0.305176, 1.098633, 0.000000,riding
B, 234735, -0.940063, -0.031006, -0.327026, 0.244141, 0.671387, -3.112794,riding
A, 621202, -0.986450, 0.151123, 0.056030, -0.305176, 1.281738, 0.183106,riding
B, 234755, -0.938721, -0.030518, -0.329956, 0.244141, 0.793457, -3.295899,riding
A, 621222, -0.985718, 0.158569, 0.047852, -0.183106, 1.281738, 0.427246,riding
B, 234775, -0.939575, -0.035400, -0.329468, 0.488281, 1.037598, -3.295899,riding
A, 621242, -0.987305, 0.150024, 0.045776, 0.488281, 1.281738, 0.549316,riding
B, 234795, -0.940063, -0.045654, -0.324341, 0.976563, 1.220703, -3.234864,riding
A, 621262, -0.988037, 0.148438, 0.038574, -0.183106, 1.525879, 0.793457,riding
B, 234815, -0.940674, -0.049438, -0.320923, 0.427246, 1.342773, -3.540040,riding
A, 621282, -0.985352, 0.159180, 0.029541, -0.366211, 1.647950, 0.976563,riding
B, 234835, -0.937988, -0.046387, -0.328735, 0.305176, 1.464844, -3.662110,riding
A, 621302, -0.984497, 0.171997, 0.022949, -0.244141, 1.525879, 0.976563,riding
B, 234855, -0.934204, -0.057495, -0.336670, 0.549316, 1.586915, -3.479005,riding
A, 621322, -0.984375, 0.174316, 0.010132, 0.244141, 1.464844, 1.037598,riding
B, 234875, -0.932251, -0.067261, -0.341675, 0.793457, 1.708985, -3.295899,riding
A, 621342, -0.985352, 0.171997, -0.006226, 0.549316, 1.403809, 1.098633,riding
B, 234895, -0.931152, -0.068237, -0.343140, 0.854492, 1.770020, -3.051759,riding
A, 621362, -0.983521, 0.187744, -0.026978, -0.122070, 1.037598, 1.403809,riding
B, 234915, -0.929199, -0.072632, -0.345703, 0.366211, 1.708985, -3.051759,riding
A, 621382, -0.979980, 0.206543, -0.039429, -0.305176, 0.671387, 1.342773,riding
B, 234935, -0.927246, -0.087646, -0.349976, 0.244141, 1.647950, -2.746582,riding
A, 621402, -0.976440, 0.222778, -0.042236, -0.549316, 0.427246, 1.037598,riding
B, 234955, -0.924561, -0.088745, -0.355103, -0.183106, 1.464844, -2.563477,riding
A, 621422, -0.975830, 0.223633, -0.031250, -0.366211, 0.000000, 0.610352,riding
B, 234975, -0.925903, -0.072266, -0.355469, 0.183106, 1.220703, -1.953125,riding
A, 621442, -0.979736, 0.208130, -0.021851, 0.061035, -0.366211, 0.366211,riding
B, 234995, -0.925659, -0.076172, -0.354126, 0.244141, 1.098633, -1.708985,riding
A, 621462, -0.981201, 0.199707, -0.013306, -0.732422, -0.366211, 0.610352,riding
B, 235015, -0.924927, -0.076782, -0.360718, -0.671387, 0.915528, -1.831055,riding
A, 621482, -0.978271, 0.216187, -0.010254, -1.159668, -0.427246, 0.610352,riding
B, 235035, -0.924194, -0.067505, -0.364136, -0.610352, 0.793457, -1.647950,riding
A, 621502, -0.976685, 0.221924, -0.020996, 0.000000, -0.854492, 0.244141,riding
B, 235055, -0.925049, -0.072388, -0.358643, 0.427246, 0.793457, -0.976563,riding
A, 621522, -0.980103, 0.204956, -0.025635, 0.305176, -1.220703, 0.061035,riding
B, 235075, -0.929199, -0.081543, -0.348022, 0.183106, 0.610352, -0.854492,riding
A, 621542, -0.984985, 0.176270, -0.012329, 0.061035, -1.403809, -0.061035,riding
B, 235095, -0.932495, -0.076782, -0.337646, 0.061035, 0.671387, -0.732422,riding
A, 621562, -0.987549, 0.159302, -0.007202, -0.549316, -1.464844, 0.183106,riding
B, 235115, -0.933838, -0.069214, -0.336670, -0.610352, 0.732422, -0.671387,riding
A, 621582, -0.986328, 0.167847, -0.006592, -1.098633, -1.586915, 0.488281,riding
B, 235135, -0.930908, -0.067871, -0.345459, -0.915528, 0.854492, -0.671387,riding
A, 621602, -0.984009, 0.177734, 0.014038, -1.159668, -1.647950, 0.793457,riding
B, 235155, -0.928101, -0.059814, -0.351807, -1.037598, 0.915528, -0.671387,riding
A, 621622, -0.980469, 0.196411, 0.036377, -1.281738, -1.525879, 0.793457,riding
B, 235175, -0.929810, -0.046021, -0.353638, -0.976563, 0.976563, -0.732422,riding
A, 621642, -0.978149, 0.204224, 0.049805, -0.671387, -1.464844, 0.732422,riding
B, 235195, -0.930420, -0.039917, -0.351563, -0.549316, 0.976563, -0.732422,riding
A, 621662, -0.977661, 0.207642, 0.052002, -0.671387, -1.281738, 0.549316,riding
B, 235215, -0.929932, -0.043457, -0.350220, -0.549316, 0.915528, -0.976563,riding
A, 621682, -0.977173, 0.209229, 0.053589, -0.976563, -0.915528, 0.427246,riding
B, 235235, -0.926025, -0.044312, -0.356934, -0.671387, 0.793457, -1.281738,riding
A, 621702, -0.976440, 0.215088, 0.041138, -0.854492, -0.732422, 0.366211,riding
B, 235255, -0.922241, -0.050903, -0.369629, -0.671387, 0.610352, -1.403809,riding
A, 621722, -0.972900, 0.238892, 0.007324, -0.610352, -0.793457, 0.183106,riding
B, 235275, -0.916138, -0.059570, -0.379883, -0.366211, 0.427246, -1.281738,riding
A, 621742, -0.971802, 0.248901, -0.004028, -0.488281, -0.915528, -0.122070,riding
B, 235295, -0.917480, -0.067017, -0.381836, -0.244141, 0.183106, -1.159668,riding
A, 621762, -0.971313, 0.248291, -0.013184, 0.061035, -1.159668, -0.427246,riding
B, 235315, -0.918579, -0.072388, -0.374268, 0.244141, -0.061035, -0.854492,riding
A, 621782, -0.973633, 0.245361, -0.020508, -0.244141, -1.342773, -0.732422,riding
B, 235335, -0.919922, -0.076904, -0.370361, -0.122070, -0.366211, -0.793457,riding
A, 621802, -0.970459, 0.259399, -0.016602, -1.037598, -1.464844, -1.098633,riding
B, 235355, -0.917603, -0.072021, -0.375977, -0.610352, -0.793457, -0.793457,riding
A, 621822, -0.967163, 0.269165, 0.001831, -0.854492, -1.708985, -1.647950,riding
B, 235375, -0.914917, -0.059570, -0.386353, -0.427246, -1.342773, -0.610352,riding
A, 621842, -0.967529, 0.269287, 0.018555, -0.671387, -1.708985, -2.075195,riding
B, 235395, -0.913452, -0.052979, -0.390991, -0.305176, -1.770020, -0.610352,riding
A, 621862, -0.966797, 0.270264, 0.026367, -0.549316, -1.647950, -2.441406,riding
B, 235415, -0.914185, -0.047852, -0.390015, -0.061035, -2.136230, -0.610352,riding
A, 621882, -0.966187, 0.271240, 0.039063, -0.488281, -1.464844, -2.990724,riding
B, 235435, -0.915161, -0.044678, -0.387329, 0.000000, -2.563477, -0.732422,riding
A, 621902, -0.967285, 0.265747, 0.030762, 0.427246, -1.525879, -3.540040,riding
B, 235455, -0.917480, -0.050781, -0.380493, 0.793457, -2.868653, -0.610352,riding
A, 621922, -0.970337, 0.244507, 0.015747, 0.488281, -1.464844, -4.089355,riding
B, 235475, -0.921387, -0.058594, -0.369385, 0.915528, -3.173829, -0.610352,riding
A, 621942, -0.975098, 0.225220, 0.012451, 0.122070, -1.464844, -4.272461,riding
B, 235495, -0.925415, -0.057861, -0.358887, 0.549316, -3.540040, -0.732422,riding
A, 621962, -0.978760, 0.208496, 0.022461, -0.122070, -1.464844, -4.394531,riding
B, 235515, -0.927490, -0.055298, -0.355835, 0.427246, -3.723145, -0.793457,riding
A, 621982, -0.980591, 0.195557, 0.025391, 0.244141, -1.403809, -4.455566,riding
B, 235535, -0.929321, -0.056519, -0.350586, 0.976563, -3.662110, -0.610352,riding
A, 622002, -0.984375, 0.174194, 0.014648, 0.854492, -1.464844, -4.333496,riding
B, 235555, -0.932007, -0.062012, -0.343872, 1.159668, -3.601075, -0.549316,riding
A, 622022, -0.986328, 0.166260, 0.002197, 0.488281, -1.525879, -4.089355,riding
B, 235575, -0.933350, -0.065308, -0.336792, 0.854492, -3.540040, -0.610352,riding
A, 622042, -0.986328, 0.165894, 0.010376, 0.122070, -1.647950, -3.967286,riding
B, 235595, -0.934937, -0.063721, -0.330566, 0.427246, -3.417970, -0.732422,riding
A, 622062, -0.985107, 0.171997, 0.020508, -0.488281, -1.403809, -3.845216,riding
B, 235615, -0.937134, -0.061035, -0.329834, 0.122070, -3.356935, -0.793457,riding
A, 622082, -0.986206, 0.165039, 0.004028, 0.427246, -1.525879, -3.967286,riding
B, 235635, -0.937012, -0.063721, -0.330078, 1.037598, -3.112794, -0.366211,riding
A, 622102, -0.989624, 0.145020, -0.004395, 0.610352, -1.708985, -3.784181,riding
B, 235655, -0.938721, -0.069458, -0.325195, 0.793457, -2.868653, -0.366211,riding
A, 622122, -0.993774, 0.126465, 0.003174, 0.183106, -1.831055, -3.356935,riding
B, 235675, -0.940674, -0.066772, -0.319946, 0.610352, -2.624512, -0.305176,riding
A, 622142, -0.995483, 0.114258, 0.009888, 0.488281, -1.953125, -3.051759,riding
B, 235695, -0.945435, -0.064575, -0.310425, 0.732422, -2.136230, -0.183106,riding
A, 622162, -0.998291, 0.096558, 0.015747, 0.549316, -1.953125, -2.502441,riding
B, 235715, -0.949951, -0.061035, -0.297241, 0.671387, -1.831055, -0.183106,riding
A, 622182, -0.999634, 0.088989, 0.012573, 0.000000, -1.892090, -1.953125,riding
B, 235735, -0.951538, -0.065918, -0.292358, 0.122070, -1.342773, -0.305176,riding
A, 622202, -0.999634, 0.092773, 0.005493, -0.427246, -1.892090, -1.403809,riding
B, 235755, -0.949707, -0.069702, -0.293823, -0.244141, -0.915528, -0.366211,riding
A, 622222, -0.998657, 0.095093, 0.014771, -0.915528, -1.831055, -0.915528,riding
B, 235775, -0.948608, -0.057129, -0.302856, -0.732422, -0.183106, -0.427246,riding
A, 622242, -0.998169, 0.099121, 0.026489, -0.549316, -1.831055, -0.183106,riding
B, 235795, -0.946899, -0.055420, -0.307007, -0.427246, 0.305176, -0.366211,riding
A, 622262, -0.997559, 0.101685, 0.020386, -0.610352, -1.770020, 0.427246,riding
B, 235815, -0.945313, -0.060059, -0.308594, -0.610352, 0.732422, -0.366211,riding
A, 622282, -0.995117, 0.114380, 0.024414, -1.037598, -1.708985, 0.976563,riding
B, 235835, -0.945068, -0.056885, -0.311401, -0.976563, 1.098633, -0.549316,riding
A, 622302, -0.990112, 0.135132, 0.033569, -1.281738, -1.586915, 1.342773,riding
B, 235855, -0.943848, -0.050537, -0.313965, -1.159668, 1.403809, -0.671387,riding
A, 622322, -0.989014, 0.147095, 0.031250, -0.671387, -1.586915, 1.281738,riding
B, 235875, -0.942627, -0.053711, -0.318115, -0.671387, 1.770020, -0.549316,riding
A, 622342, -0.990112, 0.140869, 0.015991, -0.610352, -1.525879, 1.464844,riding
B, 235895, -0.940063, -0.065186, -0.323486, -0.976563, 2.075195, -0.610352,riding
A, 622362, -0.990601, 0.142700, 0.005981, -0.976563, -1.525879, 1.708985,riding
B, 235915, -0.937134, -0.061157, -0.328857, -1.159668, 2.258301, -0.671387,riding
A, 622382, -0.988403, 0.153320, 0.016968, -1.525879, -1.525879, 2.258301,riding
B, 235935, -0.933105, -0.056030, -0.340454, -1.647950, 2.319336, -0.793457,riding
A, 622402, -0.981689, 0.183105, 0.020386, -1.281738, -1.586915, 2.380371,riding
B, 235955, -0.929932, -0.055786, -0.349121, -0.976563, 2.502441, -0.549316,riding
A, 622422, -0.978882, 0.195801, 0.016479, -0.732422, -1.647950, 2.197266,riding
B, 235975, -0.930298, -0.057861, -0.346924, -0.854492, 2.502441, -0.488281,riding
A, 622442, -0.979736, 0.196045, 0.018188, -0.915528, -1.647950, 2.136230,riding
B, 235995, -0.931641, -0.056274, -0.344238, -0.976563, 2.441406, -0.488281,riding
A, 622462, -0.978638, 0.202148, 0.026123, -1.281738, -1.525879, 2.075195,riding
B, 236015, -0.929199, -0.053223, -0.347778, -1.220703, 2.319336, -0.671387,riding
A, 622482, -0.976196, 0.218140, 0.027954, -1.159668, -1.464844, 1.892090,riding
B, 236035, -0.923584, -0.052490, -0.363647, -1.037598, 2.197266, -0.671387,riding
A, 622502, -0.973877, 0.223145, 0.025391, -0.732422, -1.464844, 1.708985,riding
B, 236055, -0.922974, -0.049194, -0.369995, -0.854492, 2.075195, -0.610352,riding
A, 622522, -0.973633, 0.224609, 0.031860, -0.976563, -1.464844, 1.647950,riding
B, 236075, -0.922485, -0.043823, -0.370483, -0.854492, 1.892090, -0.732422,riding
A, 622542, -0.973633, 0.231934, 0.034546, -0.549316, -1.464844, 1.586915,riding
B, 236095, -0.921997, -0.050659, -0.369385, -0.427246, 1.708985, -0.671387,riding
A, 622562, -0.971558, 0.238159, 0.024658, -0.366211, -1.342773, 1.281738,riding
B, 236115, -0.922363, -0.056030, -0.367554, -0.427246, 1.525879, -0.732422,riding
A, 622582, -0.971558, 0.238647, 0.022217, -0.610352, -1.342773, 0.793457,riding
B, 236135, -0.924316, -0.051636, -0.364258, -0.488281, 1.281738, -0.793457,riding
A, 622602, -0.972534, 0.237061, 0.033691, -0.732422, -1.281738, 0.488281,riding
B, 236155, -0.921875, -0.048462, -0.369995, -0.549316, 0.915528, -0.915528,riding
A, 622622, -0.972656, 0.236572, 0.031006, -0.305176, -1.220703, 0.244141,riding
B, 236175, -0.918945, -0.053101, -0.376587, -0.244141, 0.671387, -0.854492,riding
A, 622642, -0.972900, 0.237671, 0.022705, -0.488281, -1.098633, 0.122070,riding
B, 236195, -0.919434, -0.050171, -0.379395, -0.427246, 0.549316, -0.976563,riding
A, 622662, -0.973145, 0.237183, 0.021973, -0.366211, -1.159668, 0.000000,riding
B, 236215, -0.920532, -0.047607, -0.375854, -0.122070, 0.305176, -0.976563,riding
A, 622682, -0.974609, 0.233154, 0.020996, 0.000000, -1.281738, -0.305176,riding
B, 236235, -0.921875, -0.057129, -0.367676, 0.122070, 0.183106, -0.793457,riding
A, 622702, -0.974976, 0.229980, 0.016235, -0.244141, -1.159668, -0.427246,riding
B, 236255, -0.923218, -0.061401, -0.364258, -0.122070, -0.061035, -0.915528,riding
A, 622722, -0.973999, 0.231079, 0.016724, -0.488281, -1.159668, -0.671387,riding
B, 236275, -0.923218, -0.053223, -0.365234, -0.183106, -0.244141, -1.037598,riding
A, 622742, -0.973511, 0.234009, 0.027832, -0.915528, -1.098633, -0.915528,riding
B, 236295, -0.921509, -0.047241, -0.373413, -0.183106, -0.488281, -1.098633,riding
A, 622762, -0.974365, 0.230591, 0.032349, -0.183106, -1.037598, -1.159668,riding
B, 236315, -0.919678, -0.053711, -0.375854, 0.000000, -0.671387, -1.098633,riding
A, 622782, -0.973511, 0.234131, 0.022217, -0.427246, -0.915528, -1.220703,riding
B, 236335, -0.919922, -0.052612, -0.375732, -0.061035, -0.915528, -1.220703,riding
A, 622802, -0.973389, 0.235229, 0.017944, -0.122070, -1.098633, -1.464844,riding
B, 236355, -0.921021, -0.051147, -0.373047, 0.183106, -1.037598, -1.098633,riding
A, 622822, -0.972168, 0.239014, 0.023193, -0.427246, -1.037598, -1.647950,riding
B, 236375, -0.921631, -0.053711, -0.368164, 0.061035, -1.281738, -1.159668,riding
A, 622842, -0.972778, 0.236206, 0.027222, 0.000000, -1.037598, -2.014160,riding
B, 236395, -0.923218, -0.057373, -0.364624, 0.305176, -1.464844, -1.159668,riding
A, 622862, -0.973511, 0.232422, 0.021973, -0.366211, -0.793457, -2.258301,riding
B, 236415, -0.922485, -0.054199, -0.367432, 0.000000, -1.647950, -1.281738,riding
A, 622882, -0.973145, 0.234619, 0.016968, -0.305176, -0.915528, -2.441406,riding
B, 236435, -0.920532, -0.053101, -0.374146, 0.244141, -1.953125, -1.220703,riding
A, 622902, -0.974121, 0.231201, 0.017212, -0.244141, -0.976563, -2.563477,riding
B, 236455, -0.920166, -0.059814, -0.374268, 0.244141, -2.136230, -1.220703,riding
A, 622922, -0.974976, 0.229126, 0.016968, -0.122070, -0.976563, -2.685547,riding
B, 236475, -0.921753, -0.058105, -0.370483, 0.366211, -2.319336, -1.220703,riding
A, 622942, -0.973999, 0.230347, 0.016602, -0.305176, -0.915528, -2.929688,riding
B, 236495, -0.922729, -0.052490, -0.364136, 0.244141, -2.502441, -1.281738,riding
A, 622962, -0.974365, 0.228760, 0.001953, 0.366211, -1.098633, -3.356935,riding
B, 236515, -0.925293, -0.060547, -0.360107, 0.793457, -2.563477, -0.976563,riding
A, 622982, -0.979980, 0.201904, -0.009644, 0.366211, -1.220703, -3.540040,riding
B, 236535, -0.926636, -0.078369, -0.353638, 0.854492, -2.685547, -0.854492,riding
A, 623002, -0.981445, 0.197021, -0.017212, -0.366211, -1.281738, -3.417970,riding
B, 236555, -0.926880, -0.069092, -0.354004, 0.244141, -2.807618, -0.793457,riding
A, 623022, -0.982300, 0.191284, -0.007446, -0.061035, -1.586915, -3.479005,riding
B, 236575, -0.927979, -0.063477, -0.352051, 0.366211, -2.746582, -0.610352,riding
A, 623042, -0.984009, 0.182373, 0.004639, -0.122070, -1.770020, -3.417970,riding
B, 236595, -0.930542, -0.066650, -0.347046, 0.488281, -2.685547, -0.427246,riding
A, 623062, -0.985840, 0.168945, 0.007690, 0.305176, -1.770020, -3.173829,riding
B, 236615, -0.933838, -0.068481, -0.338135, 0.366211, -2.624512, -0.427246,riding
A, 623082, -0.986450, 0.165649, 0.004150, -0.122070, -1.770020, -3.051759,riding
B, 236635, -0.935181, -0.061646, -0.332642, 0.183106, -2.502441, -0.366211,riding
A, 623102, -0.985962, 0.168091, 0.006104, -0.305176, -1.892090, -2.929688,riding
B, 236655, -0.935913, -0.061401, -0.332642, 0.000000, -2.380371, -0.366211,riding
A, 623122, -0.986450, 0.165771, 0.017090, -0.244141, -1.892090, -2.807618,riding
B, 236675, -0.934082, -0.062744, -0.335083, 0.061035, -2.319336, -0.366211,riding
A, 623142, -0.986816, 0.161133, 0.020508, -0.305176, -1.770020, -2.624512,riding
B, 236695, -0.935059, -0.056152, -0.335693, -0.061035, -2.075195, -0.366211,riding
A, 623162, -0.987793, 0.159058, 0.016113, -0.122070, -1.892090, -2.441406,riding
B, 236715, -0.935059, -0.056519, -0.335327, 0.122070, -1.831055, -0.244141,riding
A, 623182, -0.987793, 0.154541, 0.020020, -0.366211, -1.892090, -2.197266,riding
B, 236735, -0.937378, -0.057373, -0.332520, -0.122070, -1.770020, -0.427246,riding
A, 623202, -0.987671, 0.159546, 0.028564, -0.549316, -1.770020, -1.892090,riding
B, 236755, -0.937134, -0.055420, -0.330322, -0.183106, -1.586915, -0.488281,riding
A, 623222, -0.987427, 0.162354, 0.026855, -0.122070, -1.708985, -1.831055,riding
B, 236775, -0.938965, -0.053711, -0.327393, 0.061035, -1.403809, -0.366211,riding
A, 623242, -0.987793, 0.159180, 0.019409, -0.061035, -1.770020, -1.831055,riding
B, 236795, -0.938843, -0.056030, -0.326904, 0.122070, -1.220703, -0.366211,riding
A, 623262, -0.988281, 0.154663, 0.013550, -0.122070, -1.770020, -1.647950,riding
B, 236815, -0.937744, -0.062256, -0.331543, -0.244141, -1.037598, -0.488281,riding
A, 623282, -0.987305, 0.159546, 0.016968, -0.854492, -1.647950, -1.281738,riding
B, 236835, -0.935059, -0.058350, -0.335571, -0.488281, -0.854492, -0.549316,riding
A, 623302, -0.986328, 0.164551, 0.016968, -0.305176, -1.770020, -1.159668,riding
B, 236855, -0.935303, -0.055420, -0.335938, -0.183106, -0.732422, -0.366211,riding
A, 623322, -0.987183, 0.164673, 0.016602, -0.427246, -1.770020, -0.976563,riding
B, 236875, -0.937500, -0.057983, -0.333252, -0.183106, -0.549316, -0.366211,riding
A, 623342, -0.987793, 0.159058, 0.013550, 0.000000, -1.892090, -0.915528,riding
B, 236895, -0.936279, -0.062378, -0.328735, 0.061035, -0.427246, -0.244141,riding
A, 623362, -0.987793, 0.156006, 0.017944, -0.732422, -1.770020, -0.671387,riding
B, 236915, -0.937378, -0.058838, -0.326660, -0.610352, -0.244141, -0.427246,riding
A, 623382, -0.986816, 0.163208, 0.024902, -0.549316, -1.831055, -0.549316,riding
B, 236935, -0.936646, -0.051758, -0.330933, -0.427246, -0.122070, -0.427246,riding
A, 623402, -0.986206, 0.156860, 0.030396, -0.427246, -1.770020, -0.610352,riding
B, 236955, -0.937256, -0.052856, -0.330200, -0.122070, 0.183106, -0.305176,riding
A, 623422, -0.989502, 0.144653, 0.025391, 0.000000, -1.770020, -0.244141,riding
B, 236975, -0.938721, -0.057251, -0.329102, -0.183106, 0.427246, -0.366211,riding
A, 623442, -0.990845, 0.140503, 0.020264, -0.366211, -1.708985, 0.061035,riding
B, 236995, -0.938599, -0.053223, -0.328613, -0.488281, 0.610352, -0.488281,riding
A, 623462, -0.987671, 0.158813, 0.026245, -0.732422, -1.708985, 0.549316,riding
B, 237015, -0.937256, -0.052856, -0.331421, -0.610352, 0.793457, -0.549316,riding
A, 623482, -0.984375, 0.171997, 0.026978, -0.610352, -1.586915, 0.610352,riding
B, 237035, -0.936157, -0.055420, -0.334717, -0.549316, 0.915528, -0.549316,riding
A, 623502, -0.983154, 0.180420, 0.024780, -0.549316, -1.586915, 0.610352,riding
B, 237055, -0.933594, -0.055420, -0.338257, -0.549316, 0.976563, -0.549316,riding
A, 623522, -0.981323, 0.185181, 0.026611, -0.671387, -1.525879, 0.610352,riding
B, 237075, -0.932129, -0.050903, -0.342773, -0.610352, 1.037598, -0.610352,riding
A, 623542, -0.980347, 0.193359, 0.031250, -0.549316, -1.525879, 0.671387,riding
B, 237095, -0.928711, -0.050293, -0.350952, -0.305176, 1.037598, -0.610352,riding
A, 623562, -0.979858, 0.194458, 0.030396, -0.244141, -1.525879, 0.610352,riding
B, 237115, -0.928711, -0.054443, -0.354370, -0.427246, 0.976563, -0.671387,riding
A, 623582, -0.978882, 0.205078, 0.019165, -0.366211, -1.342773, 0.671387,riding
B, 237135, -0.927124, -0.054688, -0.354980, -0.122070, 0.915528, -0.610352,riding
A, 623602, -0.979614, 0.201294, 0.016357, -0.183106, -1.525879, 0.488281,riding
B, 237155, -0.929443, -0.055298, -0.349854, -0.366211, 0.976563, -0.610352,riding
A, 623622, -0.979492, 0.199829, 0.020508, -0.549316, -1.464844, 0.488281,riding
B, 237175, -0.930176, -0.056030, -0.348999, -0.488281, 0.793457, -0.671387,riding
A, 623642, -0.977295, 0.213501, 0.026489, -0.976563, -1.281738, 0.427246,riding
B, 237195, -0.927368, -0.054565, -0.355347, -0.793457, 0.732422, -0.854492,riding
A, 623662, -0.975342, 0.222778, 0.021362, -0.427246, -1.403809, 0.061035,riding
B, 237215, -0.923218, -0.050049, -0.365234, -0.244141, 0.549316, -0.732422,riding
A, 623682, -0.974976, 0.223389, 0.027832, -0.732422, -1.342773, 0.061035,riding
B, 237235, -0.923584, -0.048462, -0.367310, -0.488281, 0.427246, -0.854492,riding
A, 623702, -0.975708, 0.222168, 0.030640, -0.244141, -1.342773, -0.122070,riding
B, 237255, -0.924194, -0.053467, -0.364868, 0.000000, 0.244141, -0.671387,riding
A, 623722, -0.975586, 0.221436, 0.018799, -0.305176, -1.281738, -0.244141,riding
B, 237275, -0.925049, -0.058472, -0.362549, -0.183106, 0.122070, -0.793457,riding
A, 623742, -0.976563, 0.223389, 0.010620, -0.366211, -1.403809, -0.427246,riding
B, 237295, -0.924805, -0.055176, -0.360107, -0.183106, -0.061035, -0.732422,riding
A, 623762, -0.974854, 0.224121, 0.018188, -0.549316, -1.464844, -0.610352,riding
B, 237315, -0.925293, -0.054077, -0.360474, -0.305176, -0.244141, -0.793457,riding
A, 623782, -0.974365, 0.226196, 0.026978, -0.427246, -1.403809, -0.915528,riding
B, 237335, -0.924561, -0.054077, -0.364136, -0.183106, -0.366211, -0.732422,riding
A, 623802, -0.976807, 0.219238, 0.024414, -0.305176, -1.281738, -1.098633,riding
B, 237355, -0.925415, -0.050415, -0.364258, -0.122070, -0.610352, -0.793457,riding
A, 623822, -0.976807, 0.214844, 0.019165, -0.244141, -1.403809, -1.159668,riding
B, 237375, -0.925537, -0.051270, -0.363647, 0.000000, -0.732422, -0.732422,riding
A, 623842, -0.977417, 0.213135, 0.021484, -0.244141, -1.403809, -1.281738,riding
B, 237395, -0.925781, -0.056030, -0.359375, 0.000000, -0.793457, -0.793457,riding
A, 623862, -0.978394, 0.210938, 0.022339, -0.183106, -1.342773, -1.342773,riding
B, 237415, -0.927368, -0.056396, -0.355713, 0.061035, -0.915528, -0.793457,riding
A, 623882, -0.979004, 0.207886, 0.014648, -0.061035, -1.342773, -1.525879,riding
B, 237435, -0.927002, -0.055786, -0.352905, 0.122070, -0.976563, -0.671387,riding
A, 623902, -0.980225, 0.203125, 0.003784, -0.183106, -1.464844, -1.647950,riding
B, 237455, -0.926636, -0.061768, -0.353027, 0.000000, -1.037598, -0.732422,riding
A, 623922, -0.981079, 0.198242, -0.002808, -0.122070, -1.647950, -1.586915,riding
B, 237475, -0.927124, -0.066772, -0.353027, 0.061035, -1.037598, -0.488281,riding
A, 623942, -0.982788, 0.188477, 0.005127, -0.305176, -1.708985, -1.647950,riding
B, 237495, -0.928955, -0.056885, -0.349854, -0.183106, -1.098633, -0.488281,riding
A, 623962, -0.982422, 0.183105, 0.020264, -0.305176, -1.770020, -1.464844,riding
B, 237515, -0.932861, -0.049683, -0.343140, 0.000000, -0.976563, -0.427246,riding
A, 623982, -0.985352, 0.169922, 0.034180, -0.305176, -1.647950, -1.281738,riding
B, 237535, -0.934326, -0.050293, -0.339478, -0.122070, -0.854492, -0.488281,riding
A, 624002, -0.985352, 0.170288, 0.024658, -0.183106, -1.647950, -1.098633,riding
B, 237555, -0.933960, -0.056152, -0.340576, 0.000000, -0.732422, -0.488281,riding
A, 624022, -0.982788, 0.179199, 0.032471, -1.098633, -1.464844, -0.915528,riding
B, 237575, -0.933105, -0.048950, -0.343628, -0.732422, -0.671387, -0.915528,riding
A, 624042, -0.978149, 0.201782, 0.050415, -0.610352, -1.464844, -0.915528,riding
B, 237595, -0.929810, -0.036255, -0.352417, -0.305176, -0.671387, -0.793457,riding
A, 624062, -0.978149, 0.206299, 0.052124, -0.427246, -1.220703, -1.159668,riding
B, 237615, -0.928345, -0.051025, -0.355469, 0.183106, -0.671387, -0.854492,riding
A, 624082, -0.979736, 0.202881, 0.022217, 0.183106, -1.159668, -1.220703,riding
B, 237635, -0.928101, -0.058716, -0.353394, 0.122070, -0.671387, -0.915528,riding
A, 624102, -0.980591, 0.196655, 0.004028, -0.427246, -1.159668, -1.159668,riding
B, 237655, -0.928589, -0.054932, -0.350708, -0.183106, -0.793457, -0.915528,riding
A, 624122, -0.981201, 0.196777, 0.010376, -0.305176, -1.403809, -1.281738,riding
B, 237675, -0.929810, -0.058716, -0.348633, 0.122070, -0.671387, -0.732422,riding
A, 624142, -0.983521, 0.184570, 0.013672, 0.000000, -1.464844, -1.342773,riding
B, 237695, -0.930542, -0.065430, -0.343750, 0.061035, -0.671387, -0.732422,riding
A, 624162, -0.983887, 0.181030, 0.008667, -0.610352, -1.342773, -1.037598,riding
B, 237715, -0.932251, -0.059814, -0.342896, -0.366211, -0.610352, -0.793457,riding
A, 624182, -0.981445, 0.183472, 0.027588, -0.732422, -1.525879, -0.915528,riding
B, 237735, -0.931396, -0.046875, -0.347168, -0.305176, -0.610352, -0.732422,riding
A, 624202, -0.981812, 0.188843, 0.052368, -0.549316, -1.403809, -0.915528,riding
B, 237755, -0.931519, -0.043457, -0.348145, -0.061035, -0.488281, -0.854492,riding
A, 624222, -0.981812, 0.188599, 0.055176, -0.244141, -1.098633, -0.915528,riding
B, 237775, -0.931274, -0.045410, -0.346802, -0.061035, -0.427246, -1.098633,riding
A, 624242, -0.981812, 0.186157, 0.039551, -0.244141, -0.915528, -0.854492,riding
B, 237795, -0.932007, -0.041626, -0.344971, 0.000000, -0.366211, -1.159668,riding
A, 624262, -0.980957, 0.186768, 0.030273, -0.305176, -0.915528, -0.854492,riding
B, 237815, -0.931030, -0.048706, -0.345825, 0.000000, -0.366211, -1.281738,riding
A, 624282, -0.981445, 0.191406, 0.030029, -0.427246, -0.854492, -0.732422,riding
B, 237835, -0.929688, -0.056641, -0.350098, -0.061035, -0.366211, -1.342773,riding
A, 624302, -0.981079, 0.194824, 0.027100, -0.427246, -0.732422, -0.793457,riding
B, 237855, -0.929077, -0.055664, -0.353149, -0.122070, -0.366211, -1.342773,riding
A, 624322, -0.979980, 0.197510, 0.007324, -0.183106, -0.732422, -0.793457,riding
B, 237875, -0.928101, -0.062134, -0.352661, 0.244141, -0.305176, -1.098633,riding
A, 624342, -0.982056, 0.194214, -0.014526, -0.305176, -1.098633, -0.793457,riding
B, 237895, -0.927856, -0.075195, -0.351196, -0.061035, -0.305176, -1.037598,riding
A, 624362, -0.983276, 0.190552, -0.011719, -0.061035, -1.342773, -0.854492,riding
B, 237915, -0.928589, -0.073975, -0.346924, 0.061035, -0.366211, -0.793457,riding
A, 624382, -0.982544, 0.190674, 0.003174, -0.854492, -1.342773, -0.732422,riding
B, 237935, -0.931030, -0.059937, -0.348389, -0.610352, -0.366211, -0.915528,riding
A, 624402, -0.979858, 0.200562, 0.024536, -0.610352, -1.464844, -0.793457,riding
B, 237955, -0.928589, -0.047852, -0.352417, -0.366211, -0.366211, -0.854492,riding
A, 624422, -0.977783, 0.206177, 0.044312, -0.732422, -1.281738, -0.793457,riding
B, 237975, -0.927490, -0.048584, -0.357422, -0.427246, -0.488281, -0.976563,riding
A, 624442, -0.976807, 0.211792, 0.045532, -0.183106, -1.220703, -0.915528,riding
B, 237995, -0.926147, -0.045898, -0.360107, 0.061035, -0.427246, -0.915528,riding
A, 624462, -0.978027, 0.208130, 0.046509, -0.549316, -0.976563, -0.976563,riding
B, 238015, -0.927856, -0.036377, -0.357910, -0.061035, -0.549316, -1.220703,riding
A, 624482, -0.976074, 0.211426, 0.041260, 0.000000, -0.976563, -1.159668,riding
B, 238035, -0.928711, -0.049438, -0.351685, 0.488281, -0.549316, -1.098633,riding
A, 624502, -0.981445, 0.194214, 0.023315, -0.183106, -0.732422, -1.220703,riding
B, 238055, -0.929932, -0.061157, -0.349365, 0.183106, -0.610352, -1.342773,riding
A, 624522, -0.981934, 0.185181, 0.010376, 0.122070, -0.854492, -1.281738,riding
B, 238075, -0.930420, -0.057495, -0.346680, 0.305176, -0.610352, -1.281738,riding
A, 624542, -0.983643, 0.180786, 0.011475, -0.549316, -0.793457, -1.037598,riding
B, 238095, -0.931030, -0.056152, -0.347412, -0.122070, -0.610352, -1.403809,riding
A, 624562, -0.983643, 0.183472, 0.013794, -0.244141, -0.976563, -1.037598,riding
B, 238115, -0.930176, -0.060425, -0.349243, 0.061035, -0.488281, -1.281738,riding
A, 624582, -0.984009, 0.180908, 0.011597, -0.122070, -0.915528, -0.915528,riding
B, 238135, -0.931274, -0.065186, -0.347290, 0.061035, -0.366211, -1.220703,riding
A, 624602, -0.984619, 0.179199, 0.009888, -0.305176, -0.976563, -0.793457,riding
B, 238155, -0.931396, -0.054932, -0.342651, -0.122070, -0.366211, -1.220703,riding
A, 624622, -0.983154, 0.184570, 0.018433, -0.549316, -0.976563, -0.732422,riding
B, 238175, -0.931396, -0.056396, -0.345825, -0.183106, -0.305176, -1.220703,riding
A, 624642, -0.982666, 0.190186, 0.022339, -0.366211, -0.976563, -0.732422,riding
B, 238195, -0.930786, -0.062256, -0.347778, -0.061035, -0.244141, -1.220703,riding
A, 624662, -0.981567, 0.190918, 0.023315, -0.427246, -0.854492, -0.732422,riding
B, 238215, -0.929565, -0.053711, -0.350586, -0.244141, -0.244141, -1.342773,riding
A, 624682, -0.979858, 0.196167, 0.028931, -0.549316, -0.793457, -0.610352,riding
B, 238235, -0.928589, -0.046509, -0.352905, -0.183106, -0.244141, -1.342773,riding
A, 624702, -0.980103, 0.199707, 0.020020, -0.061035, -0.854492, -0.671387,riding
B, 238255, -0.927979, -0.056885, -0.355347, 0.183106, -0.183106, -1.220703,riding
A, 624722, -0.980225, 0.202759, 0.005127, -0.244141, -0.793457, -0.671387,riding
B, 238275, -0.927124, -0.068481, -0.355225, 0.000000, -0.244141, -1.281738,riding
A, 624742, -0.979858, 0.204346, -0.002808, -0.183106, -0.915528, -0.793457,riding
B, 238295, -0.928711, -0.060669, -0.351440, 0.183106, -0.305176, -1.098633,riding
A, 624762, -0.982056, 0.193604, -0.000244, 0.000000, -1.159668, -0.915528,riding
B, 238315, -0.929688, -0.064697, -0.348022, 0.183106, -0.305176, -0.976563,riding
A, 624782, -0.983154, 0.190308, 0.001831, -0.183106, -1.220703, -0.854492,riding
B, 238335, -0.928467, -0.071533, -0.348511, 0.000000, -0.305176, -0.976563,riding
A, 624802, -0.981445, 0.189819, 0.005981, -0.427246, -1.159668, -0.793457,riding
B, 238355, -0.928955, -0.065552, -0.352661, -0.244141, -0.305176, -0.976563,riding
A, 624822, -0.981567, 0.192139, 0.008301, -0.427246, -1.220703, -0.732422,riding
B, 238375, -0.929077, -0.056885, -0.353516, -0.183106, -0.305176, -0.915528,riding
A, 624842, -0.981812, 0.193604, 0.008301, -0.305176, -1.342773, -0.671387,riding
B, 238395, -0.929199, -0.061035, -0.353149, 0.000000, -0.244141, -0.793457,riding
A, 624862, -0.981934, 0.194336, 0.010010, -0.427246, -1.342773, -0.610352,riding
B, 238415, -0.928955, -0.067383, -0.350952, -0.244141, -0.244141, -0.793457,riding
A, 624882, -0.979126, 0.199341, 0.009277, -0.488281, -1.342773, -0.610352,riding
B, 238435, -0.928833, -0.060059, -0.351440, -0.305176, -0.244141, -0.793457,riding
A, 624902, -0.979370, 0.204590, 0.013794, -0.671387, -1.464844, -0.793457,riding
B, 238455, -0.927246, -0.055054, -0.353760, -0.366211, -0.305176, -0.793457,riding
A, 624922, -0.979004, 0.208008, 0.023315, -0.488281, -1.403809, -0.793457,riding
B, 238475, -0.926514, -0.059570, -0.359009, -0.305176, -0.427246, -0.793457,riding
A, 624942, -0.977905, 0.210083, 0.023315, -0.488281, -1.342773, -0.915528,riding
B, 238495, -0.924072, -0.059082, -0.362061, -0.244141, -0.427246, -0.854492,riding
A, 624962, -0.978394, 0.208862, 0.023926, -0.427246, -1.281738, -0.854492,riding
B, 238515, -0.925903, -0.050537, -0.360596, -0.244141, -0.488281, -0.854492,riding
A, 624982, -0.978149, 0.207275, 0.029663, -0.427246, -1.281738, -1.037598,riding
B, 238535, -0.928223, -0.055908, -0.355835, 0.427246, -0.488281, -0.732422,riding
A, 625002, -0.980713, 0.198853, 0.019653, 0.244141, -1.342773, -1.037598,riding
B, 238555, -0.927612, -0.070435, -0.354248, -0.122070, -0.549316, -0.915528,riding
A, 625022, -0.978882, 0.205322, 0.006714, -0.671387, -1.159668, -0.976563,riding
B, 238575, -0.926025, -0.060181, -0.359253, -0.305176, -0.732422, -0.976563,riding
A, 625042, -0.975586, 0.223877, 0.015747, -0.549316, -1.281738, -1.220703,riding
B, 238595, -0.924438, -0.052124, -0.363770, -0.183106, -0.854492, -0.915528,riding
A, 625062, -0.977417, 0.216675, 0.011841, 0.244141, -1.464844, -1.586915,riding
B, 238615, -0.923950, -0.061890, -0.360718, 0.427246, -0.793457, -0.671387,riding
A, 625082, -0.981567, 0.189087, 0.007202, 0.244141, -1.403809, -1.647950,riding
B, 238635, -0.928833, -0.069458, -0.350830, 0.366211, -0.854492, -0.610352,riding
A, 625102, -0.985596, 0.172852, 0.002808, -0.061035, -1.403809, -1.342773,riding
B, 238655, -0.931763, -0.062744, -0.343628, 0.061035, -0.854492, -0.732422,riding
A, 625122, -0.985107, 0.175293, 0.007446, -0.610352, -1.464844, -1.098633,riding
B, 238675, -0.930542, -0.062988, -0.348267, -0.305176, -0.732422, -0.732422,riding
A, 625142, -0.982666, 0.187744, 0.012817, -0.549316, -1.586915, -0.976563,riding
B, 238695, -0.928589, -0.066284, -0.352783, -0.366211, -0.671387, -0.732422,riding
A, 625162, -0.980469, 0.201172, 0.017944, -0.854492, -1.403809, -0.976563,riding
B, 238715, -0.927002, -0.055908, -0.355713, -0.427246, -0.671387, -0.793457,riding
A, 625182, -0.978394, 0.209229, 0.017578, -0.366211, -1.525879, -1.220703,riding
B, 238735, -0.927979, -0.049927, -0.353027, 0.000000, -0.732422, -0.610352,riding
A, 625202, -0.979492, 0.200317, 0.032349, -0.610352, -1.403809, -1.220703,riding
B, 238755, -0.928833, -0.053345, -0.352295, -0.244141, -0.793457, -0.793457,riding
A, 625222, -0.979248, 0.205811, 0.020996, -0.183106, -1.281738, -1.281738,riding
B, 238775, -0.926880, -0.061035, -0.356079, -0.061035, -0.793457, -0.793457,riding
A, 625242, -0.979614, 0.203613, 0.001953, -0.610352, -1.220703, -1.281738,riding
B, 238795, -0.925537, -0.064819, -0.359131, -0.244141, -0.915528, -0.915528,riding
A, 625262, -0.978638, 0.207031, -0.000244, -0.671387, -1.464844, -1.342773,riding
B, 238815, -0.926392, -0.058472, -0.358032, -0.183106, -0.976563, -0.671387,riding
A, 625282, -0.980225, 0.202515, 0.010864, -0.427246, -1.586915, -1.403809,riding
B, 238835, -0.927490, -0.066040, -0.354614, -0.244141, -0.976563, -0.610352,riding
A, 625302, -0.979492, 0.203491, 0.010620, -0.366211, -1.586915, -1.464844,riding
B, 238855, -0.927979, -0.066528, -0.353516, -0.183106, -1.098633, -0.549316,riding
A, 625322, -0.979126, 0.206421, 0.015259, -0.915528, -1.525879, -1.525879,riding
B, 238875, -0.928589, -0.052490, -0.354614, -0.610352, -1.159668, -0.793457,riding
A, 625342, -0.977051, 0.210938, 0.029785, -0.549316, -1.647950, -1.708985,riding
B, 238895, -0.929810, -0.045654, -0.354248, 0.000000, -1.159668, -0.610352,riding
A, 625362, -0.980835, 0.193237, 0.047241, -0.244141, -1.525879, -1.770020,riding
B, 238915, -0.930664, -0.052002, -0.349609, 0.061035, -1.159668, -0.732422,riding
A, 625382, -0.982544, 0.181152, 0.022705, 0.000000, -1.220703, -1.586915,riding
B, 238935, -0.930908, -0.054932, -0.348633, 0.183106, -1.098633, -0.854492,riding
A, 625402, -0.982788, 0.186523, 0.014893, -0.610352, -1.220703, -1.464844,riding
A, 625422, -0.980469, 0.196533, 0.024902, -0.427246, -1.342773, -1.403809,riding
B, 238975, -0.929443, -0.057007, -0.350586, 0.061035, -1.037598, -0.976563,riding
A, 625442, -0.981812, 0.192993, 0.026245, 0.061035, -1.159668, -1.586915,riding
B, 238995, -0.931396, -0.062012, -0.346558, 0.244141, -0.976563, -0.854492,riding
A, 625462, -0.983887, 0.178589, 0.011353, 0.244141, -1.098633, -1.586915,riding
B, 239015, -0.933472, -0.060425, -0.340088, 0.305176, -0.915528, -0.915528,riding
A, 625482, -0.984741, 0.175903, 0.001953, -0.366211, -1.220703, -1.342773,riding
B, 239035, -0.932861, -0.060547, -0.342285, -0.122070, -0.915528, -0.915528,riding
A, 625502, -0.983154, 0.186157, 0.005493, -0.183106, -1.403809, -1.342773,riding
B, 239055, -0.929810, -0.067505, -0.349609, 0.122070, -0.854492, -0.793457,riding
A, 625522, -0.981201, 0.192871, 0.019287, -0.854492, -1.220703, -1.220703,riding
B, 239075, -0.927246, -0.058228, -0.355103, -0.305176, -0.915528, -0.976563,riding
A, 625542, -0.977417, 0.208618, 0.013794, -0.244141, -1.281738, -1.220703,riding
B, 239095, -0.927734, -0.055664, -0.354492, 0.000000, -0.915528, -0.793457,riding
A, 625562, -0.979492, 0.201538, 0.010742, -0.549316, -1.403809, -1.403809,riding
B, 239115, -0.928223, -0.061646, -0.352173, -0.183106, -0.976563, -0.854492,riding
A, 625582, -0.981323, 0.197144, 0.011719, -0.305176, -1.403809, -1.525879,riding
B, 239135, -0.929199, -0.069092, -0.349243, 0.000000, -0.976563, -0.793457,riding
A, 625602, -0.980957, 0.193726, 0.000122, -0.305176, -1.403809, -1.464844,riding
B, 239155, -0.930176, -0.067871, -0.348755, -0.122070, -1.037598, -0.732422,riding
A, 625622, -0.981079, 0.193970, 0.003540, -0.671387, -1.525879, -1.525879,riding
B, 239175, -0.929565, -0.058472, -0.349487, -0.366211, -1.037598, -0.732422,riding
A, 625642, -0.979980, 0.199707, 0.018066, -0.671387, -1.586915, -1.525879,riding
B, 239195, -0.927490, -0.060791, -0.355713, -0.183106, -1.098633, -0.610352,riding
A, 625662, -0.980103, 0.199829, 0.018921, -0.305176, -1.525879, -1.525879,riding
B, 239215, -0.927124, -0.064331, -0.353271, -0.122070, -1.098633, -0.610352,riding
A, 625682, -0.980591, 0.196411, 0.013916, -0.427246, -1.464844, -1.525879,riding
B, 239235, -0.929321, -0.054199, -0.349365, -0.244141, -1.159668, -0.671387,riding
A, 625702, -0.979980, 0.194702, 0.024658, -0.671387, -1.586915, -1.586915,riding
B, 239255, -0.932129, -0.046021, -0.345581, -0.183106, -1.220703, -0.732422,riding
A, 625722, -0.980347, 0.195313, 0.037842, 0.122070, -1.464844, -1.770020,riding
B, 239275, -0.931763, -0.057983, -0.345093, 0.305176, -1.098633, -0.671387,riding
A, 625742, -0.983887, 0.179443, 0.010620, -0.061035, -1.281738, -1.708985,riding
B, 239295, -0.930786, -0.068726, -0.343506, 0.122070, -1.159668, -0.732422,riding
A, 625762, -0.983154, 0.180420, 0.002930, -0.549316, -1.403809, -1.525879,riding
B, 239315, -0.930908, -0.059692, -0.345459, -0.244141, -1.159668, -0.854492,riding
A, 625782, -0.983276, 0.185791, 0.016724, -0.488281, -1.586915, -1.464844,riding
B, 239335, -0.931152, -0.057007, -0.346924, -0.061035, -1.037598, -0.671387,riding
A, 625802, -0.984375, 0.180786, 0.023926, -0.183106, -1.464844, -1.464844,riding
B, 239355, -0.932129, -0.066406, -0.341187, 0.061035, -0.915528, -0.671387,riding
A, 625822, -0.985840, 0.171753, 0.014282, -0.183106, -1.342773, -1.403809,riding
B, 239375, -0.933716, -0.062622, -0.335571, 0.000000, -0.854492, -0.671387,riding
A, 625842, -0.984619, 0.169312, 0.009277, -0.488281, -1.464844, -1.281738,riding
B, 239395, -0.934082, -0.054077, -0.335938, -0.366211, -0.793457, -0.793457,riding
A, 625862, -0.983521, 0.178223, 0.028320, -0.915528, -1.464844, -1.098633,riding
B, 239415, -0.932617, -0.053589, -0.342041, -0.427246, -0.732422, -0.915528,riding
A, 625882, -0.982178, 0.187256, 0.044189, -0.671387, -1.281738, -1.159668,riding
B, 239435, -0.931030, -0.053589, -0.347290, -0.305176, -0.671387, -0.915528,riding
A, 625902, -0.981934, 0.185669, 0.021484, -0.183106, -1.037598, -1.037598,riding
B, 239455, -0.930420, -0.051880, -0.347290, 0.061035, -0.671387, -1.037598,riding
A, 625922, -0.980957, 0.189941, 0.010620, -0.610352, -1.159668, -0.976563,riding
B, 239475, -0.929199, -0.057007, -0.348389, -0.305176, -0.671387, -1.098633,riding
A, 625942, -0.978149, 0.205933, 0.026733, -0.915528, -1.098633, -0.976563,riding
B, 239495, -0.927856, -0.060791, -0.352417, -0.427246, -0.732422, -1.220703,riding
A, 625962, -0.977051, 0.215210, 0.031982, -0.244141, -0.976563, -1.220703,riding
B, 239515, -0.926880, -0.056396, -0.353271, 0.122070, -0.793457, -1.098633,riding
A, 625982, -0.979004, 0.202026, 0.016968, 0.061035, -0.976563, -1.586915,riding
B, 239535, -0.930298, -0.052979, -0.346924, 0.305176, -0.793457, -1.037598,riding
A, 626002, -0.983887, 0.179688, 0.005127, 0.061035, -1.098633, -1.525879,riding
B, 239555, -0.932129, -0.062256, -0.342407, 0.244141, -0.854492, -0.976563,riding
A, 626022, -0.985229, 0.175903, 0.009644, -0.732422, -1.098633, -1.220703,riding
B, 239575, -0.930908, -0.068848, -0.345825, -0.366211, -0.854492, -1.220703,riding
A, 626042, -0.981812, 0.194336, 0.014038, -0.732422, -0.976563, -1.159668,riding
B, 239595, -0.928589, -0.059082, -0.352783, -0.122070, -0.854492, -1.098633,riding
A, 626062, -0.980225, 0.198486, 0.011841, -0.305176, -1.098633, -1.281738,riding
B, 239615, -0.930786, -0.057007, -0.345337, 0.183106, -0.793457, -0.976563,riding
A, 626082, -0.982666, 0.183838, 0.006104, 0.061035, -1.281738, -1.342773,riding
B, 239635, -0.933716, -0.067505, -0.340698, 0.244141, -0.793457, -0.854492,riding
A, 626102, -0.984619, 0.176758, 0.010742, -0.488281, -1.159668, -1.342773,riding
B, 239655, -0.933350, -0.069702, -0.337646, -0.183106, -0.793457, -1.037598,riding
A, 626122, -0.985107, 0.178467, 0.011963, -0.610352, -1.159668, -1.220703,riding
B, 239675, -0.932495, -0.060303, -0.340942, -0.305176, -0.732422, -0.976563,riding
A, 626142, -0.983398, 0.181274, 0.010498, -0.671387, -1.281738, -1.159668,riding
B, 239695, -0.931274, -0.059082, -0.345337, -0.305176, -0.732422, -0.976563,riding
A, 626162, -0.982178, 0.190430, 0.014771, -0.854492, -1.281738, -1.037598,riding
B, 239715, -0.927734, -0.065308, -0.350708, -0.488281, -0.793457, -0.976563,riding
A, 626182, -0.979248, 0.204590, 0.026855, -0.732422, -1.220703, -1.098633,riding
B, 239735, -0.928467, -0.051514, -0.352539, -0.305176, -0.793457, -1.037598,riding
A, 626202, -0.978271, 0.205933, 0.034058, -0.427246, -1.098633, -1.220703,riding
B, 239755, -0.930664, -0.048828, -0.348267, 0.000000, -0.854492, -0.976563,riding
A, 626222, -0.979004, 0.202881, 0.023071, -0.122070, -1.098633, -1.464844,riding
B, 239775, -0.931396, -0.061279, -0.344604, 0.305176, -0.854492, -0.915528,riding
A, 626242, -0.982056, 0.187744, 0.012207, 0.122070, -1.159668, -1.586915,riding
B, 239795, -0.932373, -0.067871, -0.340698, 0.122070, -0.915528, -1.037598,riding
A, 626262, -0.984009, 0.175903, 0.010254, -0.488281, -1.098633, -1.464844,riding
B, 239815, -0.931885, -0.061035, -0.342163, -0.183106, -0.915528, -1.159668,riding
A, 626282, -0.984619, 0.179565, 0.014038, -0.549316, -1.098633, -1.281738,riding
B, 239835, -0.930908, -0.058716, -0.345825, -0.122070, -0.854492, -1.098633,riding
A, 626302, -0.983276, 0.187256, 0.015991, -0.610352, -1.098633, -1.159668,riding
B, 239855, -0.928955, -0.063354, -0.348877, -0.183106, -0.854492, -1.037598,riding
A, 626322, -0.981689, 0.193237, 0.015991, -0.366211, -1.098633, -1.159668,riding
B, 239875, -0.930786, -0.060791, -0.345337, 0.000000, -0.854492, -1.037598,riding
A, 626342, -0.981445, 0.188354, 0.012329, -0.122070, -1.098633, -1.403809,riding
B, 239895, -0.933472, -0.060913, -0.336792, 0.244141, -0.793457, -0.915528,riding
A, 626362, -0.984863, 0.177002, 0.007324, 0.000000, -1.159668, -1.342773,riding
B, 239915, -0.932861, -0.068481, -0.335205, 0.122070, -0.793457, -0.976563,riding
A, 626382, -0.984741, 0.174805, 0.001465, -0.488281, -1.220703, -1.220703,riding
B, 239935, -0.931885, -0.071777, -0.340942, -0.244141, -0.793457, -1.037598,riding
A, 626402, -0.983521, 0.182739, 0.003662, -0.732422, -1.220703, -1.159668,riding
B, 239955, -0.930908, -0.064209, -0.347168, -0.366211, -0.732422, -0.976563,riding
A, 626422, -0.982910, 0.182739, 0.014526, -0.366211, -1.342773, -1.098633,riding
B, 239975, -0.930786, -0.058228, -0.347046, -0.122070, -0.671387, -0.854492,riding
A, 626442, -0.983643, 0.182129, 0.010132, -0.427246, -1.342773, -0.976563,riding
B, 239995, -0.930664, -0.069580, -0.344238, -0.122070, -0.732422, -0.854492,riding
A, 626462, -0.981934, 0.192871, 0.002563, -0.305176, -1.342773, -1.037598,riding
B, 240015, -0.931274, -0.068970, -0.343262, -0.122070, -0.671387, -0.793457,riding
A, 626482, -0.981323, 0.193115, 0.008301, -0.366211, -1.403809, -1.098633,riding
B, 240035, -0.932861, -0.058716, -0.339600, -0.061035, -0.732422, -0.732422,riding
A, 626502, -0.982422, 0.189941, 0.015381, -0.305176, -1.525879, -1.281738,riding
B, 240055, -0.931885, -0.060791, -0.341309, -0.061035, -0.671387, -0.732422,riding
A, 626522, -0.982422, 0.188354, 0.015625, -0.549316, -1.464844, -1.220703,riding
B, 240075, -0.930054, -0.065674, -0.348511, -0.305176, -0.793457, -0.854492,riding
A, 626542, -0.981323, 0.192627, 0.012329, -0.305176, -1.403809, -1.281738,riding
B, 240095, -0.928467, -0.061768, -0.351074, -0.061035, -0.732422, -0.732422,riding
A, 626562, -0.983398, 0.182739, 0.015137, 0.000000, -1.525879, -1.220703,riding
B, 240115, -0.931396, -0.056274, -0.345947, 0.122070, -0.732422, -0.671387,riding
A, 626582, -0.983765, 0.178101, 0.016479, -0.122070, -1.525879, -1.098633,riding
B, 240135, -0.933350, -0.064087, -0.338013, 0.183106, -0.610352, -0.610352,riding
A, 626602, -0.983765, 0.184570, 0.013550, -0.549316, -1.403809, -0.915528,riding
B, 240155, -0.932739, -0.067505, -0.339844, -0.305176, -0.732422, -0.793457,riding
A, 626622, -0.981079, 0.196289, 0.001221, -0.366211, -1.464844, -1.220703,riding
B, 240175, -0.931274, -0.064331, -0.342896, 0.000000, -0.610352, -0.610352,riding
A, 626642, -0.981689, 0.190430, 0.005371, -0.427246, -1.586915, -1.159668,riding
B, 240195, -0.930664, -0.064697, -0.345215, -0.244141, -0.732422, -0.671387,riding
A, 626662, -0.982910, 0.190186, 0.019775, -0.549316, -1.586915, -1.281738,riding
B, 240215, -0.930542, -0.058472, -0.347168, -0.183106, -0.732422, -0.671387,riding
A, 626682, -0.982910, 0.183716, 0.027710, -0.244141, -1.464844, -1.220703,riding
B, 240235, -0.931396, -0.058350, -0.346680, -0.061035, -0.671387, -0.671387,riding
A, 626702, -0.982544, 0.187988, 0.017578, -0.366211, -1.403809, -1.037598,riding
B, 240255, -0.931763, -0.056885, -0.345337, 0.000000, -0.671387, -0.732422,riding
A, 626722, -0.981934, 0.186523, 0.014526, -0.244141, -1.464844, -1.220703,riding
B, 240275, -0.932007, -0.062500, -0.339722, 0.000000, -0.732422, -0.671387,riding
A, 626742, -0.982910, 0.181763, 0.014160, -0.183106, -1.464844, -1.098633,riding
B, 240295, -0.932861, -0.066284, -0.337646, -0.122070, -0.671387, -0.732422,riding
A, 626762, -0.983032, 0.182617, 0.019897, -0.610352, -1.342773, -1.159668,riding
B, 240315, -0.933594, -0.057861, -0.339355, -0.305176, -0.732422, -0.854492,riding
A, 626782, -0.982544, 0.183960, 0.025146, -0.427246, -1.342773, -1.159668,riding
B, 240335, -0.932373, -0.052246, -0.342407, -0.122070, -0.610352, -0.854492,riding
A, 626802, -0.983765, 0.182373, 0.021729, -0.244141, -1.342773, -1.159668,riding
B, 240355, -0.931519, -0.058228, -0.345825, 0.000000, -0.671387, -0.793457,riding
A, 626822, -0.984619, 0.178467, 0.023193, -0.061035, -1.281738, -1.037598,riding
B, 240375, -0.932251, -0.059937, -0.343262, 0.061035, -0.610352, -0.854492,riding
A, 626842, -0.984619, 0.172974, 0.032104, -0.244141, -1.159668, -1.037598,riding
B, 240395, -0.935181, -0.050659, -0.333496, 0.122070, -0.488281, -0.976563,riding
A, 626862, -0.985962, 0.166382, 0.029663, 0.122070, -1.098633, -0.915528,riding
B, 240415, -0.937012, -0.058838, -0.331177, 0.244141, -0.305176, -0.976563,riding
A, 626882, -0.986084, 0.166748, 0.012695, -0.183106, -0.976563, -0.732422,riding
B, 240435, -0.933716, -0.068848, -0.336426, -0.061035, -0.305176, -1.159668,riding
A, 626902, -0.984375, 0.180298, -0.001343, -0.549316, -0.976563, -0.671387,riding
B, 240455, -0.931030, -0.067261, -0.343384, -0.183106, -0.244141, -1.037598,riding
A, 626922, -0.983154, 0.184448, -0.008301, -0.244141, -1.159668, -0.671387,riding
B, 240475, -0.930298, -0.068604, -0.346191, -0.061035, -0.183106, -0.915528,riding
A, 626942, -0.984253, 0.184448, -0.007080, -0.366211, -1.342773, -0.610352,riding
B, 240495, -0.930420, -0.071777, -0.344971, -0.122070, -0.183106, -0.854492,riding
A, 626962, -0.984375, 0.181152, 0.011719, -0.305176, -1.403809, -0.549316,riding
B, 240515, -0.933472, -0.064819, -0.339111, -0.244141, -0.183106, -0.793457,riding
A, 626982, -0.981201, 0.190430, 0.027344, -0.793457, -1.220703, -0.549316,riding
B, 240535, -0.933105, -0.051880, -0.342773, -0.488281, -0.244141, -0.976563,riding
A, 627002, -0.979614, 0.201538, 0.032837, -0.366211, -1.220703, -0.732422,riding
B, 240555, -0.929443, -0.051392, -0.348389, 0.000000, -0.244141, -0.854492,riding
A, 627022, -0.980713, 0.198975, 0.022949, -0.183106, -1.220703, -0.854492,riding
B, 240575, -0.929199, -0.063110, -0.351318, 0.000000, -0.305176, -0.915528,riding
A, 627042, -0.980347, 0.194702, 0.006592, -0.366211, -1.159668, -0.854492,riding
B, 240595, -0.927734, -0.067383, -0.351074, -0.061035, -0.366211, -0.976563,riding
A, 627062, -0.982178, 0.195923, -0.004395, -0.366211, -1.220703, -0.854492,riding
B, 240615, -0.928467, -0.067871, -0.349121, -0.061035, -0.427246, -0.854492,riding
A, 627082, -0.982422, 0.189331, -0.003906, -0.061035, -1.403809, -0.976563,riding
B, 240635, -0.931396, -0.070190, -0.343018, 0.122070, -0.366211, -0.671387,riding
A, 627102, -0.985718, 0.173462, -0.005615, 0.000000, -1.525879, -0.976563,riding
B, 240655, -0.933960, -0.076172, -0.336304, -0.427246, -0.366211, -0.671387,riding
A, 627122, -0.983887, 0.184814, -0.016968, -1.159668, -1.464844, -0.671387,riding
B, 240675, -0.930664, -0.073975, -0.343750, -0.793457, -0.427246, -0.671387,riding
A, 627142, -0.981201, 0.196167, -0.024170, -0.671387, -1.831055, -0.854492,riding
B, 240695, -0.927490, -0.077637, -0.350098, -0.427246, -0.366211, -0.305176,riding
A, 627162, -0.982666, 0.190674, -0.015991, -0.549316, -2.136230, -0.793457,riding
B, 240715, -0.927246, -0.077759, -0.348999, -0.427246, -0.427246, -0.122070,riding
A, 627182, -0.981812, 0.191528, 0.007324, -1.037598, -2.075195, -0.732422,riding
B, 240735, -0.930298, -0.064941, -0.346558, -0.915528, -0.427246, -0.183106,riding
A, 627202, -0.981689, 0.194092, 0.015625, -0.366211, -2.258301, -0.854492,riding
B, 240755, -0.932129, -0.057617, -0.345703, -0.366211, -0.488281, 0.000000,riding
A, 627222, -0.981567, 0.190552, 0.020142, -0.793457, -2.136230, -0.793457,riding
B, 240775, -0.930664, -0.059326, -0.344849, -0.610352, -0.549316, -0.122070,riding
A, 627242, -0.979736, 0.203491, 0.028564, -0.976563, -2.075195, -0.854492,riding
B, 240795, -0.929077, -0.052490, -0.352539, -0.610352, -0.671387, -0.244141,riding
A, 627262, -0.977783, 0.209473, 0.037231, -0.549316, -2.014160, -1.098633,riding
B, 240815, -0.927612, -0.045288, -0.354126, -0.488281, -0.732422, -0.366211,riding
A, 627282, -0.976440, 0.210083, 0.055786, -0.793457, -1.770020, -1.159668,riding
B, 240835, -0.927368, -0.036133, -0.357178, -0.488281, -0.854492, -0.671387,riding
A, 627302, -0.976196, 0.215820, 0.063965, -0.244141, -1.342773, -1.403809,riding
B, 240855, -0.928101, -0.037354, -0.357178, 0.000000, -0.976563, -0.732422,riding
A, 627322, -0.977417, 0.210205, 0.038574, 0.183106, -1.159668, -1.647950,riding
B, 240875, -0.928223, -0.049194, -0.355713, 0.366211, -0.976563, -0.793457,riding
A, 627342, -0.980225, 0.199585, 0.012695, 0.244141, -1.220703, -1.770020,riding
B, 240895, -0.930420, -0.058594, -0.348999, 0.427246, -1.037598, -0.854492,riding
A, 627362, -0.983154, 0.178955, 0.011353, 0.061035, -1.281738, -1.770020,riding
B, 240915, -0.934814, -0.063721, -0.335693, 0.305176, -1.098633, -0.854492,riding
A, 627382, -0.986694, 0.166382, 0.006592, 0.305176, -1.342773, -1.770020,riding
B, 240935, -0.935791, -0.071899, -0.332642, 0.549316, -0.976563, -0.732422,riding
A, 627402, -0.988281, 0.153931, 0.002563, -0.183106, -1.220703, -1.464844,riding
B, 240955, -0.935181, -0.067871, -0.333496, -0.366211, -0.915528, -0.976563,riding
A, 627422, -0.986938, 0.166626, 0.004150, -0.671387, -1.281738, -1.220703,riding
B, 240975, -0.934326, -0.058472, -0.337891, -0.122070, -0.793457, -0.793457,riding
A, 627442, -0.986328, 0.165283, 0.004761, 0.061035, -1.525879, -1.159668,riding
B, 240995, -0.934204, -0.069458, -0.335815, 0.122070, -0.610352, -0.610352,riding
A, 627462, -0.987305, 0.168091, -0.007324, -0.427246, -1.464844, -0.915528,riding
B, 241015, -0.932495, -0.078979, -0.338379, -0.305176, -0.549316, -0.671387,riding
A, 627482, -0.982544, 0.189087, -0.002197, -0.732422, -1.647950, -0.915528,riding
B, 241035, -0.931641, -0.067627, -0.341187, -0.488281, -0.549316, -0.610352,riding
A, 627502, -0.980713, 0.195679, 0.007080, -0.366211, -1.831055, -1.037598,riding
B, 241055, -0.931396, -0.061646, -0.343994, -0.244141, -0.549316, -0.366211,riding
A, 627522, -0.982178, 0.190674, 0.023315, -0.793457, -1.770020, -1.098633,riding
B, 241075, -0.929321, -0.059326, -0.346313, -0.671387, -0.671387, -0.610352,riding
A, 627542, -0.980469, 0.198120, 0.035645, -0.976563, -1.525879, -1.037598,riding
B, 241095, -0.928833, -0.052368, -0.351563, -0.610352, -0.671387, -0.671387,riding
A, 627562, -0.979492, 0.203369, 0.015991, -0.183106, -1.586915, -1.159668,riding
B, 241115, -0.926636, -0.058960, -0.354736, 0.000000, -0.732422, -0.427246,riding
A, 627582, -0.979980, 0.200073, 0.001465, -0.305176, -1.708985, -1.220703,riding
B, 241135, -0.927979, -0.064209, -0.351685, -0.183106, -0.793457, -0.488281,riding
A, 627602, -0.980957, 0.195679, 0.017456, -0.488281, -1.708985, -1.281738,riding
B, 241155, -0.931763, -0.057617, -0.343872, -0.183106, -0.854492, -0.488281,riding
A, 627622, -0.982666, 0.186523, 0.025146, -0.183106, -1.708985, -1.403809,riding
B, 241175, -0.932129, -0.059326, -0.339478, -0.183106, -0.915528, -0.549316,riding
A, 627642, -0.982178, 0.188110, 0.016846, -0.488281, -1.647950, -1.342773,riding
B, 241195, -0.930054, -0.059814, -0.346924, -0.305176, -0.976563, -0.610352,riding
A, 627662, -0.979858, 0.201660, 0.014648, -0.366211, -1.647950, -1.464844,riding
B, 241215, -0.928345, -0.058228, -0.352661, -0.122070, -0.976563, -0.549316,riding
A, 627682, -0.982178, 0.194092, 0.011108, 0.244141, -1.770020, -1.586915,riding
B, 241235, -0.928589, -0.062134, -0.349487, 0.366211, -0.976563, -0.305176,riding
A, 627702, -0.985840, 0.175293, -0.003052, 0.488281, -1.892090, -1.647950,riding
B, 241255, -0.934082, -0.069458, -0.337646, 0.549316, -0.915528, -0.122070,riding
A, 627722, -0.989502, 0.153687, -0.005249, 0.183106, -2.014160, -1.403809,riding
B, 241275, -0.937500, -0.069458, -0.326782, 0.122070, -0.854492, -0.122070,riding
A, 627742, -0.988525, 0.153931, 0.010864, -0.610352, -2.014160, -1.098633,riding
B, 241295, -0.938110, -0.062866, -0.326904, -0.366211, -0.732422, -0.305176,riding
A, 627762, -0.985962, 0.168457, 0.031372, -0.915528, -1.892090, -0.915528,riding
B, 241315, -0.933472, -0.051880, -0.340698, -0.793457, -0.610352, -0.549316,riding
A, 627782, -0.981079, 0.187866, 0.040039, -0.915528, -1.708985, -0.915528,riding
B, 241335, -0.931763, -0.045898, -0.346191, -0.366211, -0.549316, -0.488281,riding
A, 627802, -0.981079, 0.188843, 0.041504, -0.366211, -1.708985, -1.037598,riding
B, 241355, -0.931885, -0.045776, -0.343994, -0.061035, -0.549316, -0.549316,riding
A, 627822, -0.982666, 0.179199, 0.027954, -0.061035, -1.586915, -0.976563,riding
B, 241375, -0.932617, -0.054688, -0.340942, 0.061035, -0.549316, -0.549316,riding
A, 627842, -0.984009, 0.176758, 0.019531, -0.366211, -1.464844, -0.915528,riding
B, 241395, -0.933228, -0.060059, -0.338867, -0.183106, -0.549316, -0.732422,riding
A, 627862, -0.982300, 0.186157, 0.012085, -0.427246, -1.464844, -0.915528,riding
B, 241415, -0.932739, -0.058594, -0.341187, -0.244141, -0.488281, -0.671387,riding
A, 627882, -0.981445, 0.191162, 0.013062, -0.366211, -1.525879, -0.976563,riding
B, 241435, -0.931396, -0.059448, -0.342651, -0.183106, -0.488281, -0.671387,riding
A, 627902, -0.982422, 0.187988, 0.018188, -0.183106, -1.586915, -1.098633,riding
B, 241455, -0.931763, -0.058960, -0.341431, 0.122070, -0.488281, -0.549316,riding
A, 627922, -0.984741, 0.175781, 0.023071, -0.061035, -1.586915, -1.037598,riding
B, 241475, -0.934082, -0.055908, -0.337891, -0.061035, -0.427246, -0.671387,riding
A, 627942, -0.985352, 0.165283, 0.029175, -0.366211, -1.464844, -0.854492,riding
B, 241495, -0.936401, -0.049927, -0.334229, -0.122070, -0.366211, -0.671387,riding
A, 627962, -0.986328, 0.163818, 0.031494, -0.244141, -1.403809, -0.732422,riding
B, 241515, -0.937012, -0.055054, -0.333740, 0.061035, -0.244141, -0.732422,riding
A, 627982, -0.986694, 0.162109, 0.020996, -0.061035, -1.403809, -0.610352,riding
B, 241535, -0.936401, -0.060913, -0.333618, -0.061035, -0.061035, -0.793457,riding
A, 628002, -0.985962, 0.165283, 0.015503, -0.427246, -1.342773, -0.366211,riding
B, 241555, -0.935913, -0.057861, -0.332153, -0.244141, 0.000000, -0.854492,riding
A, 628022, -0.987427, 0.163086, 0.015137, -0.366211, -1.403809, -0.244141,riding
B, 241575, -0.935059, -0.061157, -0.333740, -0.366211, 0.183106, -0.854492,riding
A, 628042, -0.983032, 0.177246, 0.019775, -0.854492, -1.342773, -0.183106,riding
B, 241595, -0.932983, -0.057251, -0.340210, -0.549316, 0.244141, -0.915528,riding
A, 628062, -0.982300, 0.182739, 0.036255, -0.610352, -1.220703, -0.061035,riding
B, 241615, -0.932373, -0.046875, -0.342407, -0.366211, 0.305176, -0.976563,riding
A, 628082, -0.980469, 0.188477, 0.043335, -0.549316, -1.098633, -0.122070,riding
B, 241635, -0.931885, -0.043823, -0.345825, -0.305176, 0.305176, -1.098633,riding
A, 628102, -0.981567, 0.190063, 0.046021, -0.366211, -0.976563, -0.061035,riding
B, 241655, -0.932495, -0.044922, -0.345459, -0.122070, 0.305176, -1.220703,riding
A, 628122, -0.981201, 0.191162, 0.042969, -0.305176, -0.793457, -0.122070,riding
B, 241675, -0.931763, -0.048584, -0.344604, 0.061035, 0.305176, -1.220703,riding
A, 628142, -0.982178, 0.186157, 0.024170, 0.061035, -0.732422, -0.183106,riding
B, 241695, -0.932495, -0.056763, -0.342896, 0.183106, 0.366211, -1.281738,riding
A, 628162, -0.983276, 0.183350, 0.014038, -0.366211, -0.732422, -0.122070,riding
B, 241715, -0.932373, -0.054565, -0.343628, -0.244141, 0.366211, -1.464844,riding
A, 628182, -0.983765, 0.179688, 0.027100, -0.122070, -0.793457, -0.122070,riding
B, 241735, -0.932373, -0.054565, -0.340698, 0.122070, 0.488281, -1.342773,riding
A, 628202, -0.985352, 0.167114, 0.026367, -0.244141, -0.610352, -0.061035,riding
B, 241755, -0.934326, -0.058594, -0.337036, -0.061035, 0.488281, -1.464844,riding
A, 628222, -0.985474, 0.166382, 0.015991, -0.366211, -0.610352, 0.183106,riding
B, 241775, -0.933960, -0.058960, -0.337036, -0.122070, 0.610352, -1.525879,riding
A, 628242, -0.984985, 0.166016, 0.017090, -0.366211, -0.610352, 0.305176,riding
B, 241795, -0.934326, -0.056763, -0.338135, -0.122070, 0.793457, -1.525879,riding
A, 628262, -0.984497, 0.169434, 0.025757, -0.549316, -0.549316, 0.488281,riding
B, 241815, -0.933594, -0.058472, -0.337646, -0.244141, 0.915528, -1.647950,riding
A, 628282, -0.984375, 0.178711, 0.019775, -0.366211, -0.427246, 0.610352,riding
B, 241835, -0.931885, -0.062500, -0.343994, -0.122070, 1.037598, -1.586915,riding
A, 628302, -0.982544, 0.183594, 0.008057, -0.366211, -0.488281, 0.610352,riding
B, 241855, -0.931030, -0.062134, -0.345337, -0.183106, 1.037598, -1.586915,riding
A, 628322, -0.982056, 0.187744, 0.002075, -0.549316, -0.549316, 0.610352,riding
B, 241875, -0.928711, -0.067383, -0.348755, -0.244141, 1.037598, -1.525879,riding
A, 628342, -0.982056, 0.196167, -0.003906, -0.793457, -0.610352, 0.671387,riding
B, 241895, -0.926758, -0.072510, -0.354248, -0.549316, 1.037598, -1.525879,riding
A, 628362, -0.979614, 0.205322, -0.005127, -0.244141, -0.854492, 0.549316,riding
B, 241915, -0.926147, -0.069214, -0.355835, -0.061035, 0.976563, -1.281738,riding
A, 628382, -0.980225, 0.200073, 0.004150, -0.671387, -0.854492, 0.427246,riding
B, 241935, -0.926392, -0.061890, -0.353271, -0.427246, 0.976563, -1.342773,riding
A, 628402, -0.979492, 0.202515, 0.013550, -0.732422, -0.976563, 0.488281,riding
B, 241955, -0.927856, -0.062378, -0.354492, -0.427246, 0.854492, -1.281738,riding
A, 628422, -0.977661, 0.213135, 0.022461, -1.037598, -0.793457, 0.549316,riding
B, 241975, -0.923950, -0.060425, -0.363525, -0.854492, 0.671387, -1.525879,riding
A, 628442, -0.973999, 0.228638, 0.027222, -0.976563, -0.671387, 0.305176,riding
B, 241995, -0.923096, -0.049316, -0.367798, -0.549316, 0.549316, -1.525879,riding
A, 628462, -0.973755, 0.232910, 0.028687, -0.549316, -0.732422, 0.061035,riding
B, 242015, -0.922852, -0.051636, -0.367676, -0.183106, 0.427246, -1.464844,riding
A, 628482, -0.974487, 0.227783, 0.015137, -0.122070, -0.671387, -0.244141,riding
B, 242035, -0.920898, -0.068604, -0.367188, 0.244141, 0.305176, -1.281738,riding
A, 628502, -0.976563, 0.221802, -0.005005, 0.061035, -0.732422, -0.366211,riding
B, 242055, -0.922363, -0.074707, -0.364380, 0.000000, 0.122070, -1.342773,riding
A, 628522, -0.976074, 0.222046, -0.001953, -0.549316, -0.854492, -0.488281,riding
B, 242075, -0.923828, -0.063599, -0.361938, -0.305176, -0.061035, -1.403809,riding
A, 628542, -0.977295, 0.216797, 0.004028, -0.122070, -1.037598, -0.732422,riding
B, 242095, -0.924072, -0.064575, -0.361450, 0.122070, -0.122070, -1.098633,riding
A, 628562, -0.979614, 0.209717, -0.001587, -0.183106, -1.037598, -0.793457,riding
B, 242115, -0.924438, -0.074951, -0.360352, -0.061035, -0.244141, -1.098633,riding
A, 628582, -0.978882, 0.208740, -0.000366, -0.488281, -1.037598, -0.793457,riding
B, 242135, -0.925537, -0.063965, -0.360352, -0.244141, -0.366211, -1.098633,riding
A, 628602, -0.978149, 0.205444, 0.008667, -0.244141, -1.220703, -0.976563,riding
B, 242155, -0.927734, -0.059570, -0.355835, 0.122070, -0.366211, -0.915528,riding
A, 628622, -0.981689, 0.192139, 0.013550, 0.122070, -1.220703, -0.915528,riding
B, 242175, -0.929321, -0.068359, -0.350708, 0.244141, -0.305176, -0.854492,riding
A, 628642, -0.982544, 0.187012, 0.011353, -0.427246, -1.037598, -0.732422,riding
B, 242195, -0.928101, -0.070313, -0.352539, -0.305176, -0.427246, -1.098633,riding
A, 628662, -0.979614, 0.205566, 0.007446, -0.976563, -1.037598, -0.610352,riding
B, 242215, -0.924194, -0.061890, -0.360596, -0.732422, -0.488281, -1.281738,riding
A, 628682, -0.973022, 0.236816, 0.011841, -1.586915, -0.976563, -0.610352,riding
B, 242235, -0.914917, -0.063477, -0.383789, -1.037598, -0.854492, -1.403809,riding
A, 628702, -0.965454, 0.279175, 0.000488, -0.610352, -1.098633, -1.464844,riding
B, 242255, -0.912842, -0.072021, -0.390015, -0.183106, -1.159668, -0.976563,riding
A, 628722, -0.966919, 0.272827, -0.003540, -0.366211, -1.159668, -1.892090,riding
B, 242275, -0.913818, -0.068726, -0.387939, -0.183106, -1.647950, -0.976563,riding
A, 628742, -0.964355, 0.281738, -0.003052, -0.732422, -1.220703, -2.502441,riding
B, 242295, -0.913452, -0.061035, -0.387573, -0.122070, -2.014160, -0.915528,riding
A, 628762, -0.967896, 0.261963, -0.011841, 0.976563, -1.708985, -3.173829,riding
B, 242315, -0.916748, -0.076782, -0.378784, 1.220703, -2.319336, -0.244141,riding
A, 628782, -0.973145, 0.242554, -0.014160, -0.244141, -1.586915, -3.234864,riding
B, 242335, -0.916016, -0.082764, -0.377319, 0.000000, -2.807618, -0.671387,riding
A, 628802, -0.969849, 0.250000, -0.005615, -0.427246, -1.708985, -3.601075,riding
B, 242355, -0.919312, -0.063110, -0.375244, 0.122070, -2.990724, -0.549316,riding
A, 628822, -0.974854, 0.225830, 0.006836, 0.854492, -2.075195, -4.028320,riding
B, 242375, -0.926758, -0.069336, -0.354980, 1.708985, -3.051759, 0.244141,riding
A, 628842, -0.983521, 0.184326, -0.013550, 1.953125, -2.258301, -4.211426,riding
B, 242395, -0.931274, -0.091675, -0.339600, 2.075195, -3.051759, 0.549316,riding
A, 628862, -0.990356, 0.151001, -0.040405, 1.586915, -2.380371, -3.845216,riding
B, 242415, -0.935547, -0.091553, -0.328613, 0.915528, -2.929688, 0.366211,riding
A, 628882, -0.990723, 0.139893, -0.010620, -0.244141, -2.624512, -3.234864,riding
B, 242435, -0.939941, -0.068115, -0.322876, 0.000000, -2.746582, 0.244141,riding
A, 628902, -0.991699, 0.139282, 0.018433, 0.549316, -2.746582, -3.051759,riding
B, 242455, -0.939453, -0.063232, -0.321045, 0.610352, -2.441406, 0.549316,riding
A, 628922, -0.993164, 0.130615, 0.021606, 0.793457, -2.624512, -2.807618,riding
B, 242475, -0.939941, -0.067871, -0.322266, 0.793457, -2.075195, 0.610352,riding
A, 628942, -0.993164, 0.126099, 0.012207, 0.427246, -2.563477, -2.258301,riding
B, 242495, -0.940674, -0.061523, -0.320801, 0.305176, -1.586915, 0.427246,riding
A, 628962, -0.993652, 0.129761, 0.005371, 0.244141, -2.624512, -1.892090,riding
B, 242515, -0.939087, -0.066895, -0.321899, 0.183106, -1.342773, 0.488281,riding
A, 628982, -0.991577, 0.141113, 0.003906, -0.183106, -2.624512, -1.403809,riding
B, 242535, -0.937012, -0.080811, -0.328125, -0.305176, -1.098633, 0.366211,riding
A, 629002, -0.988647, 0.161621, -0.010742, -0.366211, -2.502441, -1.220703,riding
B, 242555, -0.934326, -0.079834, -0.334351, -0.427246, -0.976563, 0.488281,riding
A, 629022, -0.985107, 0.178833, -0.031006, -0.305176, -2.807618, -1.220703,riding
B, 242575, -0.930054, -0.078735, -0.341187, -0.488281, -0.915528, 0.793457,riding
A, 629042, -0.983154, 0.197388, -0.053223, -0.549316, -3.417970, -1.342773,riding
B, 242595, -0.926880, -0.089600, -0.348877, -0.610352, -0.915528, 1.098633,riding
A, 629062, -0.984009, 0.193726, -0.051758, -0.549316, -3.784181, -1.403809,riding
B, 242615, -0.926514, -0.098633, -0.351074, -0.671387, -0.976563, 1.464844,riding
A, 629082, -0.985352, 0.177124, -0.047363, -0.427246, -4.150391, -1.464844,riding
B, 242635, -0.931519, -0.083130, -0.338257, -0.671387, -0.976563, 2.075195,riding
A, 629102, -0.987183, 0.166626, -0.039551, -0.671387, -4.577637, -1.220703,riding
B, 242655, -0.932007, -0.079468, -0.336670, -1.159668, -0.915528, 2.258301,riding
A, 629122, -0.984497, 0.176270, -0.018188, -1.464844, -4.760742, -0.915528,riding
B, 242675, -0.930054, -0.076172, -0.343506, -1.770020, -0.976563, 2.319336,riding
A, 629142, -0.980957, 0.193848, 0.005981, -1.403809, -4.821777, -1.098633,riding
B, 242695, -0.930298, -0.062744, -0.345825, -1.647950, -0.915528, 2.441406,riding
A, 629162, -0.981201, 0.189209, 0.021484, -0.976563, -4.882813, -1.159668,riding
B, 242715, -0.932983, -0.048096, -0.341675, -1.403809, -0.854492, 2.563477,riding
A, 629182, -0.982666, 0.183472, 0.027344, -0.976563, -4.943848, -1.159668,riding
B, 242735, -0.932129, -0.047119, -0.341919, -1.403809, -0.976563, 2.563477,riding
A, 629202, -0.981445, 0.188110, 0.039429, -1.647950, -4.821777, -1.037598,riding
B, 242755, -0.931152, -0.047363, -0.347412, -2.014160, -0.976563, 2.258301,riding
A, 629222, -0.976563, 0.208008, 0.056396, -1.342773, -4.516602, -1.159668,riding
B, 242775, -0.930298, -0.031494, -0.351929, -1.464844, -1.037598, 2.197266,riding
A, 629242, -0.977051, 0.205933, 0.067017, -0.976563, -4.394531, -1.281738,riding
B, 242795, -0.930908, -0.023682, -0.350708, -1.281738, -1.098633, 2.075195,riding
A, 629262, -0.976563, 0.204956, 0.073364, -0.732422, -4.272461, -1.464844,riding
B, 242815, -0.931274, -0.025635, -0.348755, -0.854492, -1.098633, 1.892090,riding
A, 629282, -0.978516, 0.196533, 0.077271, -0.488281, -4.028320, -1.525879,riding
B, 242835, -0.932739, -0.029541, -0.347290, -0.732422, -1.220703, 1.708985,riding
A, 629302, -0.977051, 0.198853, 0.076050, -1.037598, -3.601075, -1.525879,riding
B, 242855, -0.932007, -0.021973, -0.348267, -1.159668, -1.281738, 1.220703,riding
A, 629322, -0.974976, 0.201782, 0.099854, -2.014160, -3.234864, -1.586915,riding
B, 242875, -0.932617, -0.006836, -0.348633, -2.014160, -1.464844, 0.549316,riding
A, 629342, -0.974121, 0.206909, 0.113647, -1.525879, -2.807618, -1.831055,riding
B, 242895, -0.933228, -0.006104, -0.347412, -0.061035, -1.342773, 0.549316,riding
A, 629362, -0.978394, 0.186523, 0.114502, 0.549316, -2.624512, -2.014160,riding
B, 242915, -0.937256, -0.006470, -0.336426, 0.488281, -1.281738, 0.305176,riding
A, 629382, -0.982422, 0.161011, 0.122803, -0.061035, -2.014160, -1.892090,riding
B, 242935, -0.941650, 0.006714, -0.328491, -0.244141, -1.220703, -0.610352,riding
A, 629402, -0.983643, 0.151611, 0.143799, -0.183106, -1.281738, -1.586915,riding
B, 242955, -0.944336, 0.011108, -0.322754, 0.244141, -0.915528, -0.976563,riding
A, 629422, -0.987305, 0.130249, 0.160278, -0.122070, -0.488281, -1.281738,riding
B, 242975, -0.946167, 0.008301, -0.314331, 0.305176, -0.732422, -1.647950,riding
A, 629442, -0.987793, 0.123901, 0.151123, -0.122070, 0.366211, -1.159668,riding
B, 242995, -0.948608, 0.008789, -0.311035, 0.366211, -0.244141, -2.380371,riding
A, 629462, -0.991577, 0.107178, 0.128052, 0.549316, 0.854492, -0.549316,riding
B, 243015, -0.949463, 0.005005, -0.306519, 1.037598, 0.122070, -2.746582,riding
A, 629482, -0.995239, 0.091064, 0.115234, 0.183106, 1.342773, -0.122070,riding
B, 243035, -0.950439, -0.013062, -0.301392, 0.854492, 0.854492, -3.540040,riding
A, 629502, -0.996460, 0.088623, 0.104004, 0.244141, 1.892090, 0.610352,riding
B, 243055, -0.952759, -0.024414, -0.300537, 0.854492, 1.525879, -3.967286,riding
A, 629522, -0.998901, 0.084351, 0.079834, 0.122070, 2.380371, 1.220703,riding
B, 243075, -0.952393, -0.030884, -0.297241, 0.793457, 2.075195, -4.272461,riding
A, 629542, -0.998291, 0.087646, 0.041138, 0.305176, 2.441406, 1.831055,riding
B, 243095, -0.949707, -0.048218, -0.299561, 0.854492, 2.624512, -4.272461,riding
A, 629562, -0.998413, 0.097534, 0.013428, 0.000000, 2.441406, 2.380371,riding
B, 243115, -0.947021, -0.063477, -0.305786, 0.366211, 3.112794, -4.394531,riding
A, 629582, -0.997070, 0.107544, -0.002319, 0.122070, 2.258301, 3.112794,riding
B, 243135, -0.945313, -0.067749, -0.309570, 0.488281, 3.601075, -4.150391,riding
A, 629602, -0.994995, 0.110596, -0.012085, 0.061035, 2.014160, 3.601075,riding
B, 243155, -0.942627, -0.068604, -0.315063, 0.366211, 4.272461, -3.845216,riding
A, 629622, -0.992920, 0.126221, -0.024292, -0.122070, 1.770020, 4.150391,riding
B, 243175, -0.936523, -0.078491, -0.327026, 0.244141, 4.638672, -3.601075,riding
A, 629642, -0.990601, 0.148438, -0.039917, 0.061035, 1.464844, 4.577637,riding
B, 243195, -0.932251, -0.090576, -0.336548, 0.244141, 4.943848, -3.173829,riding
A, 629662, -0.986694, 0.164307, -0.056396, 0.183106, 1.037598, 4.638672,riding
B, 243215, -0.930176, -0.093628, -0.339355, 0.122070, 5.126953, -2.868653,riding
A, 629682, -0.985107, 0.171021, -0.040771, -1.098633, 0.793457, 5.004883,riding
B, 243235, -0.929077, -0.083008, -0.344238, -1.525879, 5.126953, -3.112794,riding
A, 629702, -0.977661, 0.209106, -0.021240, -2.868653, 0.793457, 5.187988,riding
B, 243255, -0.922119, -0.077148, -0.362549, -2.563477, 4.943848, -3.112794,riding
A, 629722, -0.969116, 0.251953, -0.012329, -2.502441, 0.610352, 4.943848,riding
B, 243275, -0.913574, -0.075684, -0.383667, -2.380371, 4.699707, -2.868653,riding
A, 629742, -0.957397, 0.316284, -0.010132, -3.173829, 0.549316, 4.211426,riding
B, 243295, -0.902466, -0.062500, -0.417114, -2.807618, 3.906251, -2.868653,riding
A, 629762, -0.951538, 0.351440, -0.013428, -2.136230, 0.122070, 3.417970,riding
B, 243315, -0.894775, -0.063477, -0.432983, -1.831055, 3.234864, -2.380371,riding
A, 629782, -0.948853, 0.365112, -0.008179, -1.586915, -0.183106, 2.380371,riding
B, 243335, -0.894287, -0.066162, -0.437134, -1.281738, 2.502441, -2.075195,riding
A, 629802, -0.948730, 0.368042, -0.002686, -0.732422, -0.366211, 1.525879,riding
B, 243355, -0.895386, -0.062500, -0.436157, -0.549316, 1.586915, -1.770020,riding
A, 629822, -0.947266, 0.369385, 0.007690, -1.037598, -0.427246, 0.488281,riding
B, 243375, -0.896118, -0.054321, -0.434082, -0.854492, 0.732422, -1.831055,riding
A, 629842, -0.946777, 0.374146, 0.012085, -0.915528, -0.488281, -0.549316,riding
B, 243395, -0.896118, -0.053833, -0.434326, -0.366211, -0.122070, -1.647950,riding
A, 629862, -0.949097, 0.362915, 0.017090, -0.183106, -0.610352, -1.586915,riding
B, 243415, -0.896118, -0.059570, -0.434326, 0.183106, -0.976563, -1.586915,riding
A, 629882, -0.951782, 0.352051, 0.023682, -0.427246, -0.488281, -2.380371,riding
B, 243435, -0.899902, -0.047607, -0.428589, 0.671387, -2.136230, -1.525879,riding
A, 629902, -0.954468, 0.330933, 0.017090, 0.915528, -0.732422, -3.295899,riding
B, 243455, -0.904541, -0.053345, -0.414429, 1.586915, -2.685547, -1.220703,riding
A, 629922, -0.963989, 0.285522, 0.013428, 0.305176, -0.610352, -3.906251,riding
B, 243475, -0.908569, -0.061768, -0.401855, 0.915528, -3.234864, -1.525879,riding
A, 629942, -0.964966, 0.278076, 0.009277, 0.427246, -0.610352, -4.333496,riding
B, 243495, -0.912354, -0.063843, -0.392700, 1.098633, -3.601075, -1.464844,riding
A, 629962, -0.968384, 0.258789, 0.002686, 0.854492, -0.671387, -4.760742,riding
B, 243515, -0.915161, -0.064453, -0.382690, 1.464844, -3.967286, -1.342773,riding
A, 629982, -0.971924, 0.242310, -0.005127, 0.732422, -0.793457, -5.126953,riding
B, 243535, -0.918091, -0.067383, -0.375366, 1.342773, -4.211426, -1.281738,riding
A, 630002, -0.977173, 0.221802, -0.013428, 0.976563, -1.037598, -5.187988,riding
B, 243555, -0.920654, -0.081909, -0.369019, 1.464844, -4.394531, -1.037598,riding
A, 630022, -0.979492, 0.207397, -0.029053, 0.610352, -1.098633, -5.126953,riding
B, 243575, -0.921387, -0.087036, -0.365723, 1.281738, -4.455566, -0.854492,riding
A, 630042, -0.980957, 0.203247, -0.051514, 0.976563, -1.525879, -5.187988,riding
B, 243595, -0.925293, -0.088135, -0.354736, 1.708985, -4.333496, -0.305176,riding
A, 630062, -0.985962, 0.177856, -0.048218, 1.281738, -2.014160, -5.126953,riding
B, 243615, -0.930054, -0.090942, -0.341309, 1.403809, -4.333496, -0.061035,riding
A, 630082, -0.987671, 0.161987, -0.032349, 0.488281, -2.197266, -4.943848,riding
B, 243635, -0.934082, -0.089111, -0.334229, 0.915528, -4.150391, 0.000000,riding
A, 630102, -0.989868, 0.151001, -0.008911, -0.061035, -2.197266, -4.638672,riding
B, 243655, -0.936401, -0.077148, -0.331543, 0.427246, -3.906251, 0.000000,riding
A, 630122, -0.989868, 0.146362, -0.001099, 0.122070, -2.441406, -4.211426,riding
B, 243675, -0.936401, -0.066528, -0.332153, 0.427246, -3.662110, 0.183106,riding
A, 630142, -0.990845, 0.141113, 0.005371, 0.183106, -2.502441, -3.967286,riding
B, 243695, -0.935059, -0.071167, -0.333374, 0.427246, -3.295899, 0.305176,riding
A, 630162, -0.991455, 0.144043, -0.003296, 0.183106, -2.502441, -3.540040,riding
B, 243715, -0.936279, -0.077026, -0.331055, 0.488281, -2.929688, 0.488281,riding
A, 630182, -0.992188, 0.137451, -0.027954, 0.732422, -2.685547, -3.295899,riding
B, 243735, -0.938965, -0.082275, -0.322388, 0.915528, -2.563477, 0.915528,riding
A, 630202, -0.995972, 0.121582, -0.042358, 0.610352, -3.112794, -2.990724,riding
B, 243755, -0.941650, -0.087891, -0.312012, 0.488281, -2.197266, 1.098633,riding
A, 630222, -0.998291, 0.109009, -0.039185, 0.000000, -3.417970, -2.502441,riding
B, 243775, -0.944214, -0.090454, -0.307373, -0.183106, -1.770020, 1.159668,riding
A, 630242, -0.998535, 0.103149, -0.021729, -0.671387, -3.479005, -1.953125,riding
B, 243795, -0.945313, -0.082275, -0.307983, -0.793457, -1.464844, 1.220703,riding
A, 630262, -0.998657, 0.100098, -0.001587, -1.098633, -3.662110, -1.220703,riding
B, 243815, -0.945801, -0.065796, -0.308716, -1.159668, -0.671387, 1.281738,riding
A, 630282, -0.999634, 0.094604, 0.032227, -1.220703, -3.601075, -0.549316,riding
B, 243835, -0.946899, -0.052368, -0.309204, -1.281738, -0.061035, 1.220703,riding
A, 630302, -0.996948, 0.100830, 0.043945, -0.976563, -3.479005, 0.183106,riding
B, 243855, -0.946045, -0.051025, -0.311890, -1.159668, 0.366211, 1.098633,riding
A, 630322, -0.995361, 0.112427, 0.050781, -1.159668, -3.173829, 0.671387,riding
B, 243875, -0.945435, -0.042847, -0.314331, -1.403809, 0.854492, 0.854492,riding
A, 630342, -0.990845, 0.132324, 0.055786, -1.098633, -2.990724, 1.098633,riding
B, 243895, -0.944214, -0.037231, -0.318848, -1.220703, 1.220703, 0.732422,riding
A, 630362, -0.989136, 0.143066, 0.052368, -0.732422, -2.868653, 1.281738,riding
B, 243915, -0.941406, -0.042725, -0.323120, -0.915528, 1.586915, 0.671387,riding
A, 630382, -0.988892, 0.145508, 0.041138, -0.549316, -2.746582, 1.464844,riding
B, 243935, -0.937988, -0.050537, -0.328125, -0.854492, 1.892090, 0.610352,riding
A, 630402, -0.988281, 0.149292, 0.033813, -0.610352, -2.624512, 1.770020,riding
B, 243955, -0.937012, -0.042358, -0.335449, -0.976563, 2.319336, 0.366211,riding
A, 630422, -0.985840, 0.157715, 0.046387, -0.732422, -2.624512, 2.136230,riding
B, 243975, -0.935425, -0.034546, -0.341797, -1.098633, 2.441406, 0.183106,riding
A, 630442, -0.981323, 0.179077, 0.061523, 0.183106, -2.319336, 2.380371,riding
B, 243995, -0.931396, -0.039673, -0.347290, -0.122070, 2.624512, 0.366211,riding
A, 630462, -0.980103, 0.188354, 0.055908, -1.220703, -1.831055, 2.441406,riding
B, 244015, -0.930542, -0.040283, -0.350830, -1.220703, 2.746582, -0.244141,riding
A, 630482, -0.975464, 0.211914, 0.044189, -0.549316, -1.892090, 2.563477,riding
B, 244035, -0.928223, -0.037476, -0.356812, -0.671387, 2.685547, -0.183106,riding
A, 630502, -0.972900, 0.226074, 0.058228, -1.098633, -1.647950, 2.380371,riding
B, 244055, -0.923584, -0.035156, -0.366821, -1.098633, 2.502441, -0.610352,riding
A, 630522, -0.969116, 0.251099, 0.065063, -0.671387, -1.403809, 2.075195,riding
B, 244075, -0.920654, -0.035400, -0.377930, -0.732422, 2.380371, -0.671387,riding
A, 630542, -0.966797, 0.258667, 0.053467, -0.427246, -1.159668, 1.831055,riding
B, 244095, -0.916138, -0.039185, -0.390137, -0.732422, 1.953125, -0.976563,riding
A, 630562, -0.965210, 0.268799, 0.034302, -0.915528, -1.037598, 1.403809,riding
B, 244115, -0.911255, -0.040039, -0.393677, -0.610352, 1.525879, -1.037598,riding
A, 630582, -0.963989, 0.282471, 0.029785, -0.854492, -1.098633, 1.159668,riding
B, 244135, -0.909790, -0.048950, -0.399780, -0.793457, 1.098633, -1.220703,riding
A, 630602, -0.960205, 0.302002, 0.032715, -0.854492, -0.976563, 0.549316,riding
B, 244155, -0.907837, -0.047119, -0.403809, -0.427246, 0.549316, -1.159668,riding
A, 630622, -0.957520, 0.314209, 0.031738, -0.488281, -0.915528, -0.488281,riding
B, 244175, -0.907837, -0.041748, -0.406616, -0.244141, 0.000000, -1.220703,riding
A, 630642, -0.960083, 0.308228, 0.014282, 0.122070, -1.037598, -1.281738,riding
B, 244195, -0.908447, -0.048218, -0.406982, 0.244141, -0.488281, -1.037598,riding
A, 630662, -0.965088, 0.288452, -0.000854, -0.122070, -1.159668, -1.708985,riding
B, 244215, -0.909058, -0.067383, -0.400391, 0.061035, -1.342773, -1.037598,riding
A, 630682, -0.963867, 0.286255, -0.005493, -0.366211, -1.220703, -2.197266,riding
B, 244235, -0.909302, -0.061157, -0.399292, 0.000000, -1.770020, -0.915528,riding
A, 630702, -0.964233, 0.284668, 0.004517, -0.305176, -1.403809, -2.624512,riding
B, 244255, -0.912109, -0.052002, -0.396851, 0.183106, -2.258301, -0.793457,riding
A, 630722, -0.965576, 0.273926, 0.016235, 0.061035, -1.525879, -3.112794,riding
B, 244275, -0.913696, -0.054199, -0.389038, 0.549316, -2.563477, -0.610352,riding
A, 630742, -0.969604, 0.256958, 0.011597, 0.122070, -1.586915, -3.417970,riding
B, 244295, -0.915161, -0.063721, -0.382568, 0.366211, -2.929688, -0.610352,riding
A, 630762, -0.969482, 0.255371, -0.000488, -0.427246, -1.525879, -3.662110,riding
B, 244315, -0.915894, -0.060791, -0.383423, -0.061035, -3.356935, -0.671387,riding
A, 630782, -0.967773, 0.263062, -0.006226, -0.366211, -1.770020, -3.967286,riding
B, 244335, -0.914917, -0.059204, -0.386719, 0.122070, -3.662110, -0.488281,riding
A, 630802, -0.969482, 0.256958, 0.005005, -0.061035, -2.014160, -4.638672,riding
B, 244355, -0.915771, -0.062622, -0.383179, 0.305176, -4.150391, -0.244141,riding
A, 630822, -0.970093, 0.252441, 0.006714, -0.122070, -2.136230, -4.943848,riding
B, 244375, -0.917358, -0.058228, -0.379395, 0.244141, -4.455566, -0.183106,riding
A, 630842, -0.971680, 0.241089, 0.011108, -0.305176, -2.136230, -5.187988,riding
B, 244395, -0.920166, -0.052246, -0.372803, 0.183106, -4.699707, -0.122070,riding
A, 630862, -0.972290, 0.235229, 0.016724, -0.366211, -2.258301, -5.432129,riding
B, 244415, -0.922729, -0.053101, -0.368042, 0.244141, -4.882813, -0.061035,riding
A, 630882, -0.973145, 0.227661, 0.017212, -0.061035, -2.258301, -5.676271,riding
B, 244435, -0.922729, -0.058716, -0.364746, 0.427246, -5.126953, 0.061035,riding
A, 630902, -0.975098, 0.220703, 0.010620, -0.061035, -2.258301, -5.798342,riding
B, 244455, -0.923828, -0.057495, -0.361938, 0.366211, -5.371094, 0.061035,riding
A, 630922, -0.974487, 0.223022, 0.014160, -0.244141, -2.380371, -5.981447,riding
B, 244475, -0.924805, -0.049072, -0.361938, 0.244141, -5.554201, 0.122070,riding
A, 630942, -0.976685, 0.212646, 0.026123, 0.122070, -2.563477, -6.286623,riding
B, 244495, -0.930176, -0.050293, -0.348999, 0.793457, -5.554201, 0.244141,riding
A, 630962, -0.980469, 0.184937, 0.022705, 0.427246, -2.441406, -6.286623,riding
B, 244515, -0.932861, -0.056396, -0.335571, 0.854492, -5.615236, 0.305176,riding
A, 630982, -0.986694, 0.152954, 0.009155, 0.122070, -2.502441, -6.164553,riding
B, 244535, -0.937866, -0.057129, -0.324951, 0.549316, -5.432129, 0.244141,riding
A, 631002, -0.987427, 0.146851, 0.016235, -0.366211, -2.563477, -5.859377,riding
B, 244555, -0.940430, -0.050781, -0.320923, 0.244141, -5.371094, 0.183106,riding
A, 631022, -0.989990, 0.132202, 0.032227, 0.427246, -2.685547, -5.859377,riding
B, 244575, -0.942627, -0.049561, -0.315796, 0.854492, -4.943848, 0.488281,riding
A, 631042, -0.995483, 0.107422, 0.033203, 0.427246, -2.563477, -5.371094,riding
B, 244595, -0.946167, -0.053467, -0.307007, 0.671387, -4.638672, 0.427246,riding
A, 631062, -0.996826, 0.093506, 0.024292, -0.061035, -2.502441, -4.760742,riding
B, 244615, -0.950439, -0.046387, -0.297607, 0.183106, -3.967286, 0.244141,riding
A, 631082, -0.998291, 0.084839, 0.028198, -0.244141, -2.563477, -4.211426,riding
B, 244635, -0.952759, -0.047363, -0.290161, 0.000000, -3.479005, 0.183106,riding
A, 631102, -0.999756, 0.079834, 0.046387, -0.488281, -2.502441, -3.723145,riding
B, 244655, -0.955322, -0.045166, -0.286133, 0.061035, -2.868653, 0.122070,riding
A, 631122, -1.001343, 0.075439, 0.056763, -0.183106, -2.319336, -3.112794,riding
B, 244675, -0.955688, -0.037842, -0.284058, -0.122070, -2.380371, -0.122070,riding
A, 631142, -1.000122, 0.075806, 0.061646, -0.305176, -2.014160, -2.319336,riding
B, 244695, -0.955200, -0.029785, -0.287354, -0.061035, -1.831055, -0.183106,riding
A, 631162, -1.001587, 0.068970, 0.064331, 0.000000, -1.892090, -1.647950,riding
B, 244715, -0.955811, -0.035278, -0.287720, 0.183106, -1.220703, -0.305176,riding
A, 631182, -1.001953, 0.066650, 0.071777, -0.610352, -1.525879, -0.976563,riding
B, 244735, -0.956543, -0.036255, -0.286255, -0.244141, -0.610352, -0.610352,riding
A, 631202, -1.000122, 0.078003, 0.077881, -0.671387, -1.159668, -0.244141,riding
B, 244755, -0.953857, -0.025146, -0.288940, -0.305176, 0.244141, -1.037598,riding
A, 631222, -0.997559, 0.091064, 0.073486, -0.366211, -0.976563, 0.244141,riding
B, 244775, -0.953369, -0.029541, -0.293213, -0.122070, 0.732422, -1.159668,riding
A, 631242, -0.995972, 0.098022, 0.067993, -0.183106, -0.793457, 0.549316,riding
B, 244795, -0.951294, -0.035522, -0.295044, 0.000000, 1.220703, -1.342773,riding
A, 631262, -0.995605, 0.101563, 0.070435, -0.549316, -0.427246, 1.098633,riding
B, 244815, -0.950073, -0.032349, -0.300049, -0.549316, 1.586915, -1.831055,riding
A, 631282, -0.993896, 0.110107, 0.067261, -0.549316, -0.183106, 1.403809,riding
B, 244835, -0.948364, -0.028442, -0.302002, -0.061035, 2.014160, -1.770020,riding
A, 631302, -0.994873, 0.107544, 0.056763, -0.122070, -0.061035, 1.831055,riding
B, 244855, -0.947388, -0.040405, -0.305298, -0.061035, 2.441406, -1.953125,riding
A, 631322, -0.991943, 0.120972, 0.043579, -0.793457, 0.244141, 2.624512,riding
B, 244875, -0.944214, -0.043579, -0.312988, -0.610352, 2.868653, -2.319336,riding
A, 631342, -0.989380, 0.136353, 0.043945, -0.732422, 0.305176, 2.746582,riding
B, 244895, -0.943237, -0.039551, -0.316040, -0.427246, 3.234864, -2.319336,riding
A, 631362, -0.989502, 0.142700, 0.034180, -0.488281, 0.366211, 2.990724,riding
B, 244915, -0.941284, -0.049072, -0.319824, -0.366211, 3.417970, -2.319336,riding
A, 631382, -0.987793, 0.151367, 0.020874, -0.610352, 0.366211, 3.112794,riding
B, 244935, -0.938232, -0.057007, -0.326050, -0.488281, 3.601075, -2.380371,riding
A, 631402, -0.985229, 0.165039, 0.014648, -0.854492, 0.427246, 3.417970,riding
B, 244955, -0.934326, -0.056885, -0.334595, -0.732422, 3.662110, -2.441406,riding
A, 631422, -0.982056, 0.184082, 0.006104, -0.671387, 0.244141, 3.417970,riding
B, 244975, -0.930176, -0.056763, -0.344482, -0.549316, 3.723145, -2.258301,riding
A, 631442, -0.979248, 0.197388, 0.002197, -0.549316, 0.122070, 3.295899,riding
B, 244995, -0.928955, -0.063110, -0.350586, -0.488281, 3.723145, -2.136230,riding
A, 631462, -0.979492, 0.203003, -0.006226, -0.427246, -0.061035, 3.356935,riding
B, 245015, -0.925781, -0.069336, -0.354980, -0.671387, 3.540040, -1.953125,riding
A, 631482, -0.978271, 0.212646, -0.009399, -0.915528, -0.183106, 3.173829,riding
B, 245035, -0.924927, -0.064819, -0.359009, -0.732422, 3.417970, -1.770020,riding
A, 631502, -0.974976, 0.230225, -0.009033, -1.037598, -0.488281, 2.990724,riding
B, 245055, -0.922607, -0.066650, -0.364380, -0.915528, 3.234864, -1.647950,riding
A, 631522, -0.971680, 0.246216, -0.001465, -1.037598, -0.610352, 2.746582,riding
B, 245075, -0.918335, -0.065918, -0.374512, -0.915528, 2.868653, -1.525879,riding
A, 631542, -0.967529, 0.262207, 0.008179, -0.976563, -0.671387, 2.258301,riding
B, 245095, -0.915649, -0.057495, -0.383179, -0.854492, 2.563477, -1.464844,riding
A, 631562, -0.966797, 0.270142, 0.013306, -0.549316, -0.854492, 1.892090,riding
B, 245115, -0.913940, -0.053345, -0.388062, -0.488281, 2.136230, -1.281738,riding
A, 631582, -0.964355, 0.280151, 0.021973, -1.220703, -0.732422, 1.525879,riding
B, 245135, -0.912231, -0.052979, -0.392822, -1.037598, 1.647950, -1.403809,riding
A, 631602, -0.960205, 0.306274, 0.028198, -1.220703, -0.732422, 1.037598,riding
B, 245155, -0.908691, -0.046509, -0.404175, -0.854492, 0.793457, -1.525879,riding
A, 631622, -0.955200, 0.324829, 0.036133, -0.854492, -0.671387, 0.183106,riding
B, 245175, -0.907104, -0.039429, -0.408325, -0.244141, 0.122070, -1.464844,riding
A, 631642, -0.955200, 0.327881, 0.042603, -0.549316, -0.610352, -0.671387,riding
B, 245195, -0.906982, -0.040649, -0.408447, -0.061035, -0.549316, -1.586915,riding
A, 631662, -0.956543, 0.315308, 0.039307, -0.061035, -0.488281, -1.892090,riding
B, 245215, -0.907959, -0.045166, -0.406494, 0.305176, -1.220703, -1.586915,riding
A, 631682, -0.961182, 0.295898, 0.030029, 0.000000, -0.427246, -2.563477,riding
B, 245235, -0.910400, -0.046265, -0.399780, 0.488281, -1.770020, -1.647950,riding
A, 631702, -0.966675, 0.269409, 0.016357, 0.610352, -0.488281, -3.112794,riding
B, 245255, -0.913696, -0.050781, -0.388916, 0.976563, -2.197266, -1.525879,riding
A, 631722, -0.971191, 0.244873, 0.012695, 0.488281, -0.671387, -3.356935,riding
B, 245275, -0.920044, -0.058960, -0.373169, 0.854492, -2.685547, -1.586915,riding
A, 631742, -0.974121, 0.230347, 0.018188, 0.366211, -0.610352, -3.601075,riding
B, 245295, -0.923950, -0.055908, -0.363525, 1.098633, -2.868653, -1.525879,riding
A, 631762, -0.978149, 0.209961, 0.017212, 0.793457, -0.610352, -3.784181,riding
B, 245315, -0.927612, -0.060669, -0.353271, 1.342773, -2.929688, -1.342773,riding
A, 631782, -0.981812, 0.190918, 0.000000, 0.854492, -0.671387, -3.784181,riding
B, 245335, -0.929199, -0.067871, -0.348389, 1.220703, -2.990724, -1.342773,riding
A, 631802, -0.983765, 0.181885, -0.003662, 0.244141, -0.793457, -3.662110,riding
B, 245355, -0.930664, -0.067261, -0.347168, 0.671387, -2.990724, -1.464844,riding
A, 631822, -0.983887, 0.180664, 0.004761, 0.122070, -0.854492, -3.540040,riding
B, 245375, -0.930908, -0.063477, -0.343750, 0.854492, -2.929688, -1.281738,riding
A, 631842, -0.984619, 0.171997, 0.008179, 0.305176, -0.915528, -3.417970,riding
B, 245395, -0.932495, -0.063354, -0.340454, 0.793457, -2.746582, -1.220703,riding
A, 631862, -0.986694, 0.162109, -0.002075, 0.732422, -1.037598, -3.295899,riding
B, 245415, -0.935547, -0.068970, -0.332520, 1.159668, -2.563477, -0.915528,riding
A, 631882, -0.988525, 0.153931, -0.001343, 0.061035, -1.037598, -3.051759,riding
B, 245435, -0.936523, -0.069946, -0.330811, 0.366211, -2.441406, -1.098633,riding
A, 631902, -0.987915, 0.160278, -0.002075, -0.122070, -1.159668, -2.807618,riding
B, 245455, -0.936157, -0.068726, -0.331787, 0.427246, -2.258301, -0.976563,riding
A, 631922, -0.989624, 0.153931, -0.010498, 0.427246, -1.342773, -2.746582,riding
B, 245475, -0.936768, -0.075073, -0.328369, 0.793457, -2.075195, -0.671387,riding
A, 631942, -0.992676, 0.141235, -0.020996, 0.305176, -1.525879, -2.502441,riding
B, 245495, -0.937866, -0.079224, -0.324219, 0.427246, -1.770020, -0.610352,riding
A, 631962, -0.992798, 0.136108, -0.029785, 0.000000, -1.770020, -2.136230,riding
B, 245515, -0.938599, -0.081543, -0.322510, 0.244141, -1.586915, -0.305176,riding
A, 631982, -0.993164, 0.131104, -0.031616, 0.000000, -2.075195, -1.831055,riding
B, 245535, -0.939697, -0.083618, -0.319336, -0.183106, -1.098633, -0.061035,riding
A, 632002, -0.994507, 0.128784, -0.023926, -0.610352, -2.197266, -1.403809,riding
B, 245555, -0.940552, -0.075684, -0.318604, -0.610352, -0.854492, 0.061035,riding
A, 632022, -0.992798, 0.133423, -0.016602, -0.366211, -2.563477, -0.976563,riding
B, 245575, -0.939575, -0.075439, -0.320557, -0.366211, -0.549316, 0.366211,riding
A, 632042, -0.993042, 0.137451, -0.016235, -0.915528, -2.685547, -0.610352,riding
B, 245595, -0.938965, -0.077759, -0.323242, -0.915528, -0.305176, 0.366211,riding
A, 632062, -0.990601, 0.145264, -0.013062, -0.854492, -2.868653, -0.366211,riding
B, 245615, -0.937622, -0.072021, -0.326782, -0.854492, -0.122070, 0.671387,riding
A, 632082, -0.990356, 0.143921, -0.000122, -0.793457, -3.051759, -0.122070,riding
B, 245635, -0.938354, -0.067139, -0.326660, -0.976563, 0.183106, 0.793457,riding
A, 632102, -0.987793, 0.152954, 0.011963, -1.159668, -3.051759, 0.122070,riding
B, 245655, -0.938354, -0.060303, -0.328613, -1.220703, 0.366211, 0.732422,riding
A, 632122, -0.987915, 0.155151, 0.021484, -0.915528, -3.051759, 0.366211,riding
B, 245675, -0.935913, -0.057739, -0.332153, -1.281738, 0.610352, 0.793457,riding
A, 632142, -0.986450, 0.165894, 0.023804, -1.342773, -2.990724, 0.488281,riding
B, 245695, -0.936035, -0.051880, -0.336792, -1.403809, 0.732422, 0.732422,riding
A, 632162, -0.983765, 0.175415, 0.028687, -1.098633, -2.990724, 0.549316,riding
B, 245715, -0.932861, -0.049316, -0.341797, -1.098633, 0.854492, 0.793457,riding
A, 632182, -0.982666, 0.182129, 0.031494, -0.915528, -2.990724, 0.671387,riding
B, 245735, -0.931396, -0.049805, -0.346924, -1.281738, 0.854492, 0.671387,riding
A, 632202, -0.977661, 0.205688, 0.040527, -1.220703, -2.807618, 0.671387,riding
B, 245755, -0.928955, -0.043579, -0.353027, -1.342773, 0.793457, 0.549316,riding
A, 632222, -0.977539, 0.211548, 0.048340, -0.793457, -2.746582, 0.427246,riding
B, 245775, -0.928833, -0.039307, -0.354858, -0.915528, 0.793457, 0.549316,riding
A, 632242, -0.977417, 0.207153, 0.046753, -0.366211, -2.685547, 0.244141,riding
B, 245795, -0.928589, -0.039795, -0.352661, -0.610352, 0.732422, 0.488281,riding
A, 632262, -0.979370, 0.195557, 0.054321, -0.610352, -2.502441, 0.183106,riding
B, 245815, -0.930542, -0.037964, -0.349731, -0.915528, 0.610352, 0.122070,riding
A, 632282, -0.978882, 0.199585, 0.055542, -0.793457, -2.197266, 0.244141,riding
B, 245835, -0.930298, -0.035278, -0.352905, -0.610352, 0.610352, 0.061035,riding
A, 632302, -0.978027, 0.199707, 0.054688, -0.549316, -2.197266, 0.244141,riding
B, 245855, -0.929077, -0.035889, -0.354858, -0.671387, 0.549316, -0.183106,riding
A, 632322, -0.976318, 0.208496, 0.064575, -1.098633, -1.892090, 0.305176,riding
B, 245875, -0.927612, -0.028931, -0.359375, -0.915528, 0.427246, -0.488281,riding
A, 632342, -0.974854, 0.220825, 0.075806, -0.732422, -1.586915, 0.061035,riding
B, 245895, -0.927734, -0.025269, -0.358887, -0.366211, 0.427246, -0.549316,riding
A, 632362, -0.975342, 0.214600, 0.068726, -0.244141, -1.281738, -0.183106,riding
B, 245915, -0.928467, -0.030762, -0.357300, -0.061035, 0.305176, -0.732422,riding
A, 632382, -0.973267, 0.223389, 0.068726, -0.732422, -0.976563, -0.305176,riding
B, 245935, -0.925415, -0.026123, -0.364136, -0.366211, 0.000000, -1.281738,riding
A, 632402, -0.971313, 0.234131, 0.082642, -0.549316, -0.732422, -0.549316,riding
B, 245955, -0.925049, -0.021484, -0.369019, -0.122070, -0.122070, -1.586915,riding
A, 632422, -0.969971, 0.237061, 0.088013, -0.244141, -0.366211, -0.793457,riding
B, 245975, -0.923462, -0.023438, -0.369263, 0.244141, -0.305176, -1.831055,riding
A, 632442, -0.971313, 0.235962, 0.081177, -0.122070, 0.000000, -0.976563,riding
B, 245995, -0.922852, -0.026611, -0.369751, 0.244141, -0.610352, -2.197266,riding
A, 632462, -0.970215, 0.244385, 0.074951, -0.366211, 0.366211, -1.220703,riding
B, 246015, -0.922241, -0.024780, -0.372803, 0.244141, -0.854492, -2.502441,riding
A, 632482, -0.967773, 0.252197, 0.078491, -0.122070, 0.549316, -1.586915,riding
B, 246035, -0.922241, -0.023560, -0.375610, 0.610352, -1.098633, -2.746582,riding
A, 632502, -0.968750, 0.250244, 0.078125, 0.305176, 0.854492, -1.953125,riding
B, 246055, -0.921875, -0.028687, -0.374390, 0.976563, -1.403809, -2.929688,riding
A, 632522, -0.969482, 0.247070, 0.059937, 0.549316, 1.159668, -2.502441,riding
B, 246075, -0.925293, -0.036865, -0.364868, 1.831055, -1.647950, -2.929688,riding
A, 632542, -0.978149, 0.201904, 0.030273, 1.403809, 1.098633, -2.807618,riding
B, 246095, -0.929810, -0.049927, -0.351929, 1.953125, -1.770020, -3.051759,riding
A, 632562, -0.983276, 0.178345, 0.016479, 1.159668, 1.098633, -2.746582,riding
B, 246115, -0.932617, -0.059326, -0.342773, 2.014160, -1.708985, -2.990724,riding
A, 632582, -0.987793, 0.160767, 0.011475, 1.220703, 1.098633, -2.441406,riding
B, 246135, -0.933960, -0.065552, -0.337280, 1.831055, -1.647950, -3.051759,riding
A, 632602, -0.987427, 0.157471, -0.001831, 0.976563, 1.098633, -2.319336,riding
B, 246155, -0.935791, -0.064087, -0.333374, 1.770020, -1.403809, -2.990724,riding
A, 632622, -0.991455, 0.136353, -0.011108, 1.953125, 0.732422, -2.136230,riding
B, 246175, -0.939331, -0.071045, -0.324097, 2.502441, -1.098633, -2.502441,riding
A, 632642, -0.995117, 0.121338, -0.016724, 1.281738, 0.671387, -1.647950,riding
B, 246195, -0.940552, -0.085327, -0.317505, 1.647950, -0.610352, -2.502441,riding
A, 632662, -0.995728, 0.118408, -0.026367, 0.915528, 0.549316, -1.159668,riding
B, 246215, -0.940918, -0.086548, -0.316162, 0.976563, -0.305176, -2.441406,riding
A, 632682, -0.995239, 0.122437, -0.024414, -0.244141, 0.488281, -0.610352,riding
B, 246235, -0.938232, -0.079834, -0.323242, -0.183106, -0.122070, -2.685547,riding
A, 632702, -0.991211, 0.148560, -0.026123, -0.976563, 0.366211, -0.305176,riding
B, 246255, -0.934937, -0.081909, -0.332520, -0.122070, 0.183106, -2.380371,riding
A, 632722, -0.989258, 0.157104, -0.043457, 0.305176, -0.183106, -0.244141,riding
B, 246275, -0.933716, -0.092407, -0.334717, 0.610352, 0.488281, -1.770020,riding
A, 632742, -0.991333, 0.146729, -0.052979, -0.122070, -0.488281, 0.183106,riding
B, 246295, -0.933716, -0.096680, -0.331055, 0.183106, 0.610352, -1.586915,riding
A, 632762, -0.990234, 0.154053, -0.058228, -0.671387, -0.854492, 0.549316,riding
B, 246315, -0.932495, -0.096069, -0.333740, -0.366211, 0.793457, -1.403809,riding
A, 632782, -0.987549, 0.170044, -0.051147, -1.159668, -1.159668, 0.732422,riding
B, 246335, -0.929932, -0.095215, -0.341919, -1.098633, 0.976563, -0.976563,riding
A, 632802, -0.985962, 0.183105, -0.043823, -1.098633, -1.464844, 0.732422,riding
B, 246355, -0.928955, -0.090210, -0.345459, -0.854492, 1.037598, -0.610352,riding
A, 632822, -0.984131, 0.187134, -0.037598, -0.854492, -1.892090, 0.671387,riding
B, 246375, -0.929077, -0.083130, -0.347168, -0.976563, 1.098633, -0.305176,riding
A, 632842, -0.982788, 0.187866, -0.018433, -1.342773, -2.014160, 0.854492,riding
B, 246395, -0.928589, -0.073853, -0.351807, -1.464844, 0.976563, -0.305176,riding
A, 632862, -0.978882, 0.206665, -0.003174, -1.586915, -2.075195, 0.854492,riding
B, 246415, -0.924194, -0.068848, -0.360840, -1.464844, 0.976563, -0.183106,riding
A, 632882, -0.975464, 0.220459, 0.015503, -1.342773, -2.136230, 0.610352,riding
B, 246435, -0.924927, -0.056274, -0.363403, -1.342773, 0.915528, -0.183106,riding
A, 632902, -0.975342, 0.221924, 0.046021, -1.037598, -2.075195, 0.366211,riding
B, 246455, -0.926025, -0.043579, -0.362305, -1.098633, 0.793457, -0.183106,riding
A, 632922, -0.977783, 0.209473, 0.062744, -0.915528, -1.892090, 0.244141,riding
B, 246475, -0.928955, -0.039429, -0.357056, -0.915528, 0.610352, -0.549316,riding
A, 632942, -0.976685, 0.208130, 0.084961, -1.342773, -1.342773, 0.183106,riding
B, 246495, -0.928833, -0.027222, -0.357544, -0.976563, 0.610352, -1.037598,riding
A, 632962, -0.976563, 0.211060, 0.093628, -0.793457, -0.915528, 0.305176,riding
B, 246515, -0.928223, -0.023804, -0.360840, -0.549316, 0.488281, -1.281738,riding
A, 632982, -0.974243, 0.220215, 0.080078, -0.793457, -0.488281, 0.122070,riding
B, 246535, -0.924927, -0.029541, -0.366211, -0.488281, 0.488281, -1.708985,riding
A, 633002, -0.974365, 0.222046, 0.076416, -0.671387, -0.183106, -0.061035,riding
B, 246555, -0.927124, -0.031006, -0.363525, -0.183106, 0.427246, -2.014160,riding
A, 633022, -0.977173, 0.203369, 0.077026, 0.305176, 0.000000, -0.305176,riding
B, 246575, -0.930054, -0.033203, -0.352661, 0.732422, 0.488281, -2.075195,riding
A, 633042, -0.981445, 0.184204, 0.078613, 0.122070, 0.427246, -0.183106,riding
B, 246595, -0.933838, -0.035034, -0.345215, 0.244141, 0.610352, -2.807618,riding
A, 633062, -0.982056, 0.180176, 0.076294, -0.122070, 1.037598, 0.061035,riding
B, 246615, -0.933960, -0.034058, -0.347656, 0.427246, 0.610352, -3.173829,riding
A, 633082, -0.980469, 0.183350, 0.079346, -0.671387, 1.525879, 0.244141,riding
B, 246635, -0.931030, -0.033936, -0.351440, 0.000000, 0.732422, -3.784181,riding
A, 633102, -0.977783, 0.196289, 0.069824, -0.366211, 1.892090, 0.427246,riding
B, 246655, -0.928467, -0.038940, -0.357300, 0.366211, 0.793457, -3.967286,riding
A, 633122, -0.978394, 0.202759, 0.055054, -0.122070, 2.258301, 0.366211,riding
B, 246675, -0.926758, -0.045654, -0.359619, 0.610352, 0.915528, -4.211426,riding
A, 633142, -0.977905, 0.203613, 0.041260, 0.000000, 2.441406, 0.305176,riding
B, 246695, -0.927246, -0.052002, -0.357178, 0.732422, 0.915528, -4.333496,riding
A, 633162, -0.978760, 0.200928, 0.023071, 0.122070, 2.563477, 0.244141,riding
B, 246715, -0.927856, -0.061768, -0.354736, 0.915528, 0.915528, -4.516602,riding
A, 633182, -0.979614, 0.198608, 0.015015, -0.488281, 2.685547, 0.305176,riding
B, 246735, -0.925415, -0.068359, -0.356445, -0.122070, 0.854492, -5.004883,riding
A, 633202, -0.978882, 0.203735, 0.011841, -1.159668, 2.929688, 0.305176,riding
B, 246755, -0.924072, -0.067749, -0.361572, -0.122070, 0.854492, -5.065918,riding
A, 633222, -0.976929, 0.208252, 0.007813, -0.732422, 2.868653, 0.244141,riding
B, 246775, -0.921753, -0.072266, -0.365112, 0.488281, 0.915528, -4.882813,riding
A, 633242, -0.978882, 0.201660, -0.000122, -0.061035, 2.807618, 0.244141,riding
B, 246795, -0.922485, -0.077393, -0.362305, 0.793457, 0.976563, -4.760742,riding
A, 633262, -0.980225, 0.197266, -0.001709, -0.244141, 2.868653, 0.427246,riding
B, 246815, -0.925049, -0.078491, -0.357544, 0.671387, 0.915528, -4.882813,riding
A, 633282, -0.980713, 0.197510, -0.006714, -0.488281, 2.868653, 0.488281,riding
B, 246835, -0.925903, -0.080200, -0.355713, 0.427246, 0.976563, -5.004883,riding
A, 633302, -0.978760, 0.202515, -0.013062, -0.671387, 2.868653, 0.427246,riding
B, 246855, -0.922363, -0.089355, -0.359497, 0.000000, 0.976563, -5.065918,riding
A, 633322, -0.977905, 0.209961, -0.019531, -1.342773, 2.929688, 0.549316,riding
B, 246875, -0.920044, -0.093872, -0.366211, -0.549316, 0.915528, -5.187988,riding
A, 633342, -0.976929, 0.220337, -0.032715, -1.403809, 2.929688, 0.427246,riding
B, 246895, -0.917725, -0.096313, -0.371582, -0.305176, 0.854492, -4.943848,riding
A, 633362, -0.976563, 0.225098, -0.047852, -0.976563, 2.685547, 0.366211,riding
B, 246915, -0.915405, -0.104614, -0.376465, 0.000000, 0.793457, -4.638672,riding
A, 633382, -0.975952, 0.233887, -0.065186, -0.671387, 2.319336, 0.244141,riding
B, 246935, -0.913330, -0.113647, -0.380249, 0.244141, 0.671387, -4.211426,riding
A, 633402, -0.975708, 0.241943, -0.085083, 0.122070, 1.831055, 0.061035,riding
B, 246955, -0.912842, -0.123413, -0.381592, 1.159668, 0.610352, -3.417970,riding
A, 633422, -0.975464, 0.239502, -0.126221, 2.014160, 0.610352, -0.427246,riding
B, 246975, -0.910645, -0.137207, -0.379639, 2.319336, 0.488281, -2.502441,riding
A, 633442, -0.978271, 0.230347, -0.135498, 1.037598, 0.122070, -0.488281,riding
B, 246995, -0.911865, -0.150513, -0.375000, 0.976563, 0.122070, -1.953125,riding
A, 633462, -0.978638, 0.231812, -0.133911, -0.183106, -0.427246, -0.549316,riding
B, 247015, -0.911377, -0.148193, -0.376221, -0.061035, -0.183106, -1.647950,riding
A, 633482, -0.976807, 0.246094, -0.122925, -1.281738, -0.854492, -0.610352,riding
B, 247035, -0.910278, -0.140991, -0.384033, -1.159668, -0.488281, -1.403809,riding
A, 633502, -0.970947, 0.266357, -0.120117, -1.281738, -1.464844, -0.976563,riding
B, 247055, -0.906616, -0.134521, -0.393433, -0.732422, -0.793457, -0.671387,riding
A, 633522, -0.970093, 0.274780, -0.105591, -0.549316, -2.197266, -1.403809,riding
B, 247075, -0.905640, -0.130981, -0.397705, -0.427246, -1.098633, 0.061035,riding
A, 633542, -0.969360, 0.274048, -0.088135, -0.610352, -2.624512, -1.770020,riding
B, 247095, -0.906128, -0.120728, -0.396118, -0.427246, -1.464844, 0.427246,riding
A, 633562, -0.970459, 0.265259, -0.084229, 0.488281, -3.173829, -2.258301,riding
B, 247115, -0.909912, -0.119019, -0.389526, 0.549316, -1.708985, 1.220703,riding
A, 633582, -0.974243, 0.240479, -0.088989, 0.854492, -3.845216, -2.624512,riding
B, 247135, -0.914917, -0.125244, -0.375244, 0.610352, -2.014160, 1.892090,riding
A, 633602, -0.979858, 0.216431, -0.080688, 0.305176, -4.211426, -2.746582,riding
B, 247155, -0.917114, -0.121948, -0.367432, 0.122070, -2.136230, 2.075195,riding
A, 633622, -0.981201, 0.208618, -0.072876, 0.122070, -4.455566, -2.685547,riding
B, 247175, -0.920166, -0.115845, -0.362061, 0.000000, -2.136230, 2.380371,riding
A, 633642, -0.985107, 0.187256, -0.076172, 0.976563, -5.004883, -2.807618,riding
B, 247195, -0.923950, -0.114746, -0.353027, 0.732422, -2.014160, 3.051759,riding
A, 633662, -0.988525, 0.163940, -0.072021, 0.427246, -5.371094, -2.502441,riding
B, 247215, -0.926880, -0.117798, -0.345703, -0.061035, -1.892090, 3.173829,riding
A, 633682, -0.988281, 0.160278, -0.053833, -1.220703, -5.371094, -2.014160,riding
B, 247235, -0.927856, -0.109131, -0.343628, -1.647950, -1.892090, 2.868653,riding
A, 633702, -0.985229, 0.175293, -0.024658, -1.342773, -5.493164, -1.770020,riding
B, 247255, -0.928101, -0.082397, -0.348877, -1.342773, -1.525879, 3.173829,riding
A, 633722, -0.984253, 0.179443, 0.010132, -0.854492, -5.615236, -1.647950,riding
B, 247275, -0.927368, -0.067749, -0.354126, -1.586915, -1.525879, 2.990724,riding
A, 633742, -0.980103, 0.194214, 0.036011, -1.525879, -5.187988, -1.525879,riding
B, 247295, -0.924316, -0.057617, -0.362061, -1.953125, -1.464844, 2.624512,riding
A, 633762, -0.976318, 0.219116, 0.018555, -0.610352, -5.004883, -1.586915,riding
B, 247315, -0.921875, -0.067383, -0.367554, -0.976563, -1.403809, 2.868653,riding
A, 633782, -0.975586, 0.222778, -0.008179, -0.061035, -5.065918, -1.708985,riding
B, 247335, -0.919434, -0.081543, -0.369751, -0.549316, -1.464844, 2.929688,riding
A, 633802, -0.975586, 0.225952, -0.015259, -0.732422, -5.065918, -1.770020,riding
B, 247355, -0.921143, -0.078491, -0.368042, -1.098633, -1.586915, 2.807618,riding
A, 633822, -0.976196, 0.222900, -0.017090, 0.305176, -5.371094, -2.136230,riding
B, 247375, -0.922119, -0.077026, -0.364258, -0.183106, -1.586915, 3.234864,riding
A, 633842, -0.981689, 0.199097, -0.028320, 1.159668, -5.615236, -2.258301,riding
B, 247395, -0.925049, -0.092773, -0.354370, 0.122070, -1.525879, 3.601075,riding
A, 633862, -0.983887, 0.177368, -0.025146, -0.305176, -5.615236, -2.014160,riding
B, 247415, -0.928467, -0.080811, -0.348755, -1.220703, -1.586915, 3.234864,riding
A, 633882, -0.984863, 0.172119, 0.003906, -1.220703, -5.676271, -1.770020,riding
B, 247435, -0.932617, -0.059814, -0.344482, -1.647950, -1.464844, 3.112794,riding
A, 633902, -0.982544, 0.174072, 0.048584, -1.403809, -5.554201, -1.525879,riding
B, 247455, -0.932861, -0.047241, -0.345947, -1.831055, -1.342773, 2.746582,riding
A, 633922, -0.980347, 0.183960, 0.080811, -1.464844, -5.065918, -1.525879,riding
B, 247475, -0.932617, -0.032104, -0.347778, -1.586915, -1.159668, 2.502441,riding
A, 633942, -0.981201, 0.179565, 0.103027, -1.037598, -4.272461, -1.220703,riding
B, 247495, -0.932983, -0.020996, -0.349121, -1.281738, -1.037598, 2.075195,riding
A, 633962, -0.979004, 0.192261, 0.090698, -1.037598, -3.845216, -1.037598,riding
B, 247515, -0.930664, -0.023682, -0.359375, -1.098633, -0.915528, 1.403809,riding
A, 633982, -0.977295, 0.208008, 0.072876, -0.732422, -3.417970, -0.976563,riding
B, 247535, -0.926392, -0.037842, -0.363403, -0.793457, -0.793457, 1.159668,riding
A, 634002, -0.977173, 0.208862, 0.062866, -0.366211, -3.173829, -1.098633,riding
B, 247555, -0.927612, -0.036133, -0.358765, -0.549316, -0.854492, 0.915528,riding
A, 634022, -0.975586, 0.212646, 0.056152, -0.732422, -2.868653, -1.159668,riding
B, 247575, -0.928589, -0.038330, -0.357422, -0.793457, -0.915528, 0.549316,riding
A, 634042, -0.975830, 0.216553, 0.051392, -0.488281, -2.746582, -1.403809,riding
B, 247595, -0.927979, -0.044556, -0.358154, -0.366211, -0.915528, 0.488281,riding
A, 634062, -0.978149, 0.207153, 0.053345, -0.488281, -2.441406, -1.464844,riding
B, 247615, -0.927124, -0.048096, -0.359741, -0.610352, -0.976563, 0.122070,riding
A, 634082, -0.977295, 0.213135, 0.055542, -1.037598, -2.136230, -1.342773,riding
B, 247635, -0.924561, -0.035278, -0.366821, -0.854492, -1.098633, -0.244141,riding
A, 634102, -0.972534, 0.224976, 0.081299, -1.342773, -1.831055, -1.342773,riding
B, 247655, -0.922485, -0.020752, -0.377075, -0.610352, -1.281738, -0.732422,riding
A, 634122, -0.968140, 0.250732, 0.084839, -0.366211, -1.281738, -1.770020,riding
B, 247675, -0.919800, -0.033325, -0.380371, 0.122070, -1.464844, -0.854492,riding
A, 634142, -0.968506, 0.256836, 0.046753, 0.244141, -1.037598, -2.075195,riding
B, 247695, -0.918945, -0.047729, -0.378052, 0.488281, -1.708985, -1.037598,riding
A, 634162, -0.969360, 0.253174, 0.025024, 0.244141, -0.976563, -2.563477,riding
B, 247715, -0.921631, -0.046875, -0.372070, 0.610352, -2.014160, -1.098633,riding
A, 634182, -0.973022, 0.233643, 0.033936, 0.488281, -1.037598, -3.112794,riding
B, 247735, -0.924316, -0.046509, -0.363159, 0.915528, -2.136230, -1.098633,riding
A, 634202, -0.978760, 0.204468, 0.044800, 0.366211, -0.854492, -3.173829,riding
B, 247755, -0.927734, -0.053467, -0.357666, 0.793457, -2.197266, -1.281738,riding
A, 634222, -0.982056, 0.187378, 0.031128, 0.366211, -0.610352, -2.929688,riding
B, 247775, -0.927124, -0.056519, -0.356323, 0.793457, -2.258301, -1.464844,riding
A, 634242, -0.980469, 0.190796, 0.026611, -0.366211, -0.427246, -2.685547,riding
B, 247795, -0.927979, -0.047974, -0.355103, 0.427246, -2.136230, -1.647950,riding
A, 634262, -0.981934, 0.190796, 0.028931, 0.427246, -0.610352, -2.685547,riding
B, 247815, -0.931519, -0.059326, -0.346191, 1.342773, -2.014160, -1.464844,riding
A, 634282, -0.987061, 0.161499, 0.007568, 1.098633, -0.488281, -2.685547,riding
B, 247835, -0.934937, -0.071655, -0.334106, 1.464844, -1.831055, -1.342773,riding
A, 634302, -0.990723, 0.145142, -0.006592, 0.427246, -0.488281, -2.380371,riding
B, 247855, -0.937378, -0.069702, -0.327148, 0.915528, -1.708985, -1.464844,riding
A, 634322, -0.989502, 0.145020, -0.002197, -0.549316, -0.610352, -2.014160,riding
B, 247875, -0.937256, -0.065063, -0.330078, 0.122070, -1.525879, -1.708985,riding
A, 634342, -0.988403, 0.150757, 0.010498, -0.488281, -0.610352, -1.831055,riding
B, 247895, -0.935547, -0.069946, -0.333496, 0.061035, -1.220703, -1.586915,riding
A, 634362, -0.989014, 0.148804, 0.026245, -0.671387, -0.427246, -1.403809,riding
B, 247915, -0.934937, -0.057617, -0.336304, -0.488281, -0.976563, -1.892090,riding
A, 634382, -0.986328, 0.165894, 0.027222, -0.854492, -0.305176, -1.098633,riding
B, 247935, -0.933960, -0.047852, -0.339844, 0.122070, -0.671387, -1.770020,riding
A, 634402, -0.984985, 0.168457, 0.026611, 0.427246, -0.549316, -1.159668,riding
B, 247955, -0.935425, -0.055054, -0.337402, 0.854492, -0.488281, -1.586915,riding
A, 634422, -0.987061, 0.160278, 0.039429, 0.183106, -0.366211, -0.854492,riding
B, 247975, -0.935303, -0.059326, -0.337891, 0.366211, -0.305176, -1.953125,riding
A, 634442, -0.985962, 0.170044, 0.034912, 0.061035, 0.000000, -0.732422,riding
B, 247995, -0.933716, -0.056519, -0.339966, 0.671387, -0.183106, -1.953125,riding
A, 634462, -0.985352, 0.173462, 0.009033, 0.305176, 0.000000, -0.610352,riding
B, 248015, -0.932861, -0.059082, -0.341309, 0.671387, 0.000000, -1.953125,riding
A, 634482, -0.986206, 0.172974, -0.020996, 1.159668, -0.244141, -0.671387,riding
B, 248035, -0.931763, -0.074341, -0.342651, 1.159668, 0.183106, -1.708985,riding
A, 634502, -0.992676, 0.148438, -0.058105, 1.892090, -0.610352, -0.366211,riding
B, 248055, -0.931885, -0.109741, -0.335327, 1.586915, 0.488281, -1.037598,riding
A, 634522, -0.994263, 0.139160, -0.092651, 0.305176, -0.854492, 0.061035,riding
B, 248075, -0.932617, -0.117676, -0.331177, 0.061035, 0.732422, -0.976563,riding
A, 634542, -0.994263, 0.139526, -0.119141, 0.061035, -1.586915, 0.427246,riding
B, 248095, -0.934570, -0.126587, -0.325317, 0.122070, 1.037598, -0.122070,riding
A, 634562, -0.996704, 0.128052, -0.108032, -0.793457, -2.319336, 0.854492,riding
B, 248115, -0.934448, -0.129395, -0.321411, -1.403809, 1.159668, 0.000000,riding
A, 634582, -0.993042, 0.145630, -0.074707, -2.685547, -2.441406, 1.281738,riding
B, 248135, -0.933350, -0.105835, -0.329102, -2.502441, 1.403809, 0.122070,riding
A, 634602, -0.988770, 0.160889, -0.041992, -2.014160, -2.990724, 1.464844,riding
B, 248155, -0.931274, -0.085815, -0.339233, -2.258301, 1.586915, 0.610352,riding
A, 634622, -0.984741, 0.178345, -0.008423, -3.417970, -2.990724, 1.708985,riding
B, 248175, -0.927002, -0.071045, -0.360229, -3.295899, 1.647950, 0.366211,riding
A, 634642, -0.976074, 0.215942, 0.040283, -1.892090, -3.234864, 1.708985,riding
B, 248195, -0.923950, -0.046875, -0.367676, -2.136230, 1.647950, 0.732422,riding
A, 634662, -0.971191, 0.237427, 0.075806, -2.563477, -2.746582, 1.647950,riding
B, 248215, -0.922363, -0.029785, -0.374268, -2.624512, 1.464844, 0.183106,riding
A, 634682, -0.965698, 0.262085, 0.082520, -1.403809, -2.441406, 1.220703,riding
B, 248235, -0.920166, -0.024658, -0.379761, -1.281738, 1.281738, 0.244141,riding
A, 634702, -0.966675, 0.261230, 0.077271, -0.854492, -2.258301, 0.671387,riding
B, 248255, -0.918579, -0.033813, -0.381714, -0.976563, 1.037598, 0.000000,riding
A, 634722, -0.964600, 0.265625, 0.078491, -1.220703, -1.770020, 0.427246,riding
B, 248275, -0.916748, -0.030029, -0.386841, -1.037598, 0.610352, -0.549316,riding
A, 634742, -0.965088, 0.270508, 0.087280, -0.854492, -1.464844, 0.000000,riding
B, 248295, -0.915527, -0.021484, -0.390869, -0.671387, 0.305176, -0.854492,riding
A, 634762, -0.963135, 0.278198, 0.082520, -0.549316, -1.098633, -0.427246,riding
B, 248315, -0.914185, -0.030151, -0.396118, 0.061035, -0.183106, -1.159668,riding
A, 634782, -0.963379, 0.276123, 0.078125, -0.183106, -0.793457, -0.915528,riding
B, 248335, -0.915527, -0.028931, -0.391113, 0.000000, -0.610352, -1.708985,riding
A, 634802, -0.963989, 0.273315, 0.087036, -0.183106, -0.305176, -1.342773,riding
B, 248355, -0.920166, -0.022217, -0.380859, 0.671387, -0.854492, -1.892090,riding
A, 634822, -0.969604, 0.239502, 0.086670, 0.488281, 0.244141, -2.014160,riding
B, 248375, -0.923828, -0.027832, -0.369751, 0.976563, -1.098633, -2.197266,riding
A, 634842, -0.974243, 0.223389, 0.056641, 0.732422, 0.610352, -2.136230,riding
B, 248395, -0.924561, -0.042725, -0.365845, 1.281738, -1.281738, -2.502441,riding
A, 634862, -0.977783, 0.209595, 0.031494, 0.427246, 0.854492, -2.136230,riding
B, 248415, -0.923950, -0.055664, -0.366821, 1.098633, -1.342773, -2.746582,riding
A, 634882, -0.979126, 0.205322, 0.022461, -0.061035, 0.915528, -2.014160,riding
B, 248435, -0.924072, -0.057129, -0.365601, 0.671387, -1.403809, -3.051759,riding
A, 634902, -0.979614, 0.204346, 0.023926, 0.427246, 0.915528, -2.014160,riding
B, 248455, -0.927490, -0.059326, -0.357788, 1.403809, -1.342773, -2.868653,riding
A, 634922, -0.980591, 0.195435, 0.014404, 1.037598, 0.915528, -2.014160,riding
B, 248475, -0.928955, -0.071045, -0.351807, 1.647950, -1.281738, -2.807618,riding
A, 634942, -0.982056, 0.190186, -0.001709, 0.671387, 0.915528, -1.953125,riding
B, 248495, -0.928589, -0.075317, -0.350586, 1.098633, -1.281738, -2.990724,riding
A, 634962, -0.981812, 0.193970, -0.011230, 0.244141, 0.915528, -1.892090,riding
B, 248515, -0.926880, -0.075928, -0.352417, 0.915528, -1.281738, -2.990724,riding
A, 634982, -0.981934, 0.194458, -0.009277, 0.427246, 0.732422, -1.953125,riding
B, 248535, -0.925171, -0.076172, -0.354858, 1.037598, -1.220703, -2.807618,riding
A, 635002, -0.984497, 0.183960, -0.023315, 1.220703, 0.488281, -2.014160,riding
B, 248555, -0.927368, -0.083496, -0.354248, 1.647950, -1.037598, -2.441406,riding
A, 635022, -0.989746, 0.160889, -0.038574, 1.403809, 0.244141, -1.708985,riding
B, 248575, -0.932007, -0.092529, -0.342285, 1.586915, -0.854492, -2.075195,riding
A, 635042, -0.989990, 0.151001, -0.041626, 0.366211, 0.061035, -1.342773,riding
B, 248595, -0.931641, -0.094727, -0.336548, 0.671387, -0.671387, -2.197266,riding
A, 635062, -0.990112, 0.154541, -0.031372, -0.305176, 0.000000, -0.915528,riding
B, 248615, -0.934814, -0.093018, -0.335327, 0.122070, -0.488281, -2.136230,riding
A, 635082, -0.987671, 0.164307, -0.019043, -0.793457, -0.061035, -0.793457,riding
B, 248635, -0.932739, -0.086670, -0.335815, -0.305176, -0.305176, -2.136230,riding
A, 635102, -0.986206, 0.171387, -0.018555, -0.793457, -0.061035, -0.671387,riding
B, 248655, -0.930420, -0.084351, -0.341919, -0.305176, -0.183106, -2.014160,riding
A, 635122, -0.985718, 0.179199, -0.025757, -1.037598, -0.183106, -0.488281,riding
B, 248675, -0.926514, -0.088379, -0.351929, -0.671387, -0.061035, -2.014160,riding
A, 635142, -0.983643, 0.194580, -0.034546, -1.342773, -0.366211, -0.244141,riding
B, 248695, -0.922363, -0.093018, -0.362427, -0.915528, -0.061035, -1.831055,riding
A, 635162, -0.979248, 0.218872, -0.047485, -0.793457, -0.793457, -0.366211,riding
B, 248715, -0.919434, -0.093994, -0.366821, -0.305176, -0.061035, -1.220703,riding
A, 635182, -0.980469, 0.214966, -0.058472, 0.244141, -1.342773, -0.610352,riding
B, 248735, -0.923218, -0.100464, -0.359497, 0.427246, -0.061035, -0.610352,riding
A, 635202, -0.982788, 0.201050, -0.064331, -0.122070, -1.647950, -0.610352,riding
B, 248755, -0.923828, -0.109619, -0.354126, -0.183106, -0.244141, -0.488281,riding
A, 635222, -0.980835, 0.211548, -0.058472, -1.342773, -1.831055, -0.488281,riding
B, 248775, -0.921875, -0.104370, -0.361816, -1.220703, -0.366211, -0.549316,riding
A, 635242, -0.976807, 0.229370, -0.042480, -1.281738, -2.136230, -0.732422,riding
B, 248795, -0.918823, -0.091187, -0.370605, -1.098633, -0.427246, -0.183106,riding
A, 635262, -0.975586, 0.232544, -0.030640, -0.671387, -2.441406, -1.037598,riding
B, 248815, -0.917603, -0.085571, -0.374512, -0.488281, -0.610352, 0.305176,riding
A, 635282, -0.978149, 0.223267, -0.037598, -0.122070, -2.746582, -1.159668,riding
B, 248835, -0.917969, -0.093750, -0.373169, -0.366211, -0.793457, 0.671387,riding
A, 635302, -0.978027, 0.222046, -0.043213, -0.549316, -2.990724, -1.098633,riding
B, 248855, -0.919434, -0.092773, -0.369263, -0.732422, -0.915528, 0.793457,riding
A, 635322, -0.976685, 0.229126, -0.039185, -0.610352, -3.173829, -1.220703,riding
B, 248875, -0.920776, -0.084351, -0.365479, -0.366211, -1.037598, 1.159668,riding
A, 635342, -0.977051, 0.216919, -0.011230, -0.183106, -3.540040, -1.647950,riding
B, 248895, -0.923950, -0.079834, -0.358643, -0.305176, -1.098633, 1.342773,riding
A, 635362, -0.979492, 0.205811, 0.004395, -0.671387, -3.479005, -1.647950,riding
B, 248915, -0.925171, -0.074463, -0.357178, -0.793457, -1.220703, 1.159668,riding
A, 635382, -0.979370, 0.205444, 0.011230, -0.671387, -3.417970, -1.708985,riding
B, 248935, -0.925415, -0.067139, -0.360474, -0.732422, -1.281738, 1.159668,riding
A, 635402, -0.980225, 0.199707, 0.014893, -0.366211, -3.417970, -1.708985,riding
B, 248955, -0.925415, -0.061890, -0.361084, -0.488281, -1.220703, 1.220703,riding
A, 635422, -0.982300, 0.188843, 0.013916, 0.000000, -3.417970, -1.586915,riding
B, 248975, -0.927490, -0.068481, -0.353882, -0.183106, -1.098633, 1.220703,riding
A, 635442, -0.984375, 0.181763, 0.007202, 0.000000, -3.417970, -1.464844,riding
B, 248995, -0.929321, -0.071289, -0.347046, -0.061035, -1.037598, 1.342773,riding
A, 635462, -0.985596, 0.173462, -0.004028, 0.183106, -3.417970, -1.342773,riding
B, 249015, -0.933105, -0.075928, -0.340698, -0.122070, -0.793457, 1.342773,riding
A, 635482, -0.987427, 0.163086, -0.003784, -0.305176, -3.479005, -1.159668,riding
B, 249035, -0.933350, -0.073242, -0.337524, -0.915528, -0.793457, 1.098633,riding
A, 635502, -0.985962, 0.170532, 0.010254, -1.464844, -3.295899, -0.854492,riding
B, 249055, -0.931152, -0.065308, -0.344849, -1.586915, -0.671387, 0.915528,riding
A, 635522, -0.980469, 0.193970, 0.023926, -1.098633, -3.295899, -0.793457,riding
B, 249075, -0.928345, -0.058105, -0.354614, -1.220703, -0.610352, 0.976563,riding
A, 635542, -0.980957, 0.197266, 0.025146, -0.610352, -3.295899, -0.854492,riding
B, 249095, -0.926392, -0.054932, -0.358887, -0.915528, -0.488281, 1.037598,riding
A, 635562, -0.981201, 0.189697, 0.028931, -0.244141, -3.295899, -0.732422,riding
B, 249115, -0.928101, -0.054077, -0.355469, -0.610352, -0.427246, 0.976563,riding
A, 635582, -0.979492, 0.198608, 0.035889, -0.854492, -3.051759, -0.549316,riding
B, 249135, -0.928101, -0.052368, -0.355225, -1.037598, -0.427246, 0.671387,riding
A, 635602, -0.976929, 0.213135, 0.039063, -0.915528, -2.929688, -0.610352,riding
B, 249155, -0.927002, -0.050415, -0.357056, -0.854492, -0.427246, 0.610352,riding
A, 635622, -0.976318, 0.217041, 0.032715, -0.488281, -2.807618, -0.976563,riding
B, 249175, -0.928101, -0.052002, -0.357056, -0.488281, -0.427246, 0.610352,riding
A, 635642, -0.980225, 0.201172, 0.026855, -0.122070, -2.807618, -1.220703,riding
B, 249195, -0.929688, -0.054443, -0.352173, -0.122070, -0.366211, 0.671387,riding
A, 635662, -0.985840, 0.170776, 0.021973, -0.061035, -2.807618, -1.037598,riding
B, 249215, -0.930664, -0.059326, -0.347290, -0.244141, -0.305176, 0.610352,riding
A, 635682, -0.985962, 0.168335, 0.020752, -0.610352, -2.624512, -0.427246,riding
B, 249235, -0.930420, -0.056030, -0.349609, -0.671387, -0.122070, 0.427246,riding
A, 635702, -0.984863, 0.172363, 0.025757, -0.305176, -2.685547, -0.183106,riding
B, 249255, -0.932007, -0.052734, -0.346924, -0.427246, 0.122070, 0.427246,riding
A, 635722, -0.984741, 0.173706, 0.028931, -0.427246, -2.502441, -0.061035,riding
B, 249275, -0.933594, -0.054077, -0.339966, -0.488281, 0.305176, 0.366211,riding
A, 635742, -0.985718, 0.170044, 0.028076, -0.366211, -2.441406, 0.122070,riding
B, 249295, -0.934814, -0.058228, -0.337158, -0.549316, 0.427246, 0.305176,riding
A, 635762, -0.984131, 0.176880, 0.021484, -1.098633, -2.258301, 0.183106,riding
B, 249315, -0.932129, -0.058716, -0.343384, -1.098633, 0.549316, 0.061035,riding
A, 635782, -0.982788, 0.184937, 0.028320, -1.098633, -2.258301, 0.244141,riding
B, 249335, -0.929565, -0.049683, -0.351563, -1.037598, 0.671387, 0.061035,riding
A, 635802, -0.982788, 0.184814, 0.040283, -0.915528, -2.136230, 0.305176,riding
B, 249355, -0.928589, -0.044556, -0.356079, -0.854492, 0.854492, -0.061035,riding
A, 635822, -0.982544, 0.181885, 0.037964, -0.610352, -2.075195, 0.610352,riding
B, 249375, -0.928345, -0.051392, -0.357544, -0.671387, 0.976563, -0.122070,riding
A, 635842, -0.982300, 0.186279, 0.033569, -0.793457, -1.953125, 0.854492,riding
B, 249395, -0.928711, -0.047363, -0.356567, -0.915528, 0.976563, -0.305176,riding
A, 635862, -0.975952, 0.215820, 0.041992, -1.159668, -1.770020, 0.915528,riding
B, 249415, -0.927002, -0.044800, -0.359985, -1.037598, 0.976563, -0.488281,riding
A, 635882, -0.973633, 0.231812, 0.044189, -0.793457, -1.647950, 0.610352,riding
B, 249435, -0.925537, -0.046143, -0.364746, -0.671387, 0.976563, -0.488281,riding
A, 635902, -0.973999, 0.227905, 0.043579, -0.549316, -1.464844, 0.244141,riding
B, 249455, -0.923706, -0.045288, -0.368530, -0.549316, 0.854492, -0.610352,riding
A, 635922, -0.975464, 0.221924, 0.041626, -0.549316, -1.403809, 0.183106,riding
B, 249475, -0.922363, -0.041748, -0.372314, -0.427246, 0.732422, -0.671387,riding
A, 635942, -0.976318, 0.214111, 0.044067, -0.427246, -1.281738, 0.244141,riding
B, 249495, -0.922729, -0.042603, -0.373901, -0.244141, 0.671387, -0.915528,riding
A, 635962, -0.975952, 0.221191, 0.042847, -0.549316, -1.159668, 0.427246,riding
B, 249515, -0.920776, -0.046875, -0.376587, -0.244141, 0.610352, -0.976563,riding
A, 635982, -0.973267, 0.233154, 0.033691, -0.244141, -0.976563, 0.244141,riding
B, 249535, -0.921143, -0.049561, -0.372314, 0.000000, 0.488281, -1.037598,riding
A, 636002, -0.972656, 0.237915, 0.021973, -0.122070, -1.037598, 0.061035,riding
B, 249555, -0.921753, -0.053467, -0.369751, -0.061035, 0.305176, -1.098633,riding
A, 636022, -0.972290, 0.240234, 0.020996, -0.366211, -1.037598, -0.305176,riding
B, 249575, -0.921021, -0.054077, -0.371094, -0.061035, 0.122070, -1.098633,riding
A, 636042, -0.973755, 0.234863, 0.022461, -0.244141, -0.915528, -0.671387,riding
B, 249595, -0.918945, -0.055664, -0.375610, 0.000000, 0.000000, -1.159668,riding
A, 636062, -0.975586, 0.223389, 0.010498, 0.122070, -0.976563, -0.793457,riding
B, 249615, -0.919067, -0.056396, -0.377197, 0.183106, -0.061035, -1.037598,riding
A, 636082, -0.979126, 0.207764, 0.001831, 0.244141, -1.159668, -0.671387,riding
B, 249635, -0.921997, -0.062500, -0.369385, 0.244141, -0.061035, -0.915528,riding
A, 636102, -0.980347, 0.201904, 0.008911, -0.305176, -1.220703, -0.488281,riding
B, 249655, -0.924927, -0.061035, -0.362915, -0.183106, -0.061035, -1.037598,riding
A, 636122, -0.979126, 0.207520, 0.022095, -0.488281, -1.159668, -0.427246,riding
B, 249675, -0.926758, -0.056763, -0.359375, -0.183106, -0.061035, -1.037598,riding
A, 636142, -0.978394, 0.212158, 0.020508, -0.244141, -1.098633, -0.549316,riding
B, 249695, -0.926636, -0.056885, -0.359375, -0.061035, -0.122070, -0.976563,riding
A, 636162, -0.978638, 0.208496, 0.012817, -0.244141, -1.159668, -0.671387,riding
B, 249715, -0.924438, -0.059814, -0.361450, -0.061035, -0.061035, -0.976563,riding
A, 636182, -0.979004, 0.207886, 0.014160, -0.549316, -1.159668, -0.610352,riding
B, 249735, -0.924194, -0.056885, -0.368286, -0.305176, -0.061035, -1.037598,riding
A, 636202, -0.978760, 0.210083, 0.027588, -0.488281, -1.098633, -0.488281,riding
B, 249755, -0.922241, -0.051758, -0.373169, -0.244141, -0.061035, -1.037598,riding
A, 636222, -0.975708, 0.221313, 0.031616, -0.549316, -1.037598, -0.366211,riding
B, 249775, -0.920898, -0.048096, -0.374268, -0.183106, -0.122070, -1.159668,riding
A, 636242, -0.974609, 0.229370, 0.030396, -0.244141, -1.037598, -0.549316,riding
B, 249795, -0.921875, -0.051636, -0.371460, 0.122070, -0.122070, -1.098633,riding
A, 636262, -0.974976, 0.226807, 0.027588, -0.183106, -0.915528, -0.671387,riding
B, 249815, -0.923218, -0.055054, -0.367554, 0.000000, -0.305176, -1.281738,riding
A, 636282, -0.974365, 0.227905, 0.027954, -0.305176, -0.793457, -0.915528,riding
B, 249835, -0.923462, -0.050415, -0.368042, 0.061035, -0.305176, -1.281738,riding
A, 636302, -0.976685, 0.215332, 0.026489, 0.061035, -0.854492, -1.037598,riding
B, 249855, -0.921997, -0.053467, -0.367920, 0.305176, -0.366211, -1.281738,riding
A, 636322, -0.977295, 0.214844, 0.020630, -0.427246, -0.732422, -0.976563,riding
B, 249875, -0.920532, -0.056030, -0.374756, -0.061035, -0.427246, -1.403809,riding
A, 636342, -0.974609, 0.225952, 0.019897, -0.427246, -0.671387, -0.793457,riding
B, 249895, -0.917114, -0.054810, -0.383667, -0.122070, -0.549316, -1.525879,riding
A, 636362, -0.972168, 0.240112, 0.020386, -0.366211, -0.732422, -0.915528,riding
B, 249915, -0.918091, -0.054810, -0.378906, 0.366211, -0.671387, -1.281738,riding
A, 636382, -0.973877, 0.233154, 0.013428, 0.366211, -0.732422, -1.281738,riding
B, 249935, -0.921509, -0.061401, -0.369995, 0.610352, -0.732422, -1.281738,riding
A, 636402, -0.977173, 0.220703, 0.006470, 0.122070, -0.793457, -1.525879,riding
B, 249955, -0.924683, -0.063965, -0.364380, 0.427246, -0.854492, -1.281738,riding
A, 636422, -0.978149, 0.214111, 0.000732, -0.183106, -0.793457, -1.586915,riding
B, 249975, -0.922852, -0.065552, -0.365356, 0.183106, -0.915528, -1.281738,riding
A, 636442, -0.976440, 0.217163, -0.003418, -0.427246, -0.915528, -1.525879,riding
B, 249995, -0.920532, -0.067871, -0.372314, 0.000000, -0.976563, -1.281738,riding
A, 636462, -0.976440, 0.222046, -0.003418, -0.244141, -1.037598, -1.525879,riding
B, 250015, -0.917725, -0.066650, -0.378418, 0.061035, -0.976563, -1.159668,riding
A, 636482, -0.975952, 0.222290, 0.002930, -0.122070, -1.159668, -1.464844,riding
B, 250035, -0.920532, -0.062256, -0.373413, 0.183106, -1.098633, -0.976563,riding
A, 636502, -0.976807, 0.217773, 0.006714, -0.061035, -1.220703, -1.525879,riding
B, 250055, -0.924316, -0.063965, -0.364746, 0.244141, -1.159668, -0.915528,riding
A, 636522, -0.977539, 0.216797, 0.006714, -0.183106, -1.220703, -1.647950,riding
B, 250075, -0.923584, -0.066528, -0.363403, -0.061035, -1.220703, -0.976563,riding
A, 636542, -0.976318, 0.223999, 0.007202, -0.427246, -1.281738, -1.708985,riding
B, 250095, -0.923462, -0.062988, -0.366821, -0.122070, -1.281738, -0.976563,riding
A, 636562, -0.974976, 0.229492, 0.013550, -0.427246, -1.281738, -2.014160,riding
B, 250115, -0.920044, -0.059448, -0.375854, -0.061035, -1.403809, -0.915528,riding
A, 636582, -0.974976, 0.229492, 0.011108, -0.305176, -1.281738, -2.014160,riding
B, 250135, -0.916992, -0.060669, -0.381104, 0.061035, -1.525879, -0.854492,riding
A, 636602, -0.973755, 0.236328, 0.010376, -0.488281, -1.342773, -2.014160,riding
B, 250155, -0.917236, -0.060425, -0.382324, -0.061035, -1.586915, -0.915528,riding
A, 636622, -0.973633, 0.237427, 0.008057, 0.122070, -1.464844, -2.197266,riding
B, 250175, -0.919312, -0.061768, -0.374756, 0.427246, -1.831055, -0.671387,riding
A, 636642, -0.973755, 0.234497, 0.001587, 0.122070, -1.464844, -2.441406,riding
B, 250195, -0.920776, -0.068237, -0.368896, 0.366211, -1.953125, -0.671387,riding
A, 636662, -0.973999, 0.233887, -0.004761, -0.183106, -1.525879, -2.624512,riding
B, 250215, -0.921143, -0.071167, -0.369019, 0.061035, -2.197266, -0.671387,riding
A, 636682, -0.973267, 0.235840, -0.006470, -0.427246, -1.586915, -2.868653,riding
B, 250235, -0.919678, -0.068481, -0.372803, 0.000000, -2.319336, -0.549316,riding
A, 636702, -0.975830, 0.232544, -0.009277, -0.061035, -1.831055, -3.112794,riding
B, 250255, -0.917847, -0.070435, -0.376465, 0.244141, -2.441406, -0.366211,riding
A, 636722, -0.977173, 0.224243, -0.018188, 0.061035, -2.014160, -3.173829,riding
B, 250275, -0.918457, -0.076416, -0.375244, 0.427246, -2.563477, -0.061035,riding
A, 636742, -0.980103, 0.206421, -0.024902, 0.122070, -2.380371, -2.990724,riding
B, 250295, -0.923096, -0.078735, -0.363159, 0.122070, -2.685547, 0.183106,riding
A, 636762, -0.979980, 0.209961, -0.023071, -0.244141, -2.563477, -3.051759,riding
B, 250315, -0.925659, -0.074707, -0.356689, 0.122070, -2.624512, 0.366211,riding
A, 636782, -0.981934, 0.194092, -0.018677, 0.305176, -2.868653, -3.295899,riding
B, 250335, -0.929688, -0.078491, -0.347046, 0.305176, -2.563477, 0.732422,riding
A, 636802, -0.984619, 0.180786, -0.019043, -0.366211, -2.990724, -3.173829,riding
B, 250355, -0.929077, -0.080200, -0.345947, -0.427246, -2.624512, 0.671387,riding
A, 636822, -0.984497, 0.181763, -0.016724, -0.793457, -3.112794, -2.990724,riding
B, 250375, -0.927612, -0.072266, -0.351196, -0.610352, -2.563477, 0.793457,riding
A, 636842, -0.984009, 0.182373, -0.006958, -0.854492, -3.234864, -2.807618,riding
B, 250395, -0.927124, -0.066528, -0.355713, -0.793457, -2.441406, 0.915528,riding
A, 636862, -0.982300, 0.187622, 0.003418, -0.854492, -3.417970, -2.624512,riding
B, 250415, -0.927124, -0.063599, -0.356323, -0.732422, -2.319336, 1.037598,riding
A, 636882, -0.982178, 0.188965, 0.010986, -0.610352, -3.479005, -2.441406,riding
B, 250435, -0.929810, -0.057861, -0.349487, -0.549316, -2.197266, 1.220703,riding
A, 636902, -0.981934, 0.185059, 0.018921, -0.427246, -3.540040, -2.502441,riding
B, 250455, -0.931274, -0.055054, -0.343140, -0.488281, -2.197266, 1.220703,riding
A, 636922, -0.981567, 0.188843, 0.030273, -0.976563, -3.417970, -2.502441,riding
B, 250475, -0.932739, -0.050659, -0.344116, -0.915528, -2.136230, 1.037598,riding
A, 636942, -0.982178, 0.188843, 0.035400, -0.671387, -3.356935, -2.563477,riding
B, 250495, -0.931274, -0.047852, -0.348267, -0.671387, -2.075195, 1.098633,riding
A, 636962, -0.983521, 0.176270, 0.032471, -0.427246, -3.295899, -2.441406,riding
B, 250515, -0.930908, -0.047729, -0.349243, -0.427246, -1.892090, 1.159668,riding
A, 636982, -0.984863, 0.171021, 0.030273, -0.488281, -3.295899, -2.197266,riding
B, 250535, -0.931152, -0.047607, -0.349243, -0.549316, -1.831055, 1.037598,riding
A, 637002, -0.984497, 0.172974, 0.039063, -0.671387, -3.295899, -1.892090,riding
B, 250555, -0.933838, -0.042236, -0.342529, -0.549316, -1.647950, 0.915528,riding
A, 637022, -0.983398, 0.175293, 0.046265, -0.427246, -3.173829, -1.831055,riding
B, 250575, -0.936157, -0.042480, -0.337891, -0.488281, -1.464844, 0.854492,riding
A, 637042, -0.983643, 0.172119, 0.047607, -0.549316, -2.990724, -1.770020,riding
B, 250595, -0.936768, -0.040283, -0.333252, -0.610352, -1.342773, 0.610352,riding
A, 637062, -0.984619, 0.164185, 0.048218, -0.732422, -2.807618, -1.770020,riding
B, 250615, -0.937378, -0.038574, -0.332886, -0.671387, -1.220703, 0.549316,riding
A, 637082, -0.985596, 0.160156, 0.048950, -0.732422, -2.624512, -1.464844,riding
B, 250635, -0.935303, -0.040527, -0.338013, -0.610352, -0.976563, 0.427246,riding
A, 637102, -0.986084, 0.159668, 0.056030, -0.854492, -2.441406, -1.159668,riding
B, 250655, -0.936035, -0.036987, -0.340576, -0.732422, -0.793457, 0.244141,riding
A, 637122, -0.987305, 0.151978, 0.065918, -0.610352, -2.319336, -0.915528,riding
B, 250675, -0.936890, -0.028198, -0.337158, -0.549316, -0.488281, 0.061035,riding
A, 637142, -0.988525, 0.143188, 0.071777, -0.427246, -2.075195, -0.610352,riding
B, 250695, -0.940063, -0.029175, -0.326782, -0.488281, -0.122070, -0.244141,riding
A, 637162, -0.986572, 0.150635, 0.073975, -0.976563, -1.708985, -0.122070,riding
B, 250715, -0.939941, -0.030762, -0.329590, -0.793457, 0.061035, -0.610352,riding
A, 637182, -0.984497, 0.164795, 0.072510, -0.793457, -1.464844, -0.061035,riding
B, 250735, -0.937500, -0.027832, -0.332886, -0.549316, 0.305176, -0.732422,riding
A, 637202, -0.983643, 0.166870, 0.072388, -0.732422, -1.220703, 0.000000,riding
B, 250755, -0.936646, -0.026245, -0.336670, -0.427246, 0.549316, -0.976563,riding
A, 637222, -0.985474, 0.161499, 0.072876, -0.427246, -1.037598, 0.061035,riding
B, 250775, -0.936523, -0.027832, -0.339111, -0.183106, 0.732422, -1.159668,riding
A, 637242, -0.986328, 0.155273, 0.074219, -0.549316, -0.671387, 0.427246,riding
B, 250795, -0.936646, -0.029053, -0.338745, -0.305176, 0.976563, -1.464844,riding
A, 637262, -0.985840, 0.158691, 0.063232, -0.488281, -0.305176, 0.976563,riding
B, 250815, -0.935547, -0.030884, -0.338623, -0.183106, 1.220703, -1.708985,riding
A, 637282, -0.982788, 0.172607, 0.063721, -0.793457, -0.122070, 1.159668,riding
B, 250835, -0.934814, -0.030029, -0.340942, -0.366211, 1.464844, -2.075195,riding
A, 637302, -0.981812, 0.180542, 0.070923, -0.549316, 0.122070, 1.220703,riding
B, 250855, -0.933838, -0.030151, -0.342773, -0.183106, 1.647950, -2.258301,riding
A, 637322, -0.981323, 0.186768, 0.066528, -0.549316, 0.427246, 1.220703,riding
B, 250875, -0.931030, -0.032959, -0.349121, -0.244141, 1.708985, -2.502441,riding
A, 637342, -0.978027, 0.202026, 0.062012, -0.976563, 0.732422, 1.342773,riding
B, 250895, -0.927856, -0.030640, -0.359497, -0.488281, 1.647950, -2.868653,riding
A, 637362, -0.974243, 0.220215, 0.062988, -0.793457, 0.915528, 1.281738,riding
B, 250915, -0.923218, -0.029541, -0.368896, -0.183106, 1.586915, -2.929688,riding
A, 637382, -0.972900, 0.227295, 0.060791, -0.427246, 1.037598, 1.098633,riding
B, 250935, -0.921875, -0.034424, -0.372314, 0.122070, 1.525879, -3.112794,riding
A, 637402, -0.973267, 0.229736, 0.055298, -0.366211, 1.220703, 0.976563,riding
B, 250955, -0.922363, -0.038208, -0.369873, 0.244141, 1.342773, -3.356935,riding
A, 637422, -0.972412, 0.234131, 0.041382, -0.183106, 1.342773, 0.793457,riding
B, 250975, -0.922729, -0.045654, -0.369751, 0.427246, 1.159668, -3.356935,riding
A, 637442, -0.972778, 0.234985, 0.030273, -0.366211, 1.464844, 0.366211,riding
B, 250995, -0.922119, -0.050781, -0.370850, 0.305176, 1.037598, -3.479005,riding
A, 637462, -0.972900, 0.236206, 0.024658, -0.366211, 1.525879, 0.305176,riding
B, 251015, -0.919922, -0.053955, -0.374634, 0.244141, 0.793457, -3.540040,riding
A, 637482, -0.971558, 0.242188, 0.015991, -0.610352, 1.586915, 0.061035,riding
B, 251035, -0.918335, -0.055664, -0.380127, 0.122070, 0.610352, -3.662110,riding
A, 637502, -0.972900, 0.243164, 0.008423, -0.427246, 1.525879, -0.183106,riding
B, 251055, -0.916870, -0.058472, -0.381470, 0.244141, 0.427246, -3.540040,riding
A, 637522, -0.973633, 0.235596, 0.000488, 0.000000, 1.342773, -0.305176,riding
B, 251075, -0.918457, -0.065186, -0.377441, 0.610352, 0.244141, -3.295899,riding
A, 637542, -0.974365, 0.234375, -0.009033, -0.244141, 1.281738, -0.427246,riding
B, 251095, -0.918457, -0.073730, -0.375732, 0.244141, -0.061035, -3.356935,riding
A, 637562, -0.973511, 0.240845, -0.019165, -0.427246, 1.098633, -0.610352,riding
B, 251115, -0.918701, -0.076538, -0.375122, 0.305176, -0.183106, -3.051759,riding
A, 637582, -0.973999, 0.240723, -0.026733, -0.183106, 0.793457, -0.915528,riding
B, 251135, -0.917847, -0.081055, -0.375122, 0.366211, -0.427246, -2.807618,riding
A, 637602, -0.974243, 0.241577, -0.028687, -0.915528, 0.610352, -1.159668,riding
B, 251155, -0.916260, -0.083496, -0.378174, -0.244141, -0.671387, -2.807618,riding
A, 637622, -0.972778, 0.246948, -0.028931, -0.610352, 0.305176, -1.403809,riding
B, 251175, -0.915283, -0.078979, -0.381958, -0.061035, -0.915528, -2.502441,riding
A, 637642, -0.973511, 0.243896, -0.028442, -0.183106, -0.061035, -1.708985,riding
B, 251195, -0.914307, -0.080078, -0.381714, 0.366211, -1.098633, -2.136230,riding
A, 637662, -0.974365, 0.238770, -0.031982, 0.000000, -0.305176, -1.892090,riding
B, 251215, -0.916626, -0.084229, -0.376221, 0.488281, -1.342773, -1.708985,riding
A, 637682, -0.975830, 0.234863, -0.024658, -0.366211, -0.488281, -1.953125,riding
B, 251235, -0.918335, -0.080200, -0.374390, -0.122070, -1.647950, -1.770020,riding
A, 637702, -0.972900, 0.243530, -0.018066, -0.793457, -0.610352, -2.136230,riding
B, 251255, -0.917847, -0.074585, -0.376587, -0.061035, -1.831055, -1.525879,riding
A, 637722, -0.971802, 0.247437, -0.014893, -0.244141, -0.854492, -2.563477,riding
B, 251275, -0.916504, -0.077393, -0.377930, 0.305176, -2.075195, -1.281738,riding
A, 637742, -0.972900, 0.244751, -0.015503, -0.183106, -0.976563, -2.807618,riding
B, 251295, -0.917358, -0.077271, -0.379150, 0.366211, -2.258301, -1.159668,riding
A, 637762, -0.973999, 0.235962, -0.017822, 0.244141, -1.220703, -3.051759,riding
B, 251315, -0.919189, -0.076050, -0.375000, 0.732422, -2.441406, -0.793457,riding
A, 637782, -0.976685, 0.221313, -0.017212, 0.305176, -1.464844, -3.173829,riding
B, 251335, -0.920288, -0.077026, -0.370361, 0.671387, -2.563477, -0.671387,riding
A, 637802, -0.977539, 0.219482, -0.016968, 0.183106, -1.647950, -3.234864,riding
B, 251355, -0.921875, -0.079712, -0.366211, 0.549316, -2.746582, -0.488281,riding
A, 637822, -0.976563, 0.222412, -0.016602, 0.183106, -1.831055, -3.417970,riding
B, 251375, -0.921997, -0.078369, -0.364014, 0.549316, -2.868653, -0.366211,riding
A, 637842, -0.976929, 0.218140, -0.017090, 0.610352, -2.014160, -3.601075,riding
B, 251395, -0.923828, -0.076538, -0.361084, 0.915528, -2.929688, 0.000000,riding
A, 637862, -0.980713, 0.205078, -0.014648, 0.732422, -2.197266, -3.723145,riding
B, 251415, -0.925293, -0.077515, -0.356812, 0.915528, -2.990724, 0.061035,riding
A, 637882, -0.982910, 0.192627, -0.007935, 0.244141, -2.197266, -3.723145,riding
B, 251435, -0.927246, -0.075195, -0.352661, 0.549316, -2.990724, 0.122070,riding
A, 637902, -0.983154, 0.188599, -0.012573, 0.488281, -2.380371, -3.540040,riding
B, 251455, -0.927979, -0.076416, -0.351563, 0.732422, -2.990724, 0.305176,riding
A, 637922, -0.984375, 0.182983, -0.013550, 0.244141, -2.502441, -3.479005,riding
B, 251475, -0.929077, -0.075928, -0.349731, 0.488281, -2.929688, 0.366211,riding
A, 637942, -0.984863, 0.179321, -0.005127, 0.183106, -2.624512, -3.417970,riding
B, 251495, -0.931641, -0.067749, -0.341187, 0.427246, -2.746582, 0.488281,riding
A, 637962, -0.986084, 0.168091, 0.011963, 0.061035, -2.624512, -3.234864,riding
B, 251515, -0.933716, -0.067505, -0.337402, 0.244141, -2.624512, 0.427246,riding
A, 637982, -0.986938, 0.162842, 0.005493, 0.061035, -2.624512, -3.051759,riding
B, 251535, -0.934204, -0.067749, -0.335205, 0.244141, -2.502441, 0.488281,riding
A, 638002, -0.988647, 0.158325, 0.002563, -0.122070, -2.624512, -2.868653,riding
B, 251555, -0.933716, -0.067505, -0.335938, 0.061035, -2.319336, 0.488281,riding
A, 638022, -0.987671, 0.160767, -0.003296, -0.122070, -2.746582, -2.685547,riding
B, 251575, -0.934082, -0.069824, -0.337280, 0.000000, -2.197266, 0.549316,riding
A, 638042, -0.988647, 0.155273, -0.007324, 0.305176, -2.868653, -2.441406,riding
B, 251595, -0.934937, -0.074951, -0.334351, 0.305176, -1.953125, 0.793457,riding
A, 638062, -0.991333, 0.140625, -0.001221, -0.061035, -2.929688, -2.197266,riding
B, 251615, -0.938965, -0.066528, -0.323608, -0.366211, -1.586915, 0.671387,riding
A, 638082, -0.991211, 0.140991, 0.011353, -0.671387, -2.929688, -1.770020,riding
B, 251635, -0.940430, -0.059814, -0.323242, -0.610352, -1.342773, 0.671387,riding
A, 638102, -0.989868, 0.143799, 0.020508, -0.610352, -2.929688, -1.586915,riding
B, 251655, -0.939087, -0.060059, -0.325806, -0.488281, -1.098633, 0.671387,riding
A, 638122, -0.989990, 0.144287, 0.024414, -0.549316, -2.807618, -1.220703,riding
B, 251675, -0.939087, -0.057495, -0.327148, -0.610352, -0.854492, 0.610352,riding
A, 638142, -0.988525, 0.144165, 0.046143, -1.220703, -2.624512, -0.854492,riding
B, 251695, -0.939209, -0.044189, -0.328369, -1.098633, -0.610352, 0.244141,riding
A, 638162, -0.986572, 0.154541, 0.073486, -1.403809, -2.380371, -0.549316,riding
B, 251715, -0.938477, -0.031616, -0.331543, -1.220703, -0.427246, 0.000000,riding
A, 638182, -0.984619, 0.163818, 0.098755, -1.159668, -1.953125, -0.366211,riding
B, 251735, -0.938110, -0.025391, -0.334229, -0.976563, -0.122070, -0.305176,riding
A, 638202, -0.983643, 0.167969, 0.098511, -0.549316, -1.464844, -0.366211,riding
B, 251755, -0.936890, -0.024780, -0.337280, -0.244141, 0.122070, -0.671387,riding
A, 638222, -0.983154, 0.173828, 0.066040, -0.244141, -1.159668, -0.183106,riding
B, 251775, -0.934082, -0.040283, -0.342529, -0.183106, 0.183106, -1.037598,riding
A, 638242, -0.982178, 0.184692, 0.040161, -0.549316, -0.976563, -0.122070,riding
B, 251795, -0.931396, -0.048950, -0.344849, -0.183106, 0.305176, -1.220703,riding
A, 638262, -0.983154, 0.181152, 0.036255, -0.061035, -0.854492, -0.183106,riding
B, 251815, -0.933472, -0.052246, -0.339355, 0.305176, 0.488281, -1.159668,riding
A, 638282, -0.987305, 0.163330, 0.025391, 0.183106, -0.854492, -0.122070,riding
B, 251835, -0.936035, -0.057983, -0.331421, 0.244141, 0.610352, -1.220703,riding
A, 638302, -0.988037, 0.155518, 0.014282, -0.671387, -0.793457, 0.305176,riding
B, 251855, -0.936035, -0.061279, -0.332275, -0.244141, 0.732422, -1.342773,riding
A, 638322, -0.984741, 0.166016, 0.040649, -1.098633, -0.732422, 0.549316,riding
B, 251875, -0.934570, -0.043945, -0.339355, -0.671387, 0.915528, -1.647950,riding
A, 638342, -0.983887, 0.174561, 0.075073, -0.915528, -0.427246, 0.671387,riding
B, 251895, -0.935425, -0.031738, -0.342529, -0.488281, 1.098633, -1.831055,riding
A, 638362, -0.983398, 0.170898, 0.083740, -0.244141, -0.122070, 0.610352,riding
B, 251915, -0.936401, -0.029663, -0.338501, 0.183106, 1.342773, -1.953125,riding
A, 638382, -0.985840, 0.159424, 0.066650, -0.061035, 0.305176, 0.915528,riding
B, 251935, -0.935547, -0.040283, -0.337036, 0.183106, 1.525879, -2.258301,riding
A, 638402, -0.986206, 0.164063, 0.041504, -0.610352, 0.549316, 1.220703,riding
B, 251955, -0.932983, -0.051514, -0.341919, -0.305176, 1.586915, -2.685547,riding
A, 638422, -0.982910, 0.181641, 0.026123, -0.976563, 0.793457, 1.342773,riding
B, 251975, -0.931396, -0.057129, -0.345581, -0.427246, 1.708985, -2.807618,riding
A, 638442, -0.983032, 0.184937, 0.011719, -0.366211, 0.732422, 1.281738,riding
B, 251995, -0.931641, -0.063477, -0.344238, 0.122070, 1.892090, -2.624512,riding
A, 638462, -0.986572, 0.171631, -0.004883, -0.061035, 0.610352, 1.342773,riding
B, 252015, -0.932129, -0.077148, -0.340088, -0.061035, 2.075195, -2.441406,riding
A, 638482, -0.987427, 0.166016, -0.012451, -1.098633, 0.427246, 1.770020,riding
B, 252035, -0.931641, -0.078247, -0.343384, -0.854492, 2.197266, -2.685547,riding
A, 638502, -0.984985, 0.175903, 0.003784, -1.708985, 0.488281, 2.014160,riding
B, 252055, -0.929321, -0.066772, -0.348022, -1.342773, 2.258301, -2.807618,riding
A, 638522, -0.982056, 0.188721, 0.021362, -1.770020, 0.549316, 2.075195,riding
B, 252075, -0.928467, -0.057373, -0.351807, -1.281738, 2.380371, -2.807618,riding
A, 638542, -0.980347, 0.195068, 0.019531, -1.037598, 0.488281, 2.197266,riding
B, 252095, -0.925659, -0.062256, -0.357056, -0.793457, 2.441406, -2.624512,riding
A, 638562, -0.977905, 0.207642, 0.020752, -2.014160, 0.732422, 2.319336,riding
B, 252115, -0.923584, -0.064575, -0.364380, -1.647950, 2.380371, -3.051759,riding
A, 638582, -0.973145, 0.233765, 0.023926, -2.746582, 0.915528, 2.258301,riding
B, 252135, -0.919312, -0.055786, -0.374023, -2.197266, 2.197266, -3.356935,riding
A, 638602, -0.969727, 0.253418, 0.022705, -2.258301, 0.976563, 1.892090,riding
B, 252155, -0.915649, -0.060181, -0.383423, -1.403809, 1.953125, -3.173829,riding
A, 638622, -0.969604, 0.259888, 0.009888, -1.525879, 0.915528, 1.464844,riding
B, 252175, -0.915649, -0.070068, -0.384766, -0.610352, 1.770020, -2.868653,riding
A, 638642, -0.970581, 0.255371, -0.019287, -0.488281, 0.671387, 1.098633,riding
B, 252195, -0.914551, -0.084106, -0.384644, 0.183106, 1.525879, -2.441406,riding
A, 638662, -0.973267, 0.243652, -0.041748, -0.610352, 0.244141, 0.732422,riding
B, 252215, -0.913940, -0.090820, -0.384033, -0.305176, 1.281738, -2.380371,riding
A, 638682, -0.973877, 0.243042, -0.031006, -0.671387, 0.000000, 0.549316,riding
B, 252235, -0.914185, -0.085815, -0.382202, -0.305176, 1.037598, -2.258301,riding
A, 638702, -0.976440, 0.228760, -0.021118, 0.061035, -0.305176, 0.366211,riding
B, 252255, -0.916870, -0.083496, -0.375244, 0.305176, 0.915528, -1.770020,riding
A, 638722, -0.977661, 0.225830, -0.037109, -0.366211, -0.305176, 0.305176,riding
B, 252275, -0.916382, -0.095215, -0.375610, -0.366211, 0.671387, -1.647950,riding
A, 638742, -0.975220, 0.238037, -0.048950, -1.220703, -0.488281, 0.366211,riding
B, 252295, -0.914795, -0.096191, -0.381592, -1.220703, 0.488281, -1.708985,riding
A, 638762, -0.972534, 0.253174, -0.047729, -1.586915, -0.732422, 0.061035,riding
B, 252315, -0.912964, -0.091309, -0.386230, -0.915528, 0.305176, -1.342773,riding
B, 252355, -0.916992, -0.085815, -0.378174, -0.549316, 0.000000, -0.732422,riding
A, 638822, -0.975220, 0.230957, -0.000488, -1.525879, -1.525879, -0.427246,riding
B, 252375, -0.915894, -0.076538, -0.380737, -1.098633, -0.305176, -0.854492,riding
A, 638842, -0.969360, 0.257080, 0.024902, -2.075195, -1.281738, -0.549316,riding
B, 252395, -0.914551, -0.064453, -0.387085, -1.708985, -0.549316, -1.159668,riding
A, 638862, -0.965820, 0.275391, 0.023804, -1.098633, -1.281738, -1.098633,riding
B, 252415, -0.913086, -0.057251, -0.394165, -0.366211, -0.793457, -0.793457,riding
A, 638882, -0.967407, 0.265137, 0.009888, 0.244141, -1.464844, -1.586915,riding
B, 252435, -0.913086, -0.067139, -0.390869, 0.427246, -1.098633, -0.610352,riding
A, 638902, -0.971436, 0.251709, -0.002686, -0.366211, -1.342773, -1.831055,riding
B, 252455, -0.913696, -0.073975, -0.388184, -0.183106, -1.342773, -0.793457,riding
A, 638922, -0.970459, 0.255737, -0.015747, -0.549316, -1.403809, -1.953125,riding
B, 252475, -0.913574, -0.083008, -0.386841, -0.061035, -1.586915, -0.671387,riding
A, 638942, -0.971924, 0.250977, -0.027954, 0.000000, -1.708985, -2.319336,riding
B, 252495, -0.914551, -0.085693, -0.382935, 0.244141, -1.770020, -0.427246,riding
A, 638962, -0.974487, 0.238525, -0.026855, 0.061035, -1.892090, -2.624512,riding
B, 252515, -0.916992, -0.080566, -0.375366, 0.366211, -1.892090, -0.244141,riding
A, 638982, -0.976929, 0.221069, -0.013184, 0.244141, -2.136230, -2.685547,riding
B, 252535, -0.921509, -0.077759, -0.369629, 0.061035, -2.136230, -0.183106,riding
A, 639002, -0.978760, 0.214233, 0.015503, -0.732422, -1.953125, -2.563477,riding
B, 252555, -0.921631, -0.066284, -0.371094, -0.427246, -2.197266, -0.427246,riding
A, 639022, -0.975342, 0.224731, 0.024048, -0.915528, -1.708985, -2.563477,riding
B, 252575, -0.920532, -0.059692, -0.373169, -0.488281, -2.258301, -0.549316,riding
A, 639042, -0.972778, 0.238403, 0.017090, -0.305176, -1.770020, -2.746582,riding
B, 252595, -0.920410, -0.060547, -0.376343, 0.061035, -2.319336, -0.366211,riding
A, 639062, -0.972534, 0.237915, 0.029175, 0.000000, -1.770020, -2.990724,riding
B, 252615, -0.920288, -0.056274, -0.373901, 0.366211, -2.441406, -0.488281,riding
A, 639082, -0.974976, 0.223755, 0.037964, 0.854492, -1.647950, -3.356935,riding
B, 252635, -0.924683, -0.053711, -0.366821, 1.220703, -2.502441, -0.305176,riding
A, 639102, -0.979858, 0.202393, 0.020020, 1.464844, -1.525879, -3.356935,riding
B, 252655, -0.925659, -0.066284, -0.359619, 1.708985, -2.502441, -0.305176,riding
A, 639122, -0.981445, 0.194946, -0.001953, 0.732422, -1.525879, -3.173829,riding
B, 252675, -0.924438, -0.072388, -0.359741, 0.671387, -2.502441, -0.671387,riding
A, 639142, -0.981567, 0.196899, 0.009155, 0.061035, -1.464844, -3.051759,riding
B, 252695, -0.925537, -0.061035, -0.359009, 0.488281, -2.502441, -0.793457,riding
A, 639162, -0.979126, 0.200928, 0.027222, 0.366211, -1.403809, -2.990724,riding
B, 252715, -0.928467, -0.057129, -0.356201, 0.976563, -2.441406, -0.732422,riding
A, 639182, -0.981201, 0.188843, 0.039307, 0.671387, -1.159668, -2.929688,riding
B, 252735, -0.928223, -0.055298, -0.351318, 1.037598, -2.380371, -0.915528,riding
A, 639202, -0.980103, 0.188965, 0.052246, -0.122070, -0.854492, -2.807618,riding
B, 252755, -0.929565, -0.050049, -0.351196, 0.488281, -2.319336, -1.464844,riding
A, 639222, -0.978027, 0.199463, 0.076782, -0.793457, -0.305176, -2.685547,riding
B, 252775, -0.929688, -0.038574, -0.354614, -0.122070, -2.380371, -2.014160,riding
A, 639242, -0.976807, 0.207642, 0.081665, 0.122070, 0.061035, -2.990724,riding
B, 252795, -0.929443, -0.033081, -0.358765, 0.671387, -2.197266, -2.136230,riding
A, 639262, -0.982544, 0.181030, 0.056519, 2.624512, 0.000000, -3.173829,riding
B, 252815, -0.931274, -0.048706, -0.345947, 3.295899, -1.831055, -1.770020,riding
A, 639282, -0.987061, 0.154419, 0.037720, 2.319336, 0.305176, -2.746582,riding
B, 252835, -0.935059, -0.062134, -0.338745, 2.380371, -1.708985, -2.319336,riding
A, 639302, -0.988403, 0.150146, 0.022339, 1.220703, 0.671387, -2.258301,riding
B, 252855, -0.933960, -0.071777, -0.334351, 1.892090, -1.525879, -2.563477,riding
A, 639322, -0.988892, 0.154175, -0.000366, 1.403809, 0.793457, -1.953125,riding
B, 252875, -0.934204, -0.089233, -0.331909, 1.953125, -1.220703, -2.502441,riding
A, 639342, -0.990356, 0.150513, -0.050171, 1.464844, 0.671387, -1.892090,riding
B, 252895, -0.932617, -0.106689, -0.329956, 2.075195, -0.976563, -2.136230,riding
A, 639362, -0.993042, 0.147583, -0.080688, -0.244141, 0.122070, -1.403809,riding
B, 252915, -0.933716, -0.114868, -0.333374, 0.732422, -0.793457, -2.197266,riding
A, 639382, -0.991089, 0.154785, -0.067627, -0.488281, -0.244141, -1.098633,riding
B, 252935, -0.932251, -0.109253, -0.335327, 0.488281, -0.488281, -1.586915,riding
B, 252955, -0.931152, -0.120728, -0.336304, 0.732422, -0.122070, -1.037598,riding
B, 252975, -0.929321, -0.129517, -0.338501, 0.793457, 0.122070, -0.427246,riding
B, 252995, -0.927979, -0.131836, -0.337036, 0.976563, 0.366211, 0.366211,riding
B, 253015, -0.930298, -0.123413, -0.337158, -0.732422, 0.549316, 0.305176,riding
B, 253035, -0.931396, -0.119507, -0.333862, 0.122070, 0.793457, 1.159668,riding
B, 253055, -0.931885, -0.122314, -0.331909, -0.183106, 0.976563, 1.647950,riding
A, 639402, -0.991821, 0.150635, -0.071411, 0.732422, -0.793457, -1.037598,riding
A, 639422, -0.992310, 0.149536, -0.108276, 0.427246, -1.159668, -0.549316,riding
A, 639442, -0.993652, 0.148926, -0.121460, 1.403809, -2.258301, -0.305176,riding
A, 639462, -0.992676, 0.151001, -0.094727, -0.427246, -2.502441, 0.122070,riding
A, 639482, -0.991089, 0.162598, -0.088257, 0.000000, -2.990724, 0.244141,riding
A, 639502, -0.992554, 0.147583, -0.089844, 0.671387, -3.601075, 0.488281,riding
A, 639522, -0.989624, 0.158569, -0.073730, -2.563477, -3.906251, 1.098633,riding
B, 253075, -0.928101, -0.108276, -0.342163, -2.807618, 1.159668, 1.403809,riding
A, 639542, -0.985962, 0.178223, -0.058594, -1.647950, -4.394531, 1.281738,riding
B, 253095, -0.926758, -0.102173, -0.349365, -1.953125, 1.403809, 2.197266,riding
B, 253115, -0.925171, -0.098389, -0.354126, -2.258301, 1.464844, 2.319336,riding
B, 253135, -0.924561, -0.081787, -0.357178, -3.173829, 1.403809, 2.197266,riding
B, 253155, -0.922974, -0.070923, -0.363647, -3.356935, 1.342773, 2.258301,riding
B, 253175, -0.920532, -0.067871, -0.372803, -3.112794, 1.281738, 2.319336,riding
B, 253195, -0.917480, -0.057861, -0.382202, -2.441406, 1.037598, 2.380371,riding
B, 253215, -0.916504, -0.041016, -0.386597, -1.953125, 0.732422, 2.441406,riding
A, 639562, -0.984497, 0.180786, -0.043213, -1.464844, -4.699707, 1.342773,riding
A, 639582, -0.982422, 0.192261, -0.027954, -2.624512, -4.699707, 1.586915,riding
A, 639602, -0.978394, 0.213135, -0.004395, -2.929688, -4.882813, 1.647950,riding
A, 639622, -0.972534, 0.235229, 0.010620, -2.746582, -4.882813, 1.464844,riding
A, 639642, -0.968872, 0.248901, 0.022217, -2.075195, -4.821777, 1.159668,riding
A, 639662, -0.968018, 0.255371, 0.038696, -1.892090, -4.821777, 0.793457,riding
A, 639682, -0.967285, 0.261475, 0.049683, -1.281738, -4.760742, 0.427246,riding
B, 253235, -0.914795, -0.042603, -0.388916, -1.525879, 0.488281, 2.258301,riding
A, 639702, -0.967651, 0.257324, 0.066040, -0.854492, -4.333496, -0.061035,riding
B, 253255, -0.917236, -0.038574, -0.386719, -1.281738, 0.244141, 2.075195,riding
A, 639722, -0.968140, 0.253662, 0.072510, -0.732422, -4.028320, -0.244141,riding
B, 253275, -0.918579, -0.029297, -0.382446, -1.098633, 0.000000, 1.770020,riding
A, 639742, -0.967529, 0.257202, 0.081787, -1.159668, -3.662110, -0.549316,riding
B, 253295, -0.920044, -0.024536, -0.383301, -1.281738, -0.305176, 1.281738,riding
A, 639762, -0.965454, 0.260254, 0.093140, -0.793457, -3.295899, -0.915528,riding
B, 253315, -0.917847, -0.025146, -0.384033, -0.854492, -0.610352, 0.915528,riding
A, 639782, -0.967041, 0.255005, 0.102783, -0.732422, -2.685547, -1.220703,riding
B, 253335, -0.920166, -0.015381, -0.383789, -0.549316, -0.976563, 0.305176,riding
A, 639802, -0.968506, 0.248291, 0.105591, -0.488281, -2.197266, -1.525879,riding
B, 253355, -0.920288, -0.012451, -0.382568, -0.183106, -1.037598, -0.122070,riding
A, 639822, -0.969238, 0.243896, 0.098389, -0.183106, -1.770020, -1.647950,riding
B, 253375, -0.919189, -0.022583, -0.383911, -0.061035, -1.342773, -0.610352,riding
A, 639842, -0.968262, 0.252686, 0.091431, -0.549316, -1.281738, -1.831055,riding
B, 253395, -0.918579, -0.026489, -0.386108, -0.061035, -1.586915, -1.098633,riding
A, 639862, -0.966553, 0.258423, 0.092163, -0.183106, -0.915528, -2.197266,riding
B, 253415, -0.920044, -0.017700, -0.380981, 0.305176, -1.831055, -1.464844,riding
A, 639882, -0.968994, 0.246094, 0.094849, 0.488281, -0.305176, -2.746582,riding
B, 253435, -0.922852, -0.016235, -0.375610, 0.854492, -1.953125, -1.708985,riding
A, 639902, -0.972534, 0.227661, 0.077148, 0.854492, 0.061035, -3.051759,riding
B, 253455, -0.923950, -0.030884, -0.370239, 1.403809, -2.075195, -1.953125,riding
A, 639922, -0.974976, 0.216919, 0.053467, 0.488281, 0.488281, -2.990724,riding
B, 253475, -0.923706, -0.043701, -0.369019, 1.037598, -2.258301, -2.624512,riding
A, 639942, -0.976685, 0.213379, 0.036133, 0.671387, 0.549316, -3.051759,riding
B, 253495, -0.924683, -0.044312, -0.365845, 1.464844, -2.258301, -2.563477,riding
A, 639962, -0.979004, 0.203369, 0.032593, 0.854492, 0.610352, -2.990724,riding
B, 253515, -0.926758, -0.053711, -0.359741, 1.586915, -2.258301, -2.624512,riding
A, 639982, -0.981323, 0.194336, 0.023071, 1.037598, 0.671387, -2.990724,riding
B, 253535, -0.929565, -0.063110, -0.352295, 1.831055, -2.197266, -2.624512,riding
A, 640002, -0.984009, 0.180298, 0.022949, 0.854492, 0.793457, -2.868653,riding
B, 253555, -0.931519, -0.060425, -0.344482, 1.342773, -2.136230, -2.868653,riding
A, 640022, -0.982910, 0.179443, 0.026978, -0.305176, 1.037598, -2.685547,riding
B, 253575, -0.931519, -0.054688, -0.345581, 0.488281, -2.136230, -3.295899,riding
A, 640042, -0.982178, 0.188354, 0.015503, 0.000000, 1.098633, -2.685547,riding
B, 253595, -0.926880, -0.072021, -0.352173, 1.403809, -1.831055, -2.929688,riding
A, 640062, -0.984985, 0.177979, -0.004150, 0.549316, 0.976563, -2.563477,riding
B, 253615, -0.927124, -0.074951, -0.351807, 1.159668, -1.770020, -2.990724,riding
A, 640082, -0.985840, 0.171997, -0.000122, 0.183106, 0.915528, -2.319336,riding
B, 253635, -0.929932, -0.064941, -0.347412, 0.976563, -1.647950, -2.990724,riding
A, 640102, -0.986572, 0.168335, 0.003540, 0.793457, 0.793457, -2.136230,riding
B, 253655, -0.933716, -0.070435, -0.339966, 1.647950, -1.342773, -2.746582,riding
A, 640122, -0.988647, 0.160889, -0.010498, 1.403809, 0.671387, -2.014160,riding
B, 253675, -0.933105, -0.086792, -0.335693, 2.014160, -1.159668, -2.502441,riding
A, 640142, -0.989014, 0.154297, -0.022217, 0.854492, 0.610352, -1.770020,riding
B, 253695, -0.934448, -0.087646, -0.333008, 1.342773, -0.915528, -2.563477,riding
A, 640162, -0.989014, 0.150879, -0.016602, 0.244141, 0.549316, -1.525879,riding
B, 253715, -0.934814, -0.077148, -0.333618, 0.854492, -0.793457, -2.624512,riding
A, 640182, -0.990234, 0.148193, -0.005859, -0.061035, 0.488281, -1.220703,riding
B, 253735, -0.933350, -0.086182, -0.335815, 0.732422, -0.366211, -2.441406,riding
A, 640202, -0.990967, 0.149414, -0.026001, 0.427246, 0.427246, -0.915528,riding
B, 253755, -0.930908, -0.099487, -0.337036, 0.976563, -0.061035, -2.136230,riding
A, 640222, -0.990479, 0.152222, -0.057129, -0.427246, 0.122070, -0.244141,riding
B, 253775, -0.930176, -0.100952, -0.339355, -0.061035, 0.061035, -2.197266,riding
A, 640242, -0.986938, 0.173218, -0.052124, -1.281738, -0.183106, 0.000000,riding
B, 253795, -0.929932, -0.095093, -0.342529, -0.793457, 0.183106, -2.136230,riding
A, 640262, -0.984619, 0.187256, -0.040527, -0.854492, -0.488281, 0.061035,riding
B, 253815, -0.927734, -0.099609, -0.346313, -0.488281, 0.244141, -1.770020,riding
A, 640282, -0.984131, 0.191772, -0.036011, -1.037598, -0.549316, -0.061035,riding
B, 253835, -0.926270, -0.097290, -0.349487, -0.732422, 0.366211, -1.586915,riding
A, 640302, -0.984497, 0.194214, -0.047729, -0.671387, -0.915528, 0.000000,riding
B, 253855, -0.925415, -0.093018, -0.353760, -0.488281, 0.427246, -1.098633,riding
A, 640322, -0.983521, 0.195068, -0.051392, -0.976563, -1.220703, 0.061035,riding
B, 253875, -0.922119, -0.100708, -0.361938, -0.854492, 0.366211, -0.915528,riding
A, 640342, -0.981201, 0.205322, -0.051636, -1.037598, -1.525879, 0.122070,riding
B, 253895, -0.920166, -0.103271, -0.366211, -0.793457, 0.366211, -0.549316,riding
A, 640362, -0.979492, 0.214600, -0.051392, -0.732422, -1.831055, 0.122070,riding
B, 253915, -0.920288, -0.096680, -0.365356, -0.793457, 0.244141, -0.244141,riding
A, 640382, -0.977173, 0.224365, -0.052368, -0.793457, -2.136230, 0.000000,riding
B, 253935, -0.920898, -0.093750, -0.364624, -0.793457, 0.183106, 0.061035,riding
A, 640402, -0.978638, 0.223145, -0.056641, 0.061035, -2.807618, -0.488281,riding
B, 253955, -0.921509, -0.101318, -0.362549, -0.183106, 0.061035, 0.610352,riding
A, 640422, -0.981689, 0.202148, -0.053223, 0.000000, -3.051759, -0.671387,riding
B, 253975, -0.923462, -0.105591, -0.359009, -0.183106, 0.061035, 0.976563,riding
A, 640442, -0.983643, 0.189087, -0.042725, -0.793457, -3.234864, -0.427246,riding
B, 253995, -0.925415, -0.088989, -0.355103, -1.220703, 0.000000, 1.037598,riding
A, 640462, -0.984253, 0.188721, -0.033813, -1.159668, -3.479005, -0.244141,riding
B, 254015, -0.925049, -0.086670, -0.357544, -1.342773, 0.000000, 1.220703,riding
A, 640482, -0.982788, 0.195923, -0.023804, -1.525879, -3.540040, -0.183106,riding
B, 254035, -0.924805, -0.088379, -0.358521, -1.708985, 0.122070, 1.281738,riding
A, 640502, -0.982300, 0.193359, -0.021606, -1.220703, -3.723145, -0.122070,riding
B, 254055, -0.926758, -0.083374, -0.353516, -1.342773, 0.122070, 1.586915,riding
A, 640522, -0.983643, 0.185669, -0.024780, -0.732422, -4.089355, -0.183106,riding
B, 254075, -0.928467, -0.079346, -0.349243, -1.037598, 0.244141, 1.892090,riding
A, 640542, -0.984131, 0.181885, -0.011475, -1.464844, -4.150391, 0.122070,riding
B, 254095, -0.928467, -0.075195, -0.350220, -2.075195, 0.183106, 1.586915,riding
A, 640562, -0.981079, 0.193970, 0.019409, -2.441406, -3.967286, 0.183106,riding
B, 254115, -0.927124, -0.060791, -0.356201, -2.441406, 0.305176, 1.403809,riding
A, 640582, -0.978149, 0.204590, 0.053345, -1.647950, -3.723145, 0.122070,riding
B, 254135, -0.926636, -0.041992, -0.361938, -1.770020, 0.366211, 1.342773,riding
A, 640602, -0.978271, 0.204224, 0.057373, -0.976563, -3.601075, 0.122070,riding
B, 254155, -0.926880, -0.038086, -0.361694, -1.159668, 0.488281, 1.281738,riding
A, 640622, -0.978394, 0.200317, 0.072266, -0.976563, -3.356935, 0.244141,riding
B, 254175, -0.927246, -0.035889, -0.362549, -1.220703, 0.427246, 0.915528,riding
A, 640642, -0.975586, 0.211670, 0.089722, -1.403809, -2.807618, 0.366211,riding
B, 254195, -0.925781, -0.026733, -0.366089, -1.464844, 0.427246, 0.366211,riding
A, 640662, -0.971436, 0.230469, 0.100220, -1.159668, -2.380371, 0.244141,riding
B, 254215, -0.925049, -0.019043, -0.369751, -1.098633, 0.366211, 0.000000,riding
A, 640682, -0.970215, 0.236938, 0.106445, -0.854492, -1.892090, 0.000000,riding
B, 254235, -0.923340, -0.017090, -0.374023, -0.732422, 0.244141, -0.488281,riding
A, 640702, -0.968872, 0.245239, 0.115479, -0.976563, -1.342773, -0.305176,riding
B, 254255, -0.920410, -0.010742, -0.382324, -0.610352, -0.061035, -1.403809,riding
A, 640722, -0.965576, 0.258057, 0.124512, -0.915528, -0.610352, -0.488281,riding
B, 254275, -0.917847, -0.009521, -0.388550, -0.244141, -0.305176, -1.892090,riding
A, 640742, -0.964722, 0.265137, 0.112427, 0.244141, 0.183106, -1.098633,riding
B, 254295, -0.918335, -0.018921, -0.387573, 0.671387, -0.488281, -2.136230,riding
A, 640762, -0.969482, 0.246704, 0.079224, 0.427246, 0.549316, -1.403809,riding
B, 254315, -0.920166, -0.029907, -0.379639, 0.976563, -0.671387, -2.502441,riding
A, 640782, -0.972656, 0.231201, 0.063110, 0.488281, 0.915528, -1.586915,riding
B, 254335, -0.922852, -0.039063, -0.371216, 1.037598, -0.793457, -2.807618,riding
A, 640802, -0.976074, 0.223145, 0.043945, 0.549316, 1.159668, -1.647950,riding
B, 254355, -0.923706, -0.049805, -0.367676, 1.220703, -0.915528, -3.112794,riding
A, 640822, -0.976440, 0.215576, 0.023193, 0.610352, 1.220703, -1.770020,riding
B, 254375, -0.923218, -0.059692, -0.367310, 1.281738, -1.037598, -3.173829,riding
A, 640842, -0.978149, 0.210571, 0.004517, 0.549316, 1.220703, -1.831055,riding
B, 254395, -0.922729, -0.070190, -0.366211, 1.159668, -1.098633, -3.295899,riding
A, 640862, -0.978760, 0.210815, 0.004272, 0.061035, 1.220703, -1.586915,riding
B, 254415, -0.923462, -0.068359, -0.366577, 0.671387, -1.098633, -3.417970,riding
A, 640882, -0.977173, 0.213135, 0.005859, 0.366211, 1.220703, -1.831055,riding
B, 254435, -0.925415, -0.066406, -0.359985, 1.708985, -1.037598, -3.112794,riding
A, 640902, -0.981812, 0.192627, 0.012573, 1.220703, 1.159668, -1.892090,riding
B, 254455, -0.928955, -0.070068, -0.350098, 1.586915, -0.915528, -3.112794,riding
A, 640922, -0.983765, 0.181885, -0.010254, 0.549316, 1.220703, -1.586915,riding
B, 254475, -0.928467, -0.078735, -0.349365, 1.281738, -0.976563, -3.173829,riding
A, 640942, -0.985229, 0.177124, -0.015869, 0.183106, 1.220703, -1.403809,riding
B, 254495, -0.927124, -0.084229, -0.351929, 0.976563, -0.732422, -3.234864,riding
A, 640962, -0.985107, 0.183960, -0.022217, -0.488281, 1.281738, -1.220703,riding
B, 254515, -0.926392, -0.086548, -0.353882, 0.366211, -0.671387, -3.234864,riding
A, 640982, -0.984253, 0.191284, -0.039795, 0.183106, 0.976563, -1.098633,riding
B, 254535, -0.925171, -0.095337, -0.355347, 0.976563, -0.549316, -2.746582,riding
A, 641002, -0.983521, 0.188843, -0.048096, 0.244141, 0.610352, -1.037598,riding
B, 254555, -0.925415, -0.099854, -0.354004, 0.671387, -0.488281, -2.624512,riding
A, 641022, -0.983765, 0.192383, -0.056519, -0.305176, 0.488281, -0.915528,riding
B, 254575, -0.924438, -0.105713, -0.355835, 0.244141, -0.427246, -2.441406,riding
A, 641042, -0.983521, 0.197510, -0.070557, -0.061035, 0.061035, -0.915528,riding
B, 254595, -0.923462, -0.111694, -0.355713, 0.488281, -0.366211, -1.953125,riding
A, 641062, -0.984253, 0.193604, -0.073120, -0.061035, -0.427246, -0.915528,riding
B, 254615, -0.922852, -0.110229, -0.356445, 0.122070, -0.366211, -1.647950,riding
A, 641082, -0.984253, 0.189575, -0.063477, -0.549316, -0.732422, -0.793457,riding
B, 254635, -0.923828, -0.102905, -0.355835, -0.183106, -0.244141, -1.342773,riding
A, 641102, -0.984497, 0.184814, -0.052490, 0.000000, -1.281738, -0.610352,riding
B, 254655, -0.924072, -0.102539, -0.356201, 0.122070, -0.183106, -0.793457,riding
A, 641122, -0.984009, 0.190552, -0.041016, -0.732422, -1.403809, -0.366211,riding
B, 254675, -0.922852, -0.095825, -0.360962, -0.732422, -0.122070, -0.854492,riding
A, 641142, -0.979614, 0.210938, -0.028198, -0.732422, -1.586915, -0.366211,riding
B, 254695, -0.922241, -0.085449, -0.362915, -0.305176, -0.061035, -0.549316,riding
A, 641162, -0.979370, 0.211060, -0.037842, 1.159668, -2.075195, -0.610352,riding
B, 254715, -0.922485, -0.094482, -0.360107, 1.159668, 0.000000, 0.244141,riding
A, 641182, -0.983398, 0.195313, -0.037964, 0.915528, -2.319336, -0.732422,riding
B, 254735, -0.926025, -0.096558, -0.355225, 0.610352, 0.122070, 0.244141,riding
A, 641202, -0.983765, 0.183350, -0.021851, -0.244141, -2.258301, -0.366211,riding
B, 254755, -0.927979, -0.086304, -0.353027, -0.366211, 0.000000, 0.000000,riding
A, 641222, -0.983032, 0.189819, -0.010620, -1.037598, -2.197266, -0.305176,riding
B, 254775, -0.925659, -0.082275, -0.355835, -0.976563, 0.122070, -0.122070,riding
A, 641242, -0.979980, 0.205078, 0.000122, -1.708985, -2.075195, 0.000000,riding
B, 254795, -0.921143, -0.074951, -0.369385, -1.831055, 0.061035, -0.488281,riding
A, 641262, -0.975220, 0.228027, 0.007568, -1.647950, -1.953125, -0.244141,riding
B, 254815, -0.921631, -0.063721, -0.369873, -0.366211, 0.061035, 0.000000,riding
A, 641282, -0.978027, 0.210327, 0.039673, -0.244141, -2.136230, -0.549316,riding
B, 254835, -0.924683, -0.057129, -0.364502, -0.244141, 0.061035, -0.183106,riding
A, 641302, -0.980347, 0.196777, 0.048706, -0.732422, -1.647950, -0.488281,riding
B, 254855, -0.927856, -0.053223, -0.358398, -0.488281, 0.061035, -0.549316,riding
A, 641322, -0.982788, 0.188110, 0.028442, -0.122070, -1.403809, -0.244141,riding
B, 254875, -0.926514, -0.065918, -0.357300, -0.061035, 0.122070, -0.549316,riding
A, 641342, -0.980835, 0.200195, 0.009155, -1.708985, -1.098633, 0.061035,riding
B, 254895, -0.924561, -0.072021, -0.364624, -1.403809, 0.061035, -1.220703,riding
A, 641362, -0.974365, 0.233765, 0.006958, -2.136230, -1.098633, 0.122070,riding
B, 254915, -0.918091, -0.068848, -0.378418, -1.403809, 0.000000, -1.220703,riding
A, 641382, -0.971436, 0.248413, 0.005981, -1.037598, -1.159668, -0.366211,riding
B, 254935, -0.916016, -0.074707, -0.380249, -0.305176, -0.183106, -0.915528,riding
A, 641402, -0.972168, 0.245239, -0.007568, -0.183106, -1.281738, -0.732422,riding
B, 254955, -0.918457, -0.079712, -0.376831, 0.061035, -0.244141, -0.732422,riding
A, 641422, -0.976196, 0.225464, -0.014526, -0.183106, -1.403809, -1.037598,riding
B, 254975, -0.920654, -0.077515, -0.369507, -0.122070, -0.427246, -0.732422,riding
A, 641442, -0.977539, 0.215576, -0.001221, -0.793457, -1.403809, -0.915528,riding
B, 254995, -0.921509, -0.077026, -0.369873, -0.488281, -0.488281, -0.854492,riding
A, 641462, -0.977417, 0.218872, 0.000488, -0.488281, -1.403809, -0.976563,riding
B, 255015, -0.921509, -0.078247, -0.370117, -0.305176, -0.488281, -0.793457,riding
A, 641482, -0.976685, 0.224121, -0.004150, -0.610352, -1.342773, -0.915528,riding
B, 255035, -0.919312, -0.076416, -0.372559, -0.305176, -0.671387, -0.854492,riding
A, 641502, -0.975464, 0.232422, -0.009277, -0.366211, -1.464844, -1.220703,riding
B, 255055, -0.919312, -0.074341, -0.372192, 0.244141, -0.671387, -0.549316,riding
A, 641522, -0.978027, 0.220581, -0.014526, 0.732422, -1.708985, -1.403809,riding
B, 255075, -0.922119, -0.086304, -0.364502, 0.854492, -0.671387, -0.183106,riding
A, 641542, -0.982178, 0.194824, -0.026245, 0.549316, -1.770020, -1.342773,riding
B, 255095, -0.925415, -0.093262, -0.357056, 0.488281, -0.671387, -0.244141,riding
A, 641562, -0.984375, 0.186646, -0.037231, 0.183106, -1.953125, -1.220703,riding
B, 255115, -0.925171, -0.090210, -0.355957, 0.122070, -0.610352, -0.122070,riding
A, 641582, -0.983521, 0.190063, -0.027344, -0.305176, -2.136230, -0.976563,riding
B, 255135, -0.925049, -0.084229, -0.359375, -0.305176, -0.549316, -0.183106,riding
A, 641602, -0.982178, 0.192505, -0.011841, -0.122070, -2.258301, -0.915528,riding
B, 255155, -0.925537, -0.081787, -0.358398, 0.183106, -0.427246, 0.122070,riding
A, 641622, -0.983398, 0.183594, -0.014160, 0.671387, -2.380371, -0.793457,riding
B, 255175, -0.926025, -0.085205, -0.356567, 0.549316, -0.244141, 0.366211,riding
A, 641642, -0.985107, 0.174805, -0.007935, 0.122070, -2.441406, -0.610352,riding
B, 255195, -0.929688, -0.075317, -0.348755, -0.061035, -0.061035, 0.244141,riding
A, 641662, -0.984009, 0.177612, 0.008911, -0.915528, -2.258301, -0.244141,riding
B, 255215, -0.928711, -0.073975, -0.350830, -1.037598, 0.061035, -0.122070,riding
A, 641682, -0.981445, 0.194458, 0.020020, -1.525879, -2.014160, -0.122070,riding
B, 255235, -0.926270, -0.070313, -0.357544, -1.281738, 0.122070, -0.305176,riding
A, 641702, -0.979126, 0.205444, 0.023315, -1.037598, -1.953125, -0.122070,riding
B, 255255, -0.924072, -0.061646, -0.364746, -0.976563, 0.183106, -0.366211,riding
A, 641722, -0.977783, 0.213135, 0.026123, -1.403809, -1.708985, -0.061035,riding
B, 255275, -0.922119, -0.054932, -0.372559, -1.159668, 0.122070, -0.610352,riding
A, 641742, -0.975708, 0.224854, 0.031616, -1.037598, -1.708985, -0.061035,riding
B, 255295, -0.920288, -0.057617, -0.376709, -0.732422, 0.183106, -0.610352,riding
A, 641762, -0.972778, 0.234009, 0.039429, -0.732422, -1.525879, -0.061035,riding
B, 255315, -0.918945, -0.055908, -0.380737, -1.403809, -0.122070, -1.159668,riding
A, 641782, -0.969116, 0.253662, 0.049194, -2.075195, -0.976563, -0.305176,riding
B, 255335, -0.918335, -0.040405, -0.382202, -1.220703, -0.366211, -1.464844,riding
A, 641802, -0.967651, 0.258057, 0.061768, 0.061035, -0.915528, -1.220703,riding
B, 255355, -0.920044, -0.041260, -0.378906, 0.427246, -0.366211, -1.159668,riding
A, 641822, -0.973999, 0.227173, 0.050293, 0.549316, -0.610352, -1.464844,riding
B, 255375, -0.921265, -0.054810, -0.373901, 0.793457, -0.488281, -1.342773,riding
A, 641842, -0.980347, 0.202637, 0.022583, 0.488281, -0.366211, -1.342773,riding
B, 255395, -0.922485, -0.066162, -0.370972, 0.732422, -0.549316, -1.586915,riding
A, 641862, -0.980835, 0.195313, 0.015381, -0.427246, -0.122070, -0.976563,riding
B, 255415, -0.923218, -0.063110, -0.368408, 0.000000, -0.549316, -2.014160,riding
A, 641882, -0.978638, 0.208862, 0.021851, -0.793457, -0.061035, -0.732422,riding
B, 255435, -0.922852, -0.060791, -0.367554, -0.244141, -0.488281, -2.136230,riding
A, 641902, -0.976196, 0.221558, 0.023071, -0.122070, -0.061035, -0.854492,riding
B, 255455, -0.922607, -0.071289, -0.367065, 0.366211, -0.488281, -2.136230,riding
A, 641922, -0.975220, 0.227173, 0.009766, -0.183106, 0.183106, -1.037598,riding
B, 255475, -0.921875, -0.074951, -0.367432, 0.305176, -0.549316, -2.258301,riding
A, 641942, -0.975464, 0.227783, -0.010254, -0.061035, 0.122070, -1.281738,riding
B, 255495, -0.919312, -0.076782, -0.371460, 0.366211, -0.671387, -2.197266,riding
A, 641962, -0.976563, 0.221680, -0.004883, -0.671387, 0.122070, -1.281738,riding
B, 255515, -0.918213, -0.078857, -0.374878, -0.305176, -0.793457, -2.441406,riding
A, 641982, -0.977783, 0.218994, 0.000366, -0.122070, 0.122070, -1.342773,riding
B, 255535, -0.917969, -0.076172, -0.376099, 0.305176, -0.732422, -2.197266,riding
A, 642002, -0.979736, 0.205200, -0.008423, 0.305176, 0.000000, -1.281738,riding
B, 255555, -0.920776, -0.077881, -0.370239, 0.793457, -0.732422, -2.014160,riding
A, 642022, -0.979248, 0.208984, -0.019531, -0.549316, 0.061035, -1.159668,riding
B, 255575, -0.921631, -0.085205, -0.365479, -0.183106, -0.854492, -2.258301,riding
A, 642042, -0.976807, 0.222656, -0.017700, -1.098633, 0.122070, -1.159668,riding
B, 255595, -0.920044, -0.092529, -0.368286, -0.549316, -0.976563, -2.319336,riding
A, 642062, -0.975342, 0.234131, -0.024292, -0.915528, 0.061035, -1.464844,riding
B, 255615, -0.918579, -0.090454, -0.371216, -0.061035, -0.976563, -2.014160,riding
A, 642082, -0.976685, 0.227417, -0.031128, -0.061035, -0.305176, -1.708985,riding
B, 255635, -0.919189, -0.087036, -0.372681, 0.427246, -1.037598, -1.770020,riding
A, 642102, -0.978638, 0.215454, -0.025757, -0.366211, -0.427246, -1.708985,riding
B, 255655, -0.918457, -0.087280, -0.374023, 0.122070, -1.098633, -1.708985,riding
A, 642122, -0.978027, 0.217285, -0.022339, 0.122070, -0.671387, -1.647950,riding
B, 255675, -0.918091, -0.089355, -0.376221, 0.732422, -1.098633, -1.403809,riding
A, 642142, -0.978271, 0.219604, -0.025146, -0.061035, -0.671387, -1.647950,riding
B, 255695, -0.919678, -0.091187, -0.372437, 0.427246, -1.159668, -1.403809,riding
A, 642162, -0.976929, 0.222290, -0.047485, 0.671387, -1.037598, -1.708985,riding
B, 255715, -0.919922, -0.098022, -0.366699, 0.976563, -1.281738, -0.915528,riding
A, 642182, -0.977173, 0.222534, -0.051880, 0.366211, -1.220703, -1.770020,riding
B, 255735, -0.918091, -0.106812, -0.369141, 0.488281, -1.525879, -0.854492,riding
A, 642202, -0.975708, 0.229980, -0.039307, -1.403809, -1.159668, -2.075195,riding
B, 255755, -0.916748, -0.100464, -0.373535, -1.159668, -1.586915, -1.220703,riding
A, 642222, -0.972778, 0.247803, -0.034790, -1.281738, -1.281738, -2.014160,riding
B, 255775, -0.914551, -0.089355, -0.381714, -0.732422, -1.892090, -0.915528,riding
A, 642242, -0.972412, 0.249268, -0.034058, -0.366211, -1.708985, -2.563477,riding
B, 255795, -0.912354, -0.089478, -0.385620, 0.061035, -2.014160, -0.488281,riding
A, 642262, -0.974487, 0.236938, -0.036621, 0.305176, -1.953125, -2.746582,riding
B, 255815, -0.915894, -0.096436, -0.380737, 0.549316, -2.075195, -0.122070,riding
A, 642282, -0.978638, 0.218018, -0.050293, 0.366211, -2.136230, -2.807618,riding
B, 255835, -0.919556, -0.103760, -0.369263, 0.549316, -2.258301, 0.122070,riding
A, 642302, -0.980713, 0.207520, -0.065063, 0.427246, -2.502441, -2.746582,riding
B, 255855, -0.923340, -0.107056, -0.356445, 0.610352, -2.258301, 0.610352,riding
A, 642322, -0.983276, 0.192139, -0.054565, 0.122070, -2.990724, -2.807618,riding
B, 255875, -0.925293, -0.104736, -0.352051, 0.122070, -2.258301, 0.793457,riding
A, 642342, -0.985107, 0.182983, -0.049927, 0.061035, -3.173829, -2.868653,riding
B, 255895, -0.927246, -0.103027, -0.348511, 0.122070, -2.075195, 1.037598,riding
A, 642362, -0.988525, 0.160278, -0.048462, 0.732422, -3.540040, -2.563477,riding
B, 255915, -0.929199, -0.101318, -0.344727, 0.549316, -1.892090, 1.525879,riding
A, 642382, -0.990723, 0.148682, -0.030884, -0.610352, -3.601075, -2.075195,riding
B, 255935, -0.930054, -0.092529, -0.342407, -0.732422, -1.770020, 1.281738,riding
A, 642402, -0.989014, 0.158081, -0.014893, -1.037598, -3.601075, -1.770020,riding
B, 255955, -0.931396, -0.081909, -0.340576, -0.976563, -1.464844, 1.281738,riding
A, 642422, -0.989624, 0.154053, 0.000488, 0.122070, -3.906251, -1.586915,riding
B, 255975, -0.934937, -0.079590, -0.333496, -0.183106, -0.976563, 1.647950,riding
A, 642442, -0.990112, 0.145020, 0.011597, -0.427246, -3.723145, -1.159668,riding
B, 255995, -0.935791, -0.069824, -0.335327, -1.281738, -0.854492, 1.159668,riding
A, 642462, -0.985840, 0.161987, 0.025879, -1.831055, -3.295899, -0.793457,riding
B, 256015, -0.933350, -0.057617, -0.343018, -1.770020, -0.671387, 0.793457,riding
A, 642482, -0.982666, 0.181030, 0.046143, -1.464844, -3.234864, -0.671387,riding
B, 256035, -0.931152, -0.048218, -0.348389, -1.342773, -0.427246, 0.671387,riding
A, 642502, -0.981445, 0.180420, 0.080566, -1.220703, -2.563477, -0.610352,riding
B, 256055, -0.932007, -0.039307, -0.350586, -1.220703, -0.305176, 0.305176,riding
A, 642522, -0.981689, 0.184204, 0.076172, -0.610352, -2.258301, -0.549316,riding
B, 256075, -0.932129, -0.035278, -0.352417, -0.671387, -0.061035, 0.061035,riding
A, 642542, -0.981567, 0.185059, 0.065063, -0.427246, -1.892090, -0.183106,riding
B, 256095, -0.929321, -0.042847, -0.355469, -0.305176, 0.000000, -0.244141,riding
A, 642562, -0.977661, 0.208008, 0.072510, -1.647950, -1.342773, 0.061035,riding
B, 256115, -0.924927, -0.037964, -0.367188, -1.342773, -0.061035, -1.220703,riding
A, 642582, -0.971802, 0.237305, 0.082397, -1.220703, -0.915528, -0.244141,riding
B, 256135, -0.923828, -0.032471, -0.369995, -0.366211, -0.061035, -1.403809,riding
A, 642602, -0.971069, 0.238281, 0.077515, 0.000000, -0.610352, -0.732422,riding
B, 256155, -0.925049, -0.040161, -0.366577, 0.427246, -0.122070, -1.464844,riding
A, 642622, -0.974976, 0.219482, 0.059570, 0.244141, -0.183106, -0.976563,riding
B, 256175, -0.926270, -0.050171, -0.363037, 0.610352, -0.244141, -1.831055,riding
A, 642642, -0.979004, 0.201538, 0.038086, 0.183106, 0.000000, -0.976563,riding
B, 256195, -0.926880, -0.057861, -0.360229, 0.427246, -0.183106, -2.136230,riding
A, 642662, -0.981323, 0.195557, 0.029419, -0.488281, 0.305176, -0.732422,riding
B, 256215, -0.924438, -0.063110, -0.364258, -0.122070, -0.305176, -2.502441,riding
A, 642682, -0.977539, 0.214600, 0.016357, -0.366211, 0.488281, -0.671387,riding
B, 256235, -0.923462, -0.066528, -0.366699, 0.366211, -0.183106, -2.502441,riding
A, 642702, -0.979248, 0.208130, 0.007813, 0.366211, 0.427246, -0.854492,riding
B, 256255, -0.926147, -0.072876, -0.357300, 0.915528, -0.183106, -2.380371,riding
A, 642722, -0.981689, 0.194580, -0.005615, 0.244141, 0.427246, -0.854492,riding
B, 256275, -0.927002, -0.081909, -0.351074, 0.610352, -0.183106, -2.441406,riding
A, 642742, -0.982300, 0.189087, -0.015625, -0.183106, 0.427246, -0.793457,riding
B, 256295, -0.927734, -0.085938, -0.350952, 0.305176, -0.122070, -2.502441,riding
A, 642762, -0.984497, 0.182739, -0.015747, -0.305176, 0.366211, -0.793457,riding
B, 256315, -0.927490, -0.085327, -0.351074, 0.244141, 0.000000, -2.502441,riding
A, 642782, -0.985474, 0.176025, -0.015137, -0.366211, 0.244141, -0.488281,riding
B, 256335, -0.926758, -0.084595, -0.353271, 0.061035, 0.122070, -2.502441,riding
A, 642802, -0.985352, 0.175537, -0.009277, -0.793457, 0.305176, -0.183106,riding
B, 256355, -0.924805, -0.081909, -0.354370, -0.244141, 0.244141, -2.502441,riding
A, 642822, -0.983398, 0.186401, -0.004272, -1.098633, 0.427246, 0.061035,riding
B, 256375, -0.925537, -0.082520, -0.359253, -0.610352, 0.305176, -2.624512,riding
A, 642842, -0.978638, 0.211426, -0.006714, -1.342773, 0.488281, 0.122070,riding
B, 256395, -0.924194, -0.080933, -0.361816, -0.732422, 0.366211, -2.685547,riding
A, 642862, -0.976685, 0.221436, -0.003662, -1.342773, 0.427246, 0.000000,riding
B, 256415, -0.922852, -0.078735, -0.364380, -0.793457, 0.244141, -2.746582,riding
A, 642882, -0.976563, 0.224609, -0.004272, -1.342773, 0.488281, -0.305176,riding
B, 256435, -0.920898, -0.078979, -0.368652, -0.732422, 0.183106, -2.746582,riding
A, 642902, -0.975220, 0.229736, -0.010864, -1.464844, 0.549316, -0.305176,riding
B, 256455, -0.917847, -0.085449, -0.376221, -0.976563, 0.000000, -2.807618,riding
A, 642922, -0.972778, 0.240234, -0.018188, -1.525879, 0.488281, -0.366211,riding
B, 256475, -0.914429, -0.086426, -0.382813, -0.915528, -0.122070, -2.746582,riding
A, 642942, -0.971680, 0.247681, -0.014038, -0.976563, 0.366211, -0.671387,riding
B, 256495, -0.915039, -0.081909, -0.385010, -0.366211, -0.244141, -2.502441,riding
A, 642962, -0.972900, 0.242065, -0.010498, -0.183106, 0.183106, -0.915528,riding
B, 256515, -0.918091, -0.084229, -0.375366, 0.427246, -0.488281, -2.258301,riding
A, 642982, -0.975098, 0.234619, -0.012939, -0.122070, 0.183106, -1.098633,riding
B, 256535, -0.917725, -0.090576, -0.373535, 0.244141, -0.671387, -2.258301,riding
A, 643002, -0.974609, 0.234375, -0.026001, -0.427246, 0.183106, -1.281738,riding
B, 256555, -0.917847, -0.094971, -0.372437, 0.061035, -0.854492, -2.258301,riding
A, 643022, -0.976685, 0.225342, -0.033569, -0.244141, -0.061035, -1.586915,riding
B, 256575, -0.917480, -0.095215, -0.371460, 0.244141, -0.915528, -2.075195,riding
A, 643042, -0.976807, 0.223022, -0.036133, -0.366211, -0.122070, -1.525879,riding
B, 256595, -0.917358, -0.098511, -0.374268, 0.183106, -1.098633, -2.014160,riding
A, 643062, -0.976563, 0.229858, -0.046997, -0.366211, -0.244141, -1.708985,riding
B, 256615, -0.916138, -0.102173, -0.377319, 0.000000, -1.159668, -1.892090,riding
A, 643082, -0.977905, 0.221069, -0.056396, 0.793457, -0.854492, -1.953125,riding
B, 256635, -0.920166, -0.106079, -0.365234, 1.281738, -1.159668, -0.976563,riding
A, 643102, -0.982056, 0.202759, -0.057739, 0.671387, -1.037598, -1.831055,riding
B, 256655, -0.921509, -0.110107, -0.360107, 0.427246, -1.281738, -1.098633,riding
A, 643122, -0.981445, 0.205933, -0.054565, -0.488281, -1.159668, -1.770020,riding
B, 256675, -0.921265, -0.109497, -0.361816, -0.061035, -1.403809, -1.037598,riding
A, 643142, -0.979614, 0.214478, -0.050293, 0.000000, -1.464844, -1.953125,riding
B, 256695, -0.921875, -0.104004, -0.362793, 0.488281, -1.342773, -0.549316,riding
A, 643162, -0.980225, 0.208496, -0.040283, 0.244141, -1.708985, -2.014160,riding
B, 256715, -0.921265, -0.097534, -0.362549, 0.305176, -1.403809, -0.427246,riding
A, 643182, -0.981567, 0.204590, -0.032593, -0.061035, -1.770020, -2.014160,riding
B, 256735, -0.922119, -0.093384, -0.362061, 0.305176, -1.342773, -0.366211,riding
A, 643202, -0.983521, 0.185913, -0.019287, 0.854492, -2.075195, -1.953125,riding
B, 256755, -0.924927, -0.093262, -0.356445, 0.915528, -1.220703, 0.000000,riding
A, 643222, -0.986938, 0.172729, -0.010498, 0.549316, -1.953125, -1.708985,riding
B, 256775, -0.928955, -0.088745, -0.348022, 0.427246, -1.098633, -0.183106,riding
A, 643242, -0.985840, 0.170410, -0.011841, 0.183106, -1.892090, -1.525879,riding
B, 256795, -0.930420, -0.086060, -0.343872, 0.427246, -0.915528, -0.183106,riding
A, 643262, -0.987549, 0.163818, -0.010620, 0.610352, -1.953125, -1.403809,riding
B, 256815, -0.932251, -0.089355, -0.340332, 0.671387, -0.610352, -0.061035,riding
A, 643282, -0.990845, 0.151733, -0.008789, 0.183106, -1.831055, -1.037598,riding
B, 256835, -0.932007, -0.091797, -0.338257, 0.061035, -0.427246, -0.305176,riding
A, 643302, -0.989014, 0.156372, -0.012573, -0.793457, -1.647950, -0.671387,riding
B, 256855, -0.930420, -0.088257, -0.342407, -0.732422, -0.244141, -0.549316,riding
A, 643322, -0.986450, 0.166870, -0.012817, -0.610352, -1.770020, -0.427246,riding
B, 256875, -0.930542, -0.084961, -0.344727, -0.305176, 0.061035, -0.427246,riding
A, 643342, -0.988037, 0.161011, -0.004761, -0.122070, -1.831055, -0.244141,riding
B, 256895, -0.930786, -0.086792, -0.341797, 0.061035, 0.427246, -0.305176,riding
A, 643362, -0.989136, 0.155640, -0.005859, 0.000000, -1.708985, 0.183106,riding
B, 256915, -0.932251, -0.090454, -0.339355, 0.000000, 0.671387, -0.305176,riding
A, 643382, -0.989258, 0.157227, -0.017700, -0.671387, -1.586915, 0.610352,riding
B, 256935, -0.930908, -0.091553, -0.341187, -0.793457, 0.915528, -0.549316,riding
A, 643402, -0.985596, 0.174805, -0.017090, -1.403809, -1.525879, 0.976563,riding
B, 256955, -0.928711, -0.090576, -0.348511, -1.403809, 1.037598, -0.732422,riding
A, 643422, -0.983154, 0.193115, -0.011475, -1.281738, -1.647950, 0.915528,riding
B, 256975, -0.925903, -0.087769, -0.354492, -1.159668, 1.220703, -0.610352,riding
A, 643442, -0.981445, 0.197388, -0.013916, -0.671387, -1.647950, 0.976563,riding
B, 256995, -0.925293, -0.087280, -0.357544, -0.671387, 1.281738, -0.427246,riding
A, 643462, -0.982300, 0.192749, -0.018555, -0.427246, -1.770020, 0.915528,riding
B, 257015, -0.923706, -0.086792, -0.358887, -0.488281, 1.403809, -0.305176,riding
A, 643482, -0.982666, 0.190674, -0.013916, -0.549316, -1.831055, 1.159668,riding
B, 257035, -0.923950, -0.090088, -0.360718, -0.976563, 1.525879, -0.488281,riding
A, 643502, -0.981323, 0.198608, -0.010742, -1.281738, -1.708985, 1.281738,riding
B, 257055, -0.922485, -0.087402, -0.364258, -1.342773, 1.464844, -0.610352,riding
A, 643522, -0.978271, 0.215332, -0.011597, -1.403809, -1.647950, 1.281738,riding
B, 257075, -0.919678, -0.084473, -0.368896, -1.281738, 1.464844, -0.610352,riding
A, 643542, -0.973999, 0.228882, -0.002686, -1.586915, -1.647950, 1.159668,riding
B, 257095, -0.918579, -0.079590, -0.373901, -1.525879, 1.403809, -0.732422,riding
A, 643562, -0.973389, 0.234253, 0.001343, -1.281738, -1.586915, 0.976563,riding
B, 257115, -0.917725, -0.078125, -0.376221, -1.281738, 1.342773, -0.671387,riding
A, 643582, -0.974487, 0.228638, -0.005981, -0.488281, -1.647950, 0.793457,riding
B, 257135, -0.917358, -0.082886, -0.377319, -0.549316, 1.281738, -0.427246,riding
A, 643602, -0.976074, 0.224243, -0.012695, -0.854492, -1.586915, 0.793457,riding
B, 257155, -0.917358, -0.085693, -0.377563, -0.732422, 1.159668, -0.610352,riding
A, 643622, -0.975220, 0.229614, -0.006958, -1.342773, -1.586915, 0.793457,riding
B, 257175, -0.916626, -0.081055, -0.380493, -1.342773, 0.976563, -0.793457,riding
A, 643642, -0.973511, 0.238159, -0.001465, -1.586915, -1.464844, 0.732422,riding
B, 257195, -0.916870, -0.083252, -0.381958, -1.464844, 0.854492, -0.915528,riding
A, 643662, -0.972534, 0.246338, -0.008545, -1.464844, -1.403809, 0.549316,riding
B, 257215, -0.914795, -0.084717, -0.382324, -1.220703, 0.732422, -0.793457,riding
A, 643682, -0.972412, 0.244995, -0.015991, -1.281738, -1.464844, 0.305176,riding
B, 257235, -0.914185, -0.083862, -0.382935, -1.281738, 0.549316, -0.793457,riding
A, 643702, -0.971313, 0.247681, -0.016235, -1.586915, -1.525879, 0.122070,riding
B, 257255, -0.912964, -0.084839, -0.387573, -1.342773, 0.305176, -0.793457,riding
A, 643722, -0.970215, 0.258179, -0.009399, -1.770020, -1.464844, -0.183106,riding
B, 257275, -0.910156, -0.086548, -0.393188, -1.586915, 0.122070, -0.854492,riding
A, 643742, -0.967896, 0.270508, -0.018921, -1.281738, -1.586915, -0.427246,riding
B, 257295, -0.908203, -0.084595, -0.399536, -0.915528, -0.244141, -0.610352,riding
A, 643762, -0.967041, 0.273193, -0.026367, -0.671387, -1.831055, -0.793457,riding
B, 257315, -0.907959, -0.085571, -0.399780, -0.488281, -0.610352, -0.366211,riding
A, 643782, -0.966919, 0.280640, -0.026611, -0.732422, -1.953125, -1.159668,riding
B, 257335, -0.906616, -0.090942, -0.401489, -0.488281, -0.915528, -0.305176,riding
A, 643802, -0.965576, 0.288208, -0.027832, -0.366211, -2.075195, -1.525879,riding
B, 257355, -0.906860, -0.094482, -0.403931, -0.244141, -1.342773, -0.122070,riding
A, 643822, -0.964233, 0.292725, -0.031982, -0.305176, -2.136230, -2.075195,riding
B, 257375, -0.906250, -0.090210, -0.403687, -0.122070, -1.708985, 0.061035,riding
A, 643842, -0.964233, 0.289307, -0.032959, -0.183106, -2.380371, -2.502441,riding
B, 257395, -0.905640, -0.088745, -0.405884, -0.122070, -2.197266, 0.183106,riding
A, 643862, -0.964966, 0.291748, -0.029541, -0.427246, -2.502441, -2.990724,riding
B, 257415, -0.904785, -0.090698, -0.405884, -0.122070, -2.624512, 0.305176,riding
A, 643882, -0.964844, 0.283936, -0.026733, 0.305176, -2.746582, -3.540040,riding
B, 257435, -0.909058, -0.089966, -0.396362, 0.854492, -3.051759, 0.793457,riding
A, 643902, -0.969849, 0.254028, -0.029419, 0.793457, -2.990724, -4.028320,riding
B, 257455, -0.912476, -0.088257, -0.388062, 0.854492, -3.295899, 0.915528,riding
A, 643922, -0.973999, 0.238281, -0.021729, 0.549316, -3.173829, -4.211426,riding
B, 257475, -0.915771, -0.086548, -0.380737, 0.671387, -3.540040, 0.915528,riding
A, 643942, -0.974731, 0.228027, -0.008057, 0.061035, -3.112794, -4.272461,riding
B, 257495, -0.918335, -0.083252, -0.372925, 0.305176, -3.662110, 0.793457,riding
A, 643962, -0.977539, 0.215088, -0.003418, 0.305176, -3.112794, -4.394531,riding
B, 257515, -0.921143, -0.079590, -0.366577, 0.549316, -3.723145, 0.915528,riding
A, 643982, -0.978516, 0.208740, -0.005127, 0.183106, -3.051759, -4.333496,riding
B, 257535, -0.922363, -0.077881, -0.364868, 0.366211, -3.723145, 0.793457,riding
A, 644002, -0.979004, 0.202881, 0.001343, 0.183106, -3.112794, -4.272461,riding
B, 257555, -0.924683, -0.073730, -0.361328, 0.488281, -3.662110, 0.854492,riding
A, 644022, -0.980103, 0.194580, 0.019409, 0.244141, -2.990724, -4.272461,riding
B, 257575, -0.926636, -0.066040, -0.357544, 0.549316, -3.601075, 0.732422,riding
A, 644042, -0.981079, 0.188721, 0.024902, 0.427246, -2.807618, -4.150391,riding
B, 257595, -0.928833, -0.064209, -0.352173, 0.915528, -3.417970, 0.732422,riding
A, 644062, -0.983887, 0.181030, 0.016602, 0.793457, -2.746582, -3.967286,riding
B, 257615, -0.929932, -0.069214, -0.347290, 1.037598, -3.356935, 0.671387,riding
A, 644082, -0.985107, 0.171753, 0.018433, 0.183106, -2.502441, -3.784181,riding
B, 257635, -0.931030, -0.069458, -0.345581, 0.488281, -3.173829, 0.305176,riding
A, 644102, -0.985107, 0.171387, 0.024658, 0.305176, -2.380371, -3.601075,riding
B, 257655, -0.932861, -0.065918, -0.343384, 0.549316, -2.990724, 0.183106,riding
A, 644122, -0.985718, 0.162231, 0.028320, 0.671387, -2.258301, -3.479005,riding
B, 257675, -0.933228, -0.062378, -0.340942, 0.854492, -2.746582, 0.183106,riding
A, 644142, -0.988647, 0.154175, 0.024536, 0.671387, -2.075195, -3.173829,riding
B, 257695, -0.934326, -0.066284, -0.337646, 0.915528, -2.380371, 0.000000,riding
A, 644162, -0.988647, 0.148682, 0.021240, 0.488281, -1.953125, -2.746582,riding
B, 257715, -0.935791, -0.068359, -0.336060, 0.549316, -2.075195, -0.244141,riding
A, 644182, -0.989502, 0.148438, 0.023071, 0.122070, -1.770020, -2.441406,riding
B, 257735, -0.936279, -0.065674, -0.332397, 0.488281, -1.831055, -0.427246,riding
A, 644202, -0.988525, 0.150635, 0.018921, 0.366211, -1.647950, -2.197266,riding
B, 257755, -0.937256, -0.070068, -0.331665, 0.610352, -1.586915, -0.488281,riding
A, 644222, -0.988892, 0.150024, 0.018799, -0.244141, -1.403809, -1.953125,riding
B, 257775, -0.936768, -0.068237, -0.331299, 0.122070, -1.220703, -0.793457,riding
A, 644242, -0.992432, 0.135132, 0.012573, 0.610352, -1.464844, -1.586915,riding
B, 257795, -0.938110, -0.071411, -0.326538, 0.732422, -0.915528, -0.549316,riding
A, 644262, -0.994507, 0.122803, 0.009766, 0.000000, -1.281738, -1.098633,riding
B, 257815, -0.939087, -0.075317, -0.324463, 0.366211, -0.549316, -0.793457,riding
A, 644282, -0.995972, 0.118652, 0.009644, -0.061035, -1.220703, -0.488281,riding
B, 257835, -0.940186, -0.071411, -0.321045, 0.244141, 0.061035, -0.854492,riding
A, 644302, -0.996460, 0.116211, 0.015503, -0.061035, -1.159668, -0.061035,riding
B, 257855, -0.939697, -0.071045, -0.321167, -0.061035, 0.488281, -1.037598,riding
A, 644322, -0.993896, 0.126953, 0.016479, -0.793457, -0.915528, 0.488281,riding
B, 257875, -0.939697, -0.071167, -0.324463, -0.549316, 0.915528, -1.342773,riding
A, 644342, -0.991211, 0.139282, 0.016113, -0.793457, -0.793457, 0.854492,riding
B, 257895, -0.938110, -0.070923, -0.327759, -0.549316, 1.220703, -1.403809,riding
A, 644362, -0.991211, 0.142334, 0.016235, -0.732422, -0.671387, 1.098633,riding
B, 257915, -0.937134, -0.069214, -0.329346, -0.488281, 1.586915, -1.403809,riding
A, 644382, -0.991211, 0.140015, 0.017334, -0.549316, -0.610352, 1.342773,riding
B, 257935, -0.938232, -0.069824, -0.328613, -0.427246, 2.014160, -1.464844,riding
A, 644402, -0.991577, 0.134399, 0.016724, -0.610352, -0.488281, 1.831055,riding
B, 257955, -0.936157, -0.074097, -0.334961, -0.976563, 2.441406, -1.831055,riding
A, 644422, -0.989258, 0.152954, 0.001709, -1.220703, -0.244141, 2.441406,riding
B, 257975, -0.931641, -0.076416, -0.341675, -1.037598, 2.746582, -1.831055,riding
A, 644442, -0.988037, 0.164429, -0.005615, -0.976563, -0.366211, 2.685547,riding
B, 257995, -0.931030, -0.081055, -0.343872, -0.915528, 2.990724, -1.770020,riding
A, 644462, -0.986084, 0.170410, -0.007324, -1.281738, -0.305176, 2.929688,riding
B, 258015, -0.929443, -0.081909, -0.346069, -1.220703, 3.173829, -1.831055,riding
A, 644482, -0.983887, 0.182617, -0.006714, -1.525879, -0.305176, 3.051759,riding
B, 258035, -0.927612, -0.080933, -0.350342, -1.342773, 3.356935, -1.892090,riding
A, 644502, -0.982422, 0.191040, -0.011719, -1.159668, -0.366211, 3.173829,riding
B, 258055, -0.926025, -0.083618, -0.355103, -1.220703, 3.417970, -1.770020,riding
A, 644522, -0.980591, 0.197632, -0.015259, -1.708985, -0.366211, 3.295899,riding
B, 258075, -0.921387, -0.085327, -0.362915, -1.708985, 3.479005, -1.831055,riding
A, 644542, -0.977295, 0.214722, -0.019897, -1.831055, -0.427246, 3.356935,riding
B, 258095, -0.918091, -0.084839, -0.374756, -1.708985, 3.479005, -1.708985,riding
A, 644562, -0.975342, 0.228394, -0.020386, -1.464844, -0.610352, 3.295899,riding
B, 258115, -0.914795, -0.086060, -0.381714, -1.159668, 3.356935, -1.464844,riding
A, 644582, -0.973022, 0.241089, -0.011230, -1.464844, -0.671387, 3.234864,riding
B, 258135, -0.913086, -0.080322, -0.386353, -2.075195, 3.234864, -1.770020,riding
A, 644602, -0.968018, 0.267090, -0.009277, -2.014160, -0.549316, 2.868653,riding
B, 258155, -0.911743, -0.077881, -0.391235, -1.953125, 2.929688, -1.708985,riding
A, 644622, -0.966553, 0.270386, -0.015747, -1.403809, -0.732422, 2.441406,riding
B, 258175, -0.909668, -0.082764, -0.394653, -1.403809, 2.685547, -1.464844,riding
A, 644642, -0.966431, 0.276367, -0.017822, -2.197266, -0.671387, 2.075195,riding
B, 258195, -0.908203, -0.087036, -0.400635, -2.075195, 2.319336, -1.647950,riding
A, 644662, -0.963257, 0.288940, -0.016235, -2.563477, -0.732422, 1.831055,riding
B, 258215, -0.904785, -0.081665, -0.411743, -2.319336, 1.647950, -1.708985,riding
A, 644682, -0.961060, 0.302002, -0.011963, -2.319336, -0.793457, 1.342773,riding
B, 258235, -0.901733, -0.078735, -0.418945, -2.075195, 1.220703, -1.586915,riding
A, 644702, -0.958618, 0.316406, -0.008545, -2.197266, -0.854492, 0.854492,riding
B, 258255, -0.900024, -0.077026, -0.422363, -1.647950, 0.793457, -1.464844,riding
B, 258275, -0.899414, -0.079102, -0.423340, -0.915528, 0.244141, -1.159668,riding
B, 258295, -0.898071, -0.079590, -0.424316, -0.549316, -0.305176, -1.037598,riding
B, 258315, -0.899658, -0.079834, -0.425659, -0.488281, -0.915528, -0.976563,riding
B, 258335, -0.899414, -0.077148, -0.425537, -0.061035, -1.464844, -0.793457,riding
B, 258355, -0.899902, -0.077759, -0.420654, 0.122070, -2.258301, -0.732422,riding
B, 258375, -0.901001, -0.081665, -0.419800, 0.305176, -2.868653, -0.671387,riding
A, 644722, -0.957031, 0.322876, -0.011353, -1.281738, -1.098633, 0.305176,riding
A, 644742, -0.957275, 0.327148, -0.015869, -0.915528, -1.159668, -0.488281,riding
A, 644762, -0.956665, 0.331421, -0.011230, -0.793457, -1.281738, -1.464844,riding
A, 644782, -0.956665, 0.329224, -0.007935, -0.244141, -1.403809, -2.075195,riding
A, 644802, -0.958252, 0.319458, -0.007690, -0.183106, -1.403809, -2.746582,riding
A, 644822, -0.958862, 0.315430, -0.015015, -0.244141, -1.403809, -3.234864,riding
A, 644842, -0.959717, 0.311035, -0.024414, 0.488281, -1.708985, -3.845216,riding
B, 258395, -0.901733, -0.084351, -0.415283, 0.976563, -3.295899, -0.366211,riding
A, 644862, -0.962524, 0.296265, -0.017090, 0.793457, -1.892090, -4.394531,riding
B, 258415, -0.905640, -0.080444, -0.406616, 1.098633, -3.723145, -0.244141,riding
B, 258435, -0.908936, -0.077637, -0.397461, 1.281738, -4.028320, -0.183106,riding
B, 258455, -0.911743, -0.082886, -0.391602, 1.647950, -4.394531, -0.061035,riding
B, 258475, -0.913818, -0.083984, -0.387817, 1.464844, -4.577637, -0.061035,riding
B, 258495, -0.917480, -0.076416, -0.376221, 1.708985, -4.699707, 0.061035,riding
B, 258515, -0.921753, -0.078369, -0.366333, 2.319336, -4.699707, 0.305176,riding
B, 258535, -0.924316, -0.083740, -0.358154, 2.380371, -4.638672, 0.366211,riding
A, 644882, -0.965698, 0.278931, -0.007813, 0.732422, -1.892090, -4.760742,riding
A, 644902, -0.968140, 0.262329, -0.010620, 1.220703, -2.014160, -5.126953,riding
A, 644922, -0.971069, 0.249268, -0.015381, 0.976563, -1.953125, -5.310059,riding
A, 644942, -0.974609, 0.229858, -0.006836, 1.098633, -2.136230, -5.554201,riding
A, 644962, -0.977173, 0.213989, -0.005615, 1.831055, -2.197266, -5.615236,riding
A, 644982, -0.981689, 0.191895, -0.008423, 2.136230, -2.319336, -5.493164,riding
A, 645002, -0.982910, 0.183350, -0.005981, 0.793457, -2.075195, -5.249023,riding
B, 258555, -0.926880, -0.082642, -0.354614, 1.098633, -4.638672, -0.061035,riding
A, 645022, -0.982422, 0.187134, -0.002930, 0.244141, -2.014160, -5.126953,riding
B, 258575, -0.927490, -0.075928, -0.350464, 0.854492, -4.516602, -0.183106,riding
A, 645042, -0.983398, 0.179688, 0.000732, 1.159668, -2.136230, -5.249023,riding
B, 258595, -0.930054, -0.077393, -0.345093, 1.708985, -4.272461, 0.122070,riding
A, 645062, -0.988037, 0.157715, -0.002930, 1.953125, -2.258301, -5.065918,riding
B, 258615, -0.933960, -0.081543, -0.337280, 2.136230, -3.845216, 0.305176,riding
A, 645082, -0.991089, 0.137817, -0.007324, 1.708985, -2.258301, -4.638672,riding
B, 258635, -0.935547, -0.079712, -0.332397, 1.953125, -3.540040, 0.305176,riding
A, 645102, -0.994019, 0.125488, -0.002930, 1.464844, -2.258301, -4.028320,riding
B, 258655, -0.938110, -0.079102, -0.327271, 1.464844, -3.112794, 0.122070,riding
A, 645122, -0.993774, 0.125854, 0.007935, 0.305176, -1.953125, -3.173829,riding
B, 258675, -0.939819, -0.079712, -0.323975, 0.610352, -2.807618, -0.244141,riding
A, 645142, -0.993774, 0.132813, 0.008423, 0.122070, -1.831055, -2.929688,riding
B, 258695, -0.940308, -0.074341, -0.319946, 0.488281, -2.380371, -0.305176,riding
A, 645162, -0.995361, 0.119873, 0.009277, 1.037598, -1.953125, -2.746582,riding
B, 258715, -0.942871, -0.072144, -0.312256, 1.220703, -1.831055, -0.061035,riding
A, 645182, -0.999023, 0.099976, 0.012451, 0.732422, -1.770020, -2.197266,riding
B, 258735, -0.945313, -0.077515, -0.310791, 0.976563, -1.342773, -0.183106,riding
A, 645202, -1.000122, 0.092773, 0.011963, -0.305176, -1.525879, -1.464844,riding
B, 258755, -0.943359, -0.075073, -0.313965, -0.122070, -0.671387, -0.732422,riding
A, 645222, -1.000488, 0.096191, 0.013550, -0.366211, -1.403809, -0.671387,riding
B, 258775, -0.942993, -0.071167, -0.316040, -0.305176, -0.061035, -0.793457,riding
A, 645242, -0.997559, 0.105103, 0.019653, -0.793457, -1.281738, 0.061035,riding
B, 258795, -0.942871, -0.068359, -0.318604, -0.671387, 0.427246, -1.037598,riding
A, 645262, -0.995483, 0.117065, 0.021484, -0.610352, -1.159668, 0.427246,riding
B, 258815, -0.943359, -0.070313, -0.314453, -0.122070, 1.037598, -0.915528,riding
A, 645282, -0.995850, 0.113159, 0.015991, -0.061035, -1.098633, 0.915528,riding
B, 258835, -0.943970, -0.076294, -0.312744, -0.183106, 1.525879, -1.037598,riding
A, 645302, -0.995361, 0.118896, 0.010010, -1.892090, -0.610352, 1.831055,riding
B, 258855, -0.941040, -0.077515, -0.317749, -1.403809, 1.831055, -1.525879,riding
A, 645322, -0.991211, 0.141357, 0.015991, -2.380371, -0.427246, 2.136230,riding
B, 258875, -0.937134, -0.070313, -0.330322, -1.831055, 2.380371, -1.831055,riding
A, 645342, -0.989502, 0.150391, 0.014648, -1.464844, -0.427246, 2.380371,riding
B, 258895, -0.933350, -0.074707, -0.339111, -1.159668, 2.807618, -1.647950,riding
A, 645362, -0.989380, 0.148804, 0.004883, -1.281738, -0.427246, 2.746582,riding
A, 645382, -0.987549, 0.157349, -0.004883, -1.708985, -0.305176, 3.112794,riding
B, 258935, -0.930664, -0.078369, -0.344604, -1.586915, 3.356935, -1.831055,riding
A, 645402, -0.986084, 0.168701, -0.005859, -1.647950, -0.427246, 3.417970,riding
B, 258955, -0.928955, -0.081909, -0.346191, -1.708985, 3.601075, -1.831055,riding
A, 645422, -0.983521, 0.182251, -0.000488, -2.563477, -0.183106, 3.723145,riding
B, 258975, -0.927246, -0.083740, -0.352539, -2.807618, 3.601075, -2.319336,riding
A, 645442, -0.978149, 0.209717, -0.003906, -3.784181, 0.061035, 3.662110,riding
B, 258995, -0.922119, -0.080444, -0.363159, -3.540040, 3.601075, -2.563477,riding
A, 645462, -0.972534, 0.236572, -0.008667, -3.051759, -0.122070, 3.417970,riding
B, 259015, -0.915894, -0.079224, -0.379883, -2.929688, 3.479005, -2.319336,riding
A, 645482, -0.971558, 0.244873, -0.005493, -3.234864, -0.122070, 3.356935,riding
B, 259035, -0.913086, -0.079590, -0.390747, -2.990724, 3.295899, -2.319336,riding
A, 645502, -0.970093, 0.258179, -0.011353, -2.807618, -0.183106, 3.173829,riding
B, 259055, -0.908447, -0.080078, -0.397949, -2.563477, 3.112794, -2.136230,riding
A, 645522, -0.964478, 0.276489, -0.016113, -2.563477, -0.305176, 2.990724,riding
B, 259075, -0.907471, -0.082764, -0.405029, -2.441406, 2.746582, -2.075195,riding
A, 645542, -0.960693, 0.301636, -0.019043, -2.868653, -0.366211, 2.502441,riding
B, 259095, -0.903320, -0.084351, -0.411865, -2.624512, 2.319336, -2.075195,riding
A, 645562, -0.957031, 0.325439, -0.018188, -2.441406, -0.549316, 1.831055,riding
B, 259115, -0.901123, -0.084351, -0.416626, -2.136230, 1.831055, -1.892090,riding
A, 645582, -0.955933, 0.332520, -0.020996, -1.403809, -0.793457, 1.037598,riding
B, 259135, -0.899780, -0.083496, -0.420166, -1.220703, 1.220703, -1.525879,riding
A, 645602, -0.956177, 0.331299, -0.025024, -1.159668, -0.915528, 0.244141,riding
B, 259155, -0.896240, -0.085449, -0.429810, -0.915528, 0.305176, -1.281738,riding
A, 645622, -0.955566, 0.335083, -0.028076, -1.098633, -1.037598, -0.305176,riding
B, 259175, -0.894775, -0.088013, -0.436157, -0.610352, -0.305176, -1.037598,riding
A, 645642, -0.954956, 0.342773, -0.034668, 0.183106, -1.464844, -1.403809,riding
B, 259195, -0.894287, -0.089844, -0.436035, 0.366211, -0.915528, -0.549316,riding
A, 645662, -0.956787, 0.331543, -0.037231, 0.610352, -1.770020, -2.075195,riding
B, 259215, -0.896729, -0.090088, -0.426514, 0.732422, -1.525879, -0.305176,riding
A, 645682, -0.958130, 0.321411, -0.035156, 0.549316, -1.953125, -2.746582,riding
B, 259235, -0.901733, -0.090088, -0.416016, 0.793457, -2.136230, -0.122070,riding
A, 645702, -0.960327, 0.309326, -0.029663, 0.732422, -2.136230, -3.417970,riding
B, 259255, -0.903931, -0.092163, -0.408447, 0.976563, -2.685547, 0.061035,riding
A, 645722, -0.963623, 0.293701, -0.027222, 0.793457, -2.258301, -4.028320,riding
B, 259275, -0.906006, -0.088623, -0.404175, 1.098633, -3.356935, 0.244141,riding
A, 645742, -0.967285, 0.273926, -0.026001, 0.732422, -2.319336, -4.394531,riding
B, 259295, -0.907349, -0.084351, -0.401611, 0.915528, -3.662110, 0.244141,riding
A, 645762, -0.969360, 0.263916, -0.021973, 0.549316, -2.502441, -4.516602,riding
B, 259315, -0.908081, -0.084595, -0.400146, 0.793457, -4.028320, 0.305176,riding
A, 645782, -0.967896, 0.263062, -0.016968, 0.732422, -2.624512, -4.699707,riding
B, 259335, -0.909790, -0.084106, -0.393555, 1.464844, -4.211426, 0.610352,riding
A, 645802, -0.969604, 0.255737, -0.016235, 1.892090, -2.868653, -5.065918,riding
B, 259355, -0.914917, -0.080933, -0.383179, 2.441406, -4.333496, 1.037598,riding
A, 645822, -0.975220, 0.223755, -0.007202, 2.197266, -2.990724, -5.432129,riding
B, 259375, -0.920166, -0.078003, -0.370361, 2.502441, -4.455566, 1.098633,riding
A, 645842, -0.979492, 0.201294, 0.000122, 1.525879, -2.868653, -5.432129,riding
B, 259395, -0.923584, -0.080566, -0.359619, 2.014160, -4.516602, 0.915528,riding
A, 645862, -0.982178, 0.190552, -0.001465, 0.671387, -2.624512, -5.249023,riding
B, 259415, -0.926392, -0.082642, -0.355469, 0.915528, -4.455566, 0.488281,riding
A, 645882, -0.982300, 0.184814, -0.012451, 0.732422, -2.685547, -5.187988,riding
B, 259435, -0.925537, -0.079224, -0.354492, 1.281738, -4.333496, 0.671387,riding
A, 645902, -0.985718, 0.173828, -0.014771, 1.525879, -2.929688, -5.004883,riding
B, 259455, -0.927734, -0.080933, -0.350464, 1.831055, -4.089355, 0.976563,riding
A, 645922, -0.987671, 0.158081, -0.017212, 2.136230, -3.173829, -4.760742,riding
B, 259475, -0.931885, -0.086182, -0.342896, 2.502441, -3.784181, 1.342773,riding
A, 645942, -0.992310, 0.137207, -0.015503, 2.441406, -3.295899, -4.455566,riding
B, 259495, -0.936646, -0.088135, -0.329590, 2.380371, -3.356935, 1.403809,riding
A, 645962, -0.996216, 0.119141, -0.010376, 1.647950, -3.234864, -3.845216,riding
B, 259515, -0.940918, -0.084229, -0.319214, 1.403809, -3.112794, 1.098633,riding
A, 645982, -0.994629, 0.117188, -0.005981, -0.061035, -2.990724, -3.051759,riding
B, 259535, -0.942017, -0.082275, -0.315674, 0.244141, -2.563477, 0.671387,riding
A, 646002, -0.993286, 0.125610, 0.013916, -0.366211, -2.868653, -2.746582,riding
B, 259555, -0.939697, -0.071533, -0.320923, -0.183106, -2.075195, 0.549316,riding
A, 646022, -0.993530, 0.124268, 0.026978, -0.366211, -2.624512, -2.258301,riding
B, 259575, -0.939087, -0.063110, -0.325928, -0.244141, -1.647950, 0.427246,riding
A, 646042, -0.993286, 0.125122, 0.027832, -0.488281, -2.502441, -1.708985,riding
B, 259595, -0.937988, -0.062012, -0.331543, -0.366211, -1.342773, 0.244141,riding
A, 646062, -0.991943, 0.142578, 0.024902, -0.976563, -2.258301, -1.159668,riding
B, 259615, -0.934814, -0.066895, -0.338257, -0.854492, -0.976563, 0.000000,riding
A, 646082, -0.987305, 0.162598, 0.018066, -0.732422, -2.197266, -0.793457,riding
B, 259635, -0.932739, -0.067627, -0.340210, -0.549316, -0.793457, -0.061035,riding
A, 646102, -0.984009, 0.179199, 0.014893, -0.610352, -2.136230, -0.732422,riding
B, 259655, -0.932739, -0.068359, -0.341675, -0.549316, -0.549316, -0.122070,riding
A, 646122, -0.981079, 0.192505, 0.012573, -0.793457, -2.014160, -0.732422,riding
B, 259675, -0.928955, -0.070190, -0.350708, -0.671387, -0.427246, -0.183106,riding
A, 646142, -0.979736, 0.203369, 0.005615, -0.549316, -2.014160, -0.976563,riding
B, 259695, -0.925171, -0.073975, -0.358032, -0.122070, -0.427246, -0.061035,riding
A, 646162, -0.981079, 0.198975, -0.001709, -0.061035, -2.136230, -0.976563,riding
B, 259715, -0.922974, -0.074341, -0.361938, -0.061035, -0.488281, -0.061035,riding
A, 646182, -0.980957, 0.206299, -0.001831, -0.305176, -2.136230, -0.854492,riding
B, 259735, -0.923096, -0.070923, -0.366211, -0.244141, -0.488281, -0.061035,riding
A, 646202, -0.979126, 0.211914, -0.004639, 0.610352, -2.380371, -0.915528,riding
B, 259755, -0.922729, -0.074097, -0.364746, 0.549316, -0.488281, 0.305176,riding
A, 646222, -0.980347, 0.206909, -0.006958, 0.854492, -2.441406, -0.976563,riding
B, 259775, -0.925659, -0.078491, -0.357056, 0.793457, -0.488281, 0.427246,riding
A, 646242, -0.981201, 0.203247, -0.006470, 0.488281, -2.380371, -1.037598,riding
B, 259795, -0.928223, -0.077026, -0.350952, 0.488281, -0.549316, 0.366211,riding
A, 646262, -0.981689, 0.194946, -0.001343, 0.305176, -2.502441, -1.220703,riding
B, 259815, -0.929810, -0.071899, -0.347290, 0.061035, -0.610352, 0.305176,riding
A, 646282, -0.983154, 0.184937, 0.012695, -0.305176, -2.380371, -1.220703,riding
B, 259835, -0.929810, -0.066895, -0.350586, -0.366211, -0.488281, 0.061035,riding
A, 646302, -0.984009, 0.179321, 0.023071, -0.366211, -2.258301, -1.037598,riding
B, 259855, -0.929443, -0.061279, -0.351318, -0.244141, -0.366211, 0.000000,riding
A, 646322, -0.985718, 0.173340, 0.025513, -0.427246, -2.075195, -0.793457,riding
B, 259875, -0.928467, -0.060059, -0.352417, -0.488281, -0.305176, -0.183106,riding
A, 646342, -0.983032, 0.185425, 0.030151, -0.671387, -1.892090, -0.427246,riding
B, 259895, -0.929199, -0.059570, -0.352051, -0.549316, -0.183106, -0.366211,riding
A, 646362, -0.979126, 0.195801, 0.054077, -1.159668, -1.586915, -0.244141,riding
B, 259915, -0.928955, -0.052124, -0.350220, -0.793457, -0.183106, -0.671387,riding
A, 646382, -0.975708, 0.220093, 0.065308, -1.647950, -1.037598, -0.366211,riding
B, 259935, -0.926514, -0.043335, -0.359497, -0.976563, -0.305176, -1.220703,riding
A, 646402, -0.973022, 0.232788, 0.037964, -0.488281, -0.976563, -0.854492,riding
B, 259955, -0.922241, -0.057495, -0.366455, 0.122070, -0.305176, -1.037598,riding
A, 646422, -0.977417, 0.219482, 0.004761, -0.183106, -0.976563, -1.037598,riding
B, 259975, -0.920898, -0.075928, -0.370361, -0.122070, -0.427246, -1.098633,riding
A, 646442, -0.978149, 0.218628, -0.021729, -0.427246, -1.098633, -1.037598,riding
B, 259995, -0.919678, -0.081909, -0.372070, -0.122070, -0.549316, -0.976563,riding
A, 646462, -0.978271, 0.217651, -0.024658, -0.122070, -1.342773, -1.098633,riding
B, 260015, -0.920532, -0.080322, -0.367920, 0.061035, -0.671387, -0.793457,riding
A, 646482, -0.977539, 0.216675, -0.011841, -0.366211, -1.464844, -1.098633,riding
B, 260035, -0.925049, -0.073364, -0.361694, -0.122070, -0.732422, -0.732422,riding
A, 646502, -0.978638, 0.208618, 0.005005, -0.061035, -1.586915, -1.342773,riding
B, 260055, -0.927856, -0.069092, -0.352417, 0.183106, -0.793457, -0.610352,riding
A, 646522, -0.980347, 0.193359, 0.016113, -0.427246, -1.342773, -1.403809,riding
B, 260075, -0.928955, -0.067261, -0.350464, -0.183106, -0.793457, -0.854492,riding
A, 646542, -0.980469, 0.193848, 0.014160, -0.549316, -1.281738, -1.342773,riding
B, 260095, -0.926758, -0.066284, -0.356201, -0.305176, -0.793457, -0.915528,riding
A, 646562, -0.980103, 0.200562, 0.005005, -0.488281, -1.220703, -1.220703,riding
B, 260115, -0.923340, -0.067871, -0.364990, -0.183106, -0.793457, -0.915528,riding
A, 646582, -0.978516, 0.212402, 0.001709, -0.427246, -1.342773, -1.098633,riding
B, 260135, -0.921997, -0.070190, -0.367798, -0.122070, -0.793457, -0.854492,riding
A, 646602, -0.978149, 0.213501, 0.002930, 0.061035, -1.464844, -1.220703,riding
B, 260155, -0.924561, -0.070190, -0.361084, 0.305176, -0.854492, -0.671387,riding
A, 646622, -0.977661, 0.207764, 0.008911, -0.183106, -1.342773, -1.342773,riding
B, 260175, -0.925781, -0.070190, -0.354126, 0.000000, -0.915528, -0.854492,riding
A, 646642, -0.976929, 0.215820, 0.013184, -0.488281, -1.281738, -1.464844,riding
B, 260195, -0.927368, -0.066772, -0.355103, -0.183106, -1.037598, -0.976563,riding
A, 646662, -0.977905, 0.212402, 0.015869, -0.183106, -1.281738, -1.770020,riding
B, 260215, -0.926270, -0.065308, -0.358643, 0.061035, -1.098633, -0.915528,riding
A, 646682, -0.980835, 0.201416, 0.014526, -0.244141, -1.159668, -1.770020,riding
B, 260235, -0.925415, -0.063721, -0.359375, 0.122070, -1.037598, -0.976563,riding
A, 646702, -0.981934, 0.192627, 0.016357, -0.183106, -1.159668, -1.586915,riding
B, 260255, -0.925171, -0.062988, -0.359863, 0.122070, -1.037598, -1.037598,riding
A, 646722, -0.981689, 0.192505, 0.021851, 0.122070, -1.098633, -1.403809,riding
B, 260275, -0.927124, -0.064331, -0.355957, 0.366211, -0.976563, -1.037598,riding
A, 646742, -0.980469, 0.194458, 0.030396, -0.061035, -0.915528, -1.403809,riding
B, 260295, -0.929810, -0.060791, -0.350220, 0.305176, -0.976563, -1.220703,riding
A, 646762, -0.980225, 0.201172, 0.020874, 0.183106, -0.793457, -1.464844,riding
B, 260315, -0.929443, -0.062988, -0.349121, 0.488281, -0.976563, -1.281738,riding
A, 646782, -0.979736, 0.203369, -0.003052, 0.244141, -0.793457, -1.586915,riding
B, 260335, -0.927124, -0.079956, -0.354492, 0.488281, -0.976563, -1.220703,riding
A, 646802, -0.980835, 0.201660, -0.019653, 0.061035, -0.854492, -1.708985,riding
B, 260355, -0.925171, -0.083130, -0.358276, 0.488281, -1.037598, -1.098633,riding
A, 646822, -0.982666, 0.192993, -0.024048, 0.244141, -1.037598, -1.647950,riding
B, 260375, -0.924683, -0.084351, -0.358276, 0.366211, -0.976563, -0.976563,riding
A, 646842, -0.983765, 0.187988, -0.021484, -0.366211, -1.098633, -1.464844,riding
B, 260395, -0.925659, -0.082764, -0.357178, -0.061035, -0.976563, -0.976563,riding
A, 646862, -0.984131, 0.190674, -0.030273, 0.671387, -1.647950, -1.403809,riding
B, 260415, -0.927612, -0.088867, -0.352051, 0.793457, -0.854492, -0.427246,riding
A, 646882, -0.983154, 0.190186, -0.020142, -0.366211, -1.647950, -1.281738,riding
B, 260435, -0.928955, -0.087158, -0.346680, -0.061035, -0.915528, -0.610352,riding
A, 646902, -0.979370, 0.206421, -0.010010, -0.122070, -1.770020, -1.464844,riding
B, 260455, -0.927490, -0.078979, -0.350342, 0.000000, -0.976563, -0.488281,riding
A, 646922, -0.981079, 0.197388, 0.010986, -0.549316, -1.647950, -1.708985,riding
B, 260475, -0.928833, -0.068115, -0.352295, 0.000000, -0.976563, -0.427246,riding
A, 646942, -0.983521, 0.187378, 0.004761, 0.427246, -1.708985, -1.708985,riding
B, 260495, -0.928711, -0.075195, -0.350342, 0.793457, -0.793457, -0.122070,riding
A, 646962, -0.986450, 0.166382, -0.008667, 0.671387, -1.892090, -1.342773,riding
B, 260515, -0.927002, -0.082153, -0.352295, 0.000000, -0.915528, -0.366211,riding
A, 646982, -0.981445, 0.191650, 0.000610, -2.136230, -1.464844, -0.793457,riding
B, 260535, -0.925049, -0.068726, -0.360840, -1.892090, -0.976563, -1.098633,riding
A, 647002, -0.974609, 0.232544, 0.006470, -0.976563, -1.708985, -0.976563,riding
B, 260555, -0.924316, -0.063477, -0.363770, -0.122070, -0.976563, -0.427246,riding
A, 647022, -0.976074, 0.226196, 0.010986, -0.549316, -1.708985, -1.525879,riding
B, 260575, -0.924561, -0.072510, -0.358398, -0.427246, -1.037598, -0.549316,riding
A, 647042, -0.979004, 0.208252, 0.007690, -0.488281, -1.647950, -1.892090,riding
B, 260595, -0.928101, -0.067749, -0.352051, -0.183106, -1.220703, -0.488281,riding
A, 647062, -0.980713, 0.194458, 0.019531, -0.427246, -1.647950, -1.831055,riding
B, 260615, -0.927124, -0.062134, -0.354370, -0.244141, -1.281738, -0.610352,riding
A, 647082, -0.981079, 0.194580, 0.036987, -0.793457, -1.464844, -1.708985,riding
B, 260635, -0.927612, -0.053101, -0.359985, -0.366211, -1.281738, -0.854492,riding
A, 647102, -0.980957, 0.197144, 0.045044, 0.061035, -1.342773, -1.708985,riding
B, 260655, -0.927734, -0.051392, -0.357544, 0.488281, -1.159668, -0.732422,riding
A, 647122, -0.983765, 0.182007, 0.031616, 0.488281, -1.159668, -1.647950,riding
B, 260675, -0.930176, -0.062378, -0.347046, 0.732422, -1.098633, -0.854492,riding
A, 647142, -0.984009, 0.180176, 0.004395, 0.183106, -1.037598, -1.464844,riding
B, 260695, -0.930786, -0.076050, -0.341309, 0.366211, -1.098633, -0.976563,riding
A, 647162, -0.981079, 0.195923, 0.001465, -1.037598, -0.915528, -1.342773,riding
B, 260715, -0.929810, -0.076538, -0.348022, -0.671387, -1.220703, -1.403809,riding
A, 647182, -0.974609, 0.224731, 0.008667, -1.037598, -0.854492, -1.586915,riding
B, 260735, -0.925049, -0.062256, -0.361938, -0.061035, -1.342773, -1.159668,riding
A, 647202, -0.976685, 0.223389, 0.017578, -0.366211, -0.915528, -2.014160,riding
B, 260755, -0.924927, -0.061523, -0.363159, 0.122070, -1.403809, -1.281738,riding
A, 647222, -0.981934, 0.192017, 0.010132, 0.427246, -1.098633, -2.197266,riding
B, 260775, -0.926147, -0.066406, -0.355957, 0.854492, -1.342773, -1.037598,riding
A, 647242, -0.985107, 0.169067, 0.026245, -0.244141, -0.854492, -1.770020,riding
B, 260795, -0.930664, -0.066772, -0.346191, 0.122070, -1.342773, -1.403809,riding
A, 647262, -0.983276, 0.177002, 0.042358, -0.854492, -0.549316, -1.586915,riding
B, 260815, -0.933716, -0.055664, -0.340088, -0.244141, -1.342773, -1.770020,riding
A, 647282, -0.981689, 0.184082, 0.042236, 0.122070, -0.366211, -1.708985,riding
B, 260835, -0.935059, -0.053467, -0.336914, 0.610352, -1.098633, -1.647950,riding
A, 647302, -0.984253, 0.176636, 0.028931, 0.915528, -0.366211, -1.708985,riding
B, 260855, -0.934692, -0.064575, -0.336792, 1.281738, -1.037598, -1.586915,riding
A, 647322, -0.986572, 0.169312, 0.026733, -0.488281, 0.061035, -1.647950,riding
B, 260875, -0.932007, -0.065430, -0.343384, 0.000000, -0.976563, -2.197266,riding
A, 647342, -0.985474, 0.171997, -0.000610, -0.061035, 0.122070, -1.525879,riding
B, 260895, -0.931030, -0.081421, -0.343018, 0.915528, -0.671387, -1.892090,riding
A, 647362, -0.989502, 0.155151, -0.033081, 0.183106, -0.061035, -1.159668,riding
B, 260915, -0.930054, -0.103271, -0.340942, -0.061035, -0.671387, -2.014160,riding
A, 647382, -0.987793, 0.172974, -0.067383, -0.915528, -0.488281, -0.854492,riding
B, 260935, -0.930420, -0.106812, -0.339600, -0.427246, -0.488281, -1.770020,riding
A, 647402, -0.987793, 0.169678, -0.049927, -0.305176, -0.976563, -0.854492,riding
B, 260955, -0.933228, -0.099609, -0.332031, 0.061035, -0.366211, -1.220703,riding
A, 647422, -0.989624, 0.157104, -0.027954, -0.549316, -1.159668, -0.793457,riding
B, 260975, -0.936157, -0.091187, -0.327393, -0.305176, -0.183106, -1.098633,riding
A, 647442, -0.989502, 0.153076, -0.020874, -0.732422, -1.281738, -0.549316,riding
B, 260995, -0.932495, -0.089478, -0.335938, -0.732422, 0.000000, -1.098633,riding
A, 647462, -0.989380, 0.158325, -0.013428, -1.586915, -1.220703, -0.244141,riding
B, 261015, -0.931030, -0.082031, -0.343140, -1.464844, 0.122070, -1.220703,riding
A, 647482, -0.985718, 0.173950, -0.003540, -1.770020, -1.159668, 0.122070,riding
B, 261035, -0.928955, -0.073975, -0.349854, -1.342773, 0.183106, -1.159668,riding
A, 647502, -0.982056, 0.192017, 0.001953, -1.464844, -1.220703, 0.183106,riding
B, 261055, -0.926880, -0.076538, -0.352783, -1.037598, 0.305176, -0.976563,riding
A, 647522, -0.979126, 0.208130, -0.016846, -0.671387, -1.403809, 0.122070,riding
B, 261075, -0.925659, -0.088257, -0.354492, -0.366211, 0.305176, -0.671387,riding
A, 647542, -0.978271, 0.210693, -0.030396, -0.610352, -1.525879, -0.122070,riding
B, 261095, -0.925293, -0.089600, -0.354370, -0.610352, 0.183106, -0.610352,riding
A, 647562, -0.978027, 0.218628, -0.014771, -1.098633, -1.708985, -0.366211,riding
B, 261115, -0.924072, -0.080933, -0.357300, -0.915528, 0.000000, -0.610352,riding
A, 647582, -0.976685, 0.225220, -0.007202, -0.732422, -1.831055, -0.610352,riding
B, 261135, -0.921997, -0.077515, -0.366577, -0.488281, -0.183106, -0.366211,riding
A, 647602, -0.977905, 0.218506, 0.005371, -0.610352, -1.831055, -0.732422,riding
B, 261155, -0.922852, -0.070679, -0.365723, -0.549316, -0.305176, -0.427246,riding
A, 647622, -0.977661, 0.213745, 0.025513, -0.854492, -1.770020, -0.732422,riding
B, 261175, -0.924438, -0.055542, -0.362915, -0.610352, -0.427246, -0.549316,riding
A, 647642, -0.977051, 0.213135, 0.046143, -0.488281, -1.586915, -0.854492,riding
B, 261195, -0.927246, -0.053101, -0.357178, -0.183106, -0.488281, -0.671387,riding
A, 647662, -0.980225, 0.202881, 0.034546, 0.305176, -1.403809, -1.098633,riding
B, 261215, -0.928467, -0.067017, -0.350708, 0.488281, -0.488281, -0.610352,riding
A, 647682, -0.982056, 0.192627, 0.007202, -0.122070, -1.159668, -1.037598,riding
B, 261235, -0.929077, -0.074219, -0.349243, -0.122070, -0.549316, -0.976563,riding
A, 647702, -0.980591, 0.200684, 0.006104, -1.220703, -1.037598, -0.854492,riding
B, 261255, -0.925903, -0.063721, -0.358398, -0.549316, -0.610352, -1.098633,riding
A, 647722, -0.978394, 0.214478, 0.005005, -0.488281, -1.220703, -1.159668,riding
B, 261275, -0.923828, -0.076172, -0.360840, 0.366211, -0.671387, -0.793457,riding
A, 647742, -0.981689, 0.199707, -0.009399, 0.122070, -1.220703, -1.342773,riding
B, 261295, -0.926270, -0.083740, -0.356201, 0.305176, -0.671387, -0.854492,riding
A, 647762, -0.983643, 0.186768, -0.006104, 0.305176, -1.403809, -1.281738,riding
B, 261315, -0.929321, -0.073730, -0.346313, 0.427246, -0.610352, -0.732422,riding
A, 647782, -0.986084, 0.173096, 0.009399, 0.000000, -1.342773, -1.159668,riding
B, 261335, -0.932739, -0.069580, -0.339722, 0.244141, -0.610352, -0.793457,riding
A, 647802, -0.986084, 0.170166, 0.000854, 0.183106, -1.281738, -0.976563,riding
B, 261355, -0.931519, -0.082764, -0.340088, 0.366211, -0.488281, -0.793457,riding
A, 647822, -0.985352, 0.177246, -0.019165, -0.427246, -1.159668, -0.793457,riding
B, 261375, -0.928467, -0.089233, -0.347656, -0.305176, -0.427246, -0.976563,riding
A, 647842, -0.979980, 0.201172, -0.020996, -0.976563, -1.281738, -0.671387,riding
B, 261395, -0.923950, -0.072998, -0.361694, -0.488281, -0.488281, -0.854492,riding
A, 647862, -0.977051, 0.219727, -0.007202, -0.549316, -1.586915, -0.854492,riding
B, 261415, -0.923340, -0.076294, -0.364136, -0.061035, -0.549316, -0.610352,riding
A, 647882, -0.977539, 0.217896, 0.006592, -0.305176, -1.525879, -1.098633,riding
B, 261435, -0.923828, -0.079468, -0.359375, -0.061035, -0.671387, -0.671387,riding
A, 647902, -0.977051, 0.215210, 0.006348, -0.366211, -1.342773, -1.281738,riding
B, 261455, -0.926636, -0.069214, -0.355225, -0.183106, -0.793457, -0.732422,riding
A, 647922, -0.979004, 0.206909, 0.013428, -0.244141, -1.403809, -1.403809,riding
B, 261475, -0.926758, -0.063843, -0.353516, 0.061035, -0.915528, -0.732422,riding
A, 647942, -0.977661, 0.210938, 0.019165, -0.610352, -1.281738, -1.525879,riding
B, 261495, -0.926025, -0.068848, -0.359131, -0.305176, -0.976563, -0.976563,riding
A, 647962, -0.979736, 0.207520, 0.003418, 0.305176, -1.220703, -1.647950,riding
B, 261515, -0.923584, -0.077148, -0.360840, 0.488281, -0.976563, -0.732422,riding
A, 647982, -0.981567, 0.191772, -0.015381, 0.061035, -1.281738, -1.586915,riding
B, 261535, -0.926758, -0.077881, -0.353394, 0.244141, -1.098633, -0.732422,riding
A, 648002, -0.983276, 0.188599, -0.018433, -0.183106, -1.464844, -1.464844,riding
B, 261555, -0.928101, -0.082275, -0.348267, 0.000000, -1.037598, -0.732422,riding
A, 648022, -0.983032, 0.189453, -0.005615, -0.183106, -1.586915, -1.403809,riding
B, 261575, -0.930176, -0.084229, -0.345093, 0.122070, -1.037598, -0.671387,riding
A, 648042, -0.982666, 0.188477, 0.004761, -0.122070, -1.403809, -1.464844,riding
B, 261595, -0.930298, -0.074707, -0.345215, 0.000000, -0.976563, -0.671387,riding
A, 648062, -0.982910, 0.188354, 0.010254, -0.366211, -1.403809, -1.525879,riding
B, 261615, -0.930542, -0.063721, -0.345703, -0.183106, -0.976563, -0.793457,riding
A, 648082, -0.981689, 0.191895, 0.018311, -0.488281, -1.342773, -1.464844,riding
B, 261635, -0.928833, -0.067505, -0.350220, -0.122070, -0.976563, -0.915528,riding
A, 648102, -0.980835, 0.196533, 0.014893, -0.366211, -1.159668, -1.403809,riding
B, 261655, -0.925293, -0.074463, -0.357178, 0.000000, -0.976563, -0.976563,riding
A, 648122, -0.980591, 0.200317, 0.003784, 0.000000, -1.098633, -1.464844,riding
B, 261675, -0.927734, -0.069092, -0.353027, 0.366211, -0.915528, -0.915528,riding
A, 648142, -0.982178, 0.192261, -0.004639, 0.671387, -1.342773, -1.525879,riding
B, 261695, -0.930542, -0.072510, -0.344360, 0.915528, -0.915528, -0.671387,riding
A, 648162, -0.984131, 0.181396, 0.000488, 0.244141, -1.342773, -1.403809,riding
B, 261715, -0.931274, -0.081543, -0.342041, 0.244141, -0.976563, -0.915528,riding
A, 648182, -0.982300, 0.192505, 0.003784, -0.732422, -1.037598, -1.342773,riding
B, 261735, -0.929688, -0.078857, -0.346436, -0.305176, -0.915528, -1.159668,riding
A, 648202, -0.982788, 0.194092, -0.003906, 0.061035, -1.159668, -1.586915,riding
B, 261755, -0.930176, -0.074341, -0.347290, 0.427246, -0.915528, -0.854492,riding
A, 648222, -0.985596, 0.174683, -0.012939, 0.427246, -1.403809, -1.647950,riding
B, 261775, -0.931274, -0.080200, -0.342773, 0.610352, -0.732422, -0.671387,riding
A, 648242, -0.990234, 0.154053, -0.015259, 0.244141, -1.403809, -1.281738,riding
B, 261795, -0.934204, -0.088501, -0.333740, 0.061035, -0.549316, -0.732422,riding
A, 648262, -0.990723, 0.148560, -0.010864, -0.366211, -1.403809, -0.732422,riding
B, 261815, -0.935669, -0.081787, -0.330811, -0.061035, -0.305176, -0.732422,riding
A, 648282, -0.990234, 0.150146, -0.012207, -0.183106, -1.464844, -0.488281,riding
B, 261835, -0.936523, -0.079956, -0.328735, -0.061035, -0.122070, -0.671387,riding
A, 648302, -0.987915, 0.159302, -0.005737, -0.793457, -1.464844, -0.244141,riding
B, 261855, -0.934570, -0.081421, -0.333130, -0.610352, 0.061035, -0.793457,riding
A, 648322, -0.985962, 0.171387, 0.003418, -0.732422, -1.464844, -0.183106,riding
B, 261875, -0.932617, -0.077393, -0.337769, -0.549316, 0.183106, -0.793457,riding
A, 648342, -0.986450, 0.169922, 0.008179, -0.549316, -1.403809, -0.122070,riding
B, 261895, -0.933105, -0.073242, -0.340576, -0.427246, 0.305176, -0.732422,riding
A, 648362, -0.984009, 0.174561, 0.004517, -0.976563, -1.342773, 0.122070,riding
B, 261915, -0.929199, -0.072510, -0.348633, -0.671387, 0.427246, -0.854492,riding
A, 648382, -0.982788, 0.184448, 0.006226, -0.915528, -1.342773, 0.244141,riding
B, 261935, -0.927368, -0.075195, -0.352661, -0.854492, 0.488281, -0.976563,riding
A, 648402, -0.980957, 0.199097, 0.007324, -0.976563, -1.220703, 0.305176,riding
B, 261955, -0.925171, -0.074341, -0.355347, -0.610352, 0.427246, -0.915528,riding
A, 648422, -0.978516, 0.214966, -0.001709, -0.610352, -1.220703, 0.183106,riding
B, 261975, -0.925537, -0.075073, -0.356934, -0.427246, 0.427246, -0.854492,riding
A, 648442, -0.978271, 0.218384, -0.007690, -0.549316, -1.403809, -0.183106,riding
B, 261995, -0.924683, -0.076660, -0.358032, -0.366211, 0.244141, -0.793457,riding
A, 648462, -0.979370, 0.208862, 0.000854, -0.488281, -1.403809, -0.427246,riding
B, 262015, -0.925293, -0.076660, -0.358398, -0.305176, 0.244141, -0.793457,riding
A, 648482, -0.980713, 0.200195, 0.003296, -0.549316, -1.342773, -0.366211,riding
B, 262035, -0.926025, -0.075684, -0.356201, -0.305176, 0.122070, -0.793457,riding
A, 648502, -0.980225, 0.200806, -0.001221, -0.793457, -1.342773, -0.305176,riding
B, 262055, -0.924438, -0.074341, -0.359131, -0.549316, 0.000000, -0.915528,riding
A, 648522, -0.978271, 0.211304, -0.000488, -0.671387, -1.403809, -0.305176,riding
B, 262075, -0.924438, -0.076660, -0.361328, -0.305176, 0.000000, -0.854492,riding
A, 648542, -0.977417, 0.214722, 0.007690, -0.244141, -1.403809, -0.427246,riding
B, 262095, -0.925415, -0.072876, -0.358398, 0.061035, -0.061035, -0.732422,riding
A, 648562, -0.979370, 0.204712, 0.005127, 0.305176, -1.403809, -0.671387,riding
B, 262115, -0.927734, -0.073486, -0.351196, 0.366211, -0.061035, -0.610352,riding
A, 648582, -0.981934, 0.191650, -0.002686, -0.061035, -1.342773, -0.610352,riding
B, 262135, -0.928345, -0.077271, -0.351929, -0.122070, -0.122070, -0.854492,riding
A, 648602, -0.981689, 0.200195, -0.007080, -0.671387, -1.281738, -0.610352,riding
B, 262155, -0.924927, -0.082153, -0.357544, -0.488281, -0.183106, -0.915528,riding
A, 648622, -0.979614, 0.210815, -0.013672, -0.366211, -1.403809, -0.671387,riding
B, 262175, -0.922607, -0.083130, -0.361816, -0.183106, -0.244141, -0.732422,riding
A, 648642, -0.980225, 0.206787, -0.007935, -0.427246, -1.464844, -0.732422,riding
B, 262195, -0.924805, -0.074707, -0.358032, -0.244141, -0.305176, -0.671387,riding
A, 648662, -0.980225, 0.200928, 0.001587, -0.244141, -1.647950, -0.793457,riding
B, 262215, -0.926880, -0.074219, -0.354248, -0.122070, -0.305176, -0.610352,riding
A, 648682, -0.981323, 0.199097, 0.001465, -0.488281, -1.464844, -0.793457,riding
B, 262235, -0.926514, -0.080078, -0.353516, -0.305176, -0.366211, -0.671387,riding
A, 648702, -0.979736, 0.209961, -0.012451, -0.488281, -1.464844, -0.732422,riding
B, 262255, -0.923462, -0.083984, -0.359619, -0.366211, -0.427246, -0.671387,riding
A, 648722, -0.978027, 0.216919, -0.005371, -0.732422, -1.525879, -0.915528,riding
B, 262275, -0.923462, -0.072021, -0.360840, -0.488281, -0.549316, -0.732422,riding
A, 648742, -0.978149, 0.217163, 0.007690, -0.244141, -1.586915, -1.098633,riding
B, 262295, -0.924316, -0.069946, -0.360718, 0.122070, -0.549316, -0.488281,riding
A, 648762, -0.980713, 0.199951, 0.000244, 0.427246, -1.647950, -1.342773,riding
B, 262315, -0.926270, -0.085449, -0.353027, 0.366211, -0.549316, -0.366211,riding
A, 648782, -0.984253, 0.183716, -0.024048, -0.366211, -1.647950, -1.037598,riding
B, 262335, -0.927002, -0.084961, -0.351074, -0.305176, -0.549316, -0.488281,riding
A, 648802, -0.982910, 0.193359, -0.016724, -0.488281, -1.892090, -0.854492,riding
B, 262355, -0.927490, -0.078857, -0.352295, -0.305176, -0.610352, -0.427246,riding
A, 648822, -0.981934, 0.198486, -0.005615, -0.366211, -1.953125, -0.976563,riding
B, 262375, -0.926514, -0.080933, -0.352661, -0.183106, -0.488281, -0.305176,riding
A, 648842, -0.982300, 0.195923, -0.015015, 0.122070, -1.953125, -1.037598,riding
B, 262395, -0.926392, -0.085449, -0.351563, 0.183106, -0.488281, -0.061035,riding
A, 648862, -0.984131, 0.185425, -0.021851, 0.000000, -2.075195, -1.037598,riding
B, 262415, -0.928345, -0.081421, -0.348145, 0.000000, -0.427246, 0.000000,riding
A, 648882, -0.986572, 0.171143, -0.014526, 0.061035, -2.319336, -0.915528,riding
B, 262435, -0.931030, -0.079102, -0.342651, 0.122070, -0.305176, 0.122070,riding
A, 648902, -0.988647, 0.159180, -0.008545, -0.061035, -2.319336, -0.610352,riding
B, 262455, -0.930542, -0.088745, -0.342773, -0.610352, -0.122070, 0.000000,riding
A, 648922, -0.985962, 0.173828, -0.014282, -0.976563, -2.136230, -0.305176,riding
B, 262475, -0.928711, -0.081177, -0.349487, -1.037598, -0.061035, -0.061035,riding
A, 648942, -0.981079, 0.195435, -0.013916, -0.854492, -2.380371, -0.244141,riding
B, 262495, -0.927124, -0.072021, -0.354614, -0.549316, 0.000000, 0.183106,riding
A, 648962, -0.980835, 0.203979, -0.005371, -0.549316, -2.502441, -0.305176,riding
B, 262515, -0.924561, -0.079590, -0.357788, -0.549316, -0.061035, 0.305176,riding
A, 648982, -0.977905, 0.213013, -0.017456, -0.915528, -2.441406, -0.366211,riding
B, 262535, -0.921875, -0.087769, -0.362671, -0.854492, -0.122070, 0.244141,riding
A, 649002, -0.976563, 0.228027, -0.035278, -0.915528, -2.563477, -0.427246,riding
B, 262555, -0.920166, -0.086914, -0.367310, -0.976563, -0.244141, 0.366211,riding
A, 649022, -0.975342, 0.236084, -0.044800, -0.549316, -2.990724, -0.732422,riding
B, 262575, -0.917969, -0.086914, -0.373535, -0.671387, -0.549316, 0.915528,riding
A, 649042, -0.974976, 0.241089, -0.031616, -0.915528, -3.295899, -0.915528,riding
B, 262595, -0.916504, -0.090454, -0.377808, -1.220703, -0.854492, 0.915528,riding
A, 649062, -0.970825, 0.256104, -0.031372, -0.854492, -3.356935, -1.281738,riding
B, 262615, -0.913940, -0.086548, -0.381226, -0.610352, -1.098633, 1.342773,riding
A, 649082, -0.971191, 0.255493, -0.036011, 0.000000, -3.784181, -1.647950,riding
B, 262635, -0.916260, -0.082764, -0.378540, -0.366211, -1.342773, 1.647950,riding
A, 649102, -0.973267, 0.243408, -0.030518, -0.427246, -4.028320, -2.075195,riding
B, 262655, -0.918945, -0.081909, -0.373779, -0.488281, -1.647950, 1.892090,riding
A, 649122, -0.975464, 0.233154, -0.032349, 0.183106, -4.333496, -2.380371,riding
B, 262675, -0.919556, -0.091309, -0.367188, 0.000000, -1.770020, 2.258301,riding
A, 649142, -0.977905, 0.209839, -0.020508, -0.610352, -4.455566, -2.441406,riding
B, 262695, -0.923584, -0.085205, -0.360596, -0.671387, -2.014160, 2.197266,riding
A, 649162, -0.976318, 0.214478, -0.000732, -1.159668, -4.577637, -2.319336,riding
B, 262715, -0.923584, -0.060913, -0.362427, -1.342773, -2.258301, 2.075195,riding
A, 649182, -0.974609, 0.223877, 0.021729, -1.281738, -4.577637, -2.563477,riding
B, 262735, -0.922852, -0.059448, -0.366699, -1.342773, -2.380371, 2.075195,riding
A, 649202, -0.972900, 0.230591, 0.037842, -1.464844, -4.333496, -2.624512,riding
B, 262755, -0.921631, -0.054810, -0.370728, -1.770020, -2.624512, 1.770020,riding
A, 649222, -0.970825, 0.238770, 0.047363, -2.136230, -3.967286, -2.868653,riding
B, 262775, -0.921143, -0.037476, -0.371704, -2.136230, -2.929688, 1.464844,riding
A, 649242, -0.966553, 0.259766, 0.061279, -2.197266, -3.845216, -3.051759,riding
B, 262795, -0.920288, -0.031006, -0.377808, -1.892090, -3.234864, 1.220703,riding
A, 649262, -0.964478, 0.268188, 0.068237, -0.915528, -3.784181, -3.784181,riding
B, 262815, -0.917969, -0.033325, -0.380005, -0.549316, -3.540040, 1.403809,riding
A, 649282, -0.967896, 0.256226, 0.071777, -0.122070, -3.479005, -4.333496,riding
B, 262835, -0.920776, -0.035034, -0.375977, -0.122070, -3.723145, 1.159668,riding
A, 649302, -0.969727, 0.240967, 0.070923, -0.305176, -3.051759, -4.760742,riding
B, 262855, -0.925049, -0.024414, -0.364746, 0.061035, -4.150391, 0.671387,riding
A, 649322, -0.973389, 0.220215, 0.067383, 0.122070, -2.868653, -4.943848,riding
B, 262875, -0.926880, -0.036499, -0.358398, 0.488281, -4.394531, 0.610352,riding
A, 649342, -0.976929, 0.208008, 0.064209, 0.061035, -2.502441, -5.126953,riding
B, 262895, -0.929688, -0.040527, -0.351929, 0.427246, -4.516602, 0.244141,riding
A, 649362, -0.977783, 0.199219, 0.063110, 0.122070, -2.258301, -5.126953,riding
B, 262915, -0.931641, -0.033569, -0.346436, 0.488281, -4.577637, 0.000000,riding
A, 649382, -0.979004, 0.190674, 0.062134, 0.244141, -2.075195, -5.371094,riding
B, 262935, -0.934814, -0.029785, -0.340698, 0.793457, -4.577637, -0.183106,riding
A, 649402, -0.982788, 0.169067, 0.069336, 0.671387, -1.892090, -5.310059,riding
B, 262955, -0.937134, -0.036133, -0.333008, 1.159668, -4.455566, -0.305176,riding
A, 649422, -0.986694, 0.150757, 0.068359, 0.732422, -1.586915, -5.126953,riding
B, 262975, -0.941040, -0.037354, -0.322754, 1.281738, -4.211426, -0.671387,riding
A, 649442, -0.988770, 0.134888, 0.060059, 0.854492, -1.281738, -4.882813,riding
B, 262995, -0.944214, -0.032715, -0.315186, 1.464844, -3.967286, -0.854492,riding
A, 649462, -0.990967, 0.123779, 0.058716, 0.793457, -1.098633, -4.516602,riding
B, 263015, -0.946045, -0.038940, -0.310303, 1.342773, -3.601075, -1.098633,riding
A, 649482, -0.993042, 0.116211, 0.059937, 1.098633, -0.793457, -4.089355,riding
B, 263035, -0.947510, -0.045288, -0.304443, 1.647950, -3.234864, -1.220703,riding
A, 649502, -0.996094, 0.100342, 0.053589, 1.159668, -0.549316, -3.723145,riding
B, 263055, -0.950073, -0.043579, -0.296997, 1.708985, -2.807618, -1.403809,riding
A, 649522, -0.997925, 0.088745, 0.040039, 0.976563, -0.366211, -3.234864,riding
B, 263075, -0.952026, -0.043335, -0.293335, 1.525879, -2.380371, -1.586915,riding
A, 649542, -1.001221, 0.078491, 0.035522, 1.098633, -0.366211, -2.685547,riding
B, 263095, -0.952148, -0.053223, -0.291626, 1.708985, -1.892090, -1.586915,riding
A, 649562, -1.003418, 0.071289, 0.030396, 1.098633, -0.244141, -2.014160,riding
B, 263115, -0.953125, -0.061035, -0.287842, 1.464844, -1.037598, -1.770020,riding
A, 649582, -1.004028, 0.068970, 0.025391, 0.732422, -0.061035, -1.281738,riding
B, 263135, -0.954102, -0.055054, -0.285889, 1.037598, -0.488281, -1.892090,riding
A, 649602, -1.002197, 0.075073, 0.025391, 0.549316, 0.000000, -0.671387,riding
B, 263155, -0.954468, -0.055908, -0.286865, 0.915528, 0.061035, -1.953125,riding
A, 649622, -1.000122, 0.086426, 0.021606, 0.671387, 0.000000, -0.183106,riding
B, 263175, -0.952637, -0.066895, -0.289551, 1.159668, 0.671387, -1.831055,riding
A, 649642, -1.002075, 0.079468, 0.010132, 0.915528, 0.000000, 0.183106,riding
B, 263195, -0.951660, -0.072998, -0.287598, 0.976563, 1.159668, -1.953125,riding
A, 649662, -1.000244, 0.084961, -0.007324, 0.061035, 0.000000, 1.159668,riding
B, 263215, -0.950928, -0.068726, -0.292114, 0.305176, 1.647950, -2.014160,riding
A, 649682, -0.999146, 0.092285, -0.003296, 0.061035, -0.244141, 1.770020,riding
B, 263235, -0.948364, -0.071777, -0.298950, 0.061035, 2.319336, -1.831055,riding
A, 649702, -0.996826, 0.107178, 0.003540, -0.549316, -0.122070, 2.258301,riding
B, 263255, -0.943359, -0.074341, -0.308716, -0.427246, 2.685547, -1.953125,riding
A, 649722, -0.993286, 0.126465, -0.000122, -0.549316, -0.122070, 2.624512,riding
B, 263275, -0.942627, -0.070801, -0.312378, -0.366211, 3.051759, -1.831055,riding
A, 649742, -0.991821, 0.134888, -0.011597, -0.305176, -0.305176, 2.868653,riding
B, 263295, -0.940918, -0.073242, -0.316162, -0.305176, 3.234864, -1.647950,riding
A, 649762, -0.990723, 0.142090, -0.010010, -0.854492, -0.427246, 3.051759,riding
B, 263315, -0.938843, -0.079224, -0.319702, -0.915528, 3.479005, -1.708985,riding
A, 649782, -0.989014, 0.151245, -0.013184, -0.915528, -0.488281, 3.234864,riding
B, 263335, -0.936523, -0.082764, -0.326172, -0.915528, 3.601075, -1.525879,riding
A, 649802, -0.986572, 0.161133, -0.022827, -1.403809, -0.488281, 3.479005,riding
B, 263355, -0.932495, -0.081909, -0.335327, -1.647950, 3.662110, -1.647950,riding
A, 649822, -0.982666, 0.188477, -0.021240, -2.380371, -0.671387, 3.662110,riding
B, 263375, -0.925903, -0.070679, -0.355957, -1.892090, 3.662110, -1.464844,riding
A, 649842, -0.976807, 0.220093, -0.001953, -1.159668, -1.098633, 3.356935,riding
B, 263395, -0.923462, -0.072632, -0.363403, -1.159668, 3.540040, -1.098633,riding
A, 649862, -0.975098, 0.227173, -0.002686, -0.671387, -1.159668, 3.051759,riding
B, 263415, -0.922607, -0.072266, -0.363525, -0.854492, 3.417970, -0.854492,riding
A, 649882, -0.974731, 0.226318, -0.008179, -0.610352, -1.342773, 2.929688,riding
B, 263435, -0.922974, -0.068604, -0.362671, -0.915528, 3.112794, -0.854492,riding
A, 649902, -0.973389, 0.237305, -0.008057, -1.342773, -1.342773, 2.685547,riding
B, 263455, -0.921387, -0.072632, -0.365967, -1.403809, 2.868653, -0.854492,riding
A, 649922, -0.970825, 0.248657, -0.002563, -1.342773, -1.464844, 2.380371,riding
B, 263475, -0.918091, -0.074097, -0.372437, -1.342773, 2.563477, -0.732422,riding
A, 649942, -0.970459, 0.253052, -0.001831, -1.464844, -1.403809, 1.953125,riding
B, 263495, -0.916626, -0.069458, -0.379272, -1.464844, 2.258301, -0.732422,riding
A, 649962, -0.969604, 0.260986, -0.003418, -1.220703, -1.586915, 1.647950,riding
B, 263515, -0.913818, -0.063477, -0.386475, -1.159668, 1.770020, -0.488281,riding
A, 649982, -0.968872, 0.261108, 0.002197, -1.037598, -1.770020, 1.220703,riding
B, 263535, -0.914185, -0.067139, -0.385742, -0.915528, 1.342773, -0.427246,riding
A, 650002, -0.968506, 0.263672, 0.005493, -0.854492, -1.831055, 0.732422,riding
B, 263555, -0.914795, -0.069092, -0.384644, -0.854492, 0.976563, -0.366211,riding
A, 650022, -0.964966, 0.278198, 0.007568, -1.586915, -1.708985, 0.427246,riding
B, 263575, -0.914307, -0.061157, -0.387817, -1.464844, 0.427246, -0.610352,riding
A, 650042, -0.962524, 0.292114, 0.007690, -0.793457, -1.892090, -0.305176,riding
B, 263595, -0.912231, -0.057373, -0.392700, -0.732422, 0.061035, -0.305176,riding
A, 650062, -0.965454, 0.281128, 0.006958, -0.488281, -2.014160, -0.976563,riding
B, 263615, -0.912109, -0.067993, -0.392578, -0.366211, -0.427246, -0.183106,riding
A, 650082, -0.965820, 0.282959, 0.002075, -1.037598, -1.953125, -1.342773,riding
B, 263635, -0.911621, -0.064087, -0.397339, -0.610352, -1.159668, -0.244141,riding
A, 650102, -0.964600, 0.282959, -0.002441, -0.366211, -2.136230, -1.953125,riding
B, 263655, -0.911621, -0.062744, -0.393799, -0.061035, -1.647950, 0.061035,riding
A, 650122, -0.966431, 0.274170, 0.000366, -0.305176, -2.319336, -2.258301,riding
B, 263675, -0.913208, -0.065674, -0.389282, -0.305176, -2.014160, 0.000000,riding
A, 650142, -0.967163, 0.270752, 0.007568, -0.366211, -2.319336, -2.746582,riding
B, 263695, -0.915894, -0.064331, -0.382935, -0.061035, -2.441406, 0.122070,riding
A, 650162, -0.968506, 0.260010, 0.010620, -0.061035, -2.319336, -3.295899,riding
B, 263715, -0.918579, -0.062988, -0.374390, 0.183106, -2.746582, 0.183106,riding
A, 650182, -0.973145, 0.236938, 0.002441, -0.122070, -2.502441, -3.784181,riding
B, 263735, -0.920410, -0.063477, -0.369385, 0.183106, -3.051759, 0.244141,riding
A, 650202, -0.973389, 0.232788, 0.008179, -0.610352, -2.441406, -3.906251,riding
B, 263755, -0.920166, -0.062500, -0.371216, -0.244141, -3.356935, 0.122070,riding
A, 650222, -0.973755, 0.233398, 0.010986, -0.488281, -2.502441, -4.028320,riding
B, 263775, -0.920288, -0.062866, -0.372192, -0.244141, -3.723145, 0.183106,riding
A, 650242, -0.973389, 0.234131, 0.008667, -0.427246, -2.502441, -4.211426,riding
B, 263795, -0.923218, -0.058105, -0.367188, 0.000000, -3.845216, 0.305176,riding
A, 650262, -0.975464, 0.225830, 0.012207, -0.061035, -2.685547, -4.516602,riding
B, 263815, -0.925293, -0.057129, -0.358032, 0.244141, -4.028320, 0.427246,riding
A, 650282, -0.976440, 0.211304, 0.017090, 0.122070, -2.746582, -4.760742,riding
B, 263835, -0.927734, -0.060303, -0.350098, 0.366211, -4.150391, 0.427246,riding
A, 650302, -0.978882, 0.199707, 0.018799, -0.061035, -2.624512, -4.821777,riding
B, 263855, -0.928711, -0.061401, -0.349731, 0.183106, -4.272461, 0.305176,riding
A, 650322, -0.980103, 0.195068, 0.018066, -0.305176, -2.563477, -4.943848,riding
B, 263875, -0.929810, -0.055054, -0.348022, 0.061035, -4.333496, 0.305176,riding
A, 650342, -0.982544, 0.186646, 0.024414, -0.122070, -2.624512, -4.943848,riding
B, 263895, -0.931274, -0.052612, -0.344238, 0.366211, -4.272461, 0.366211,riding
A, 650362, -0.984863, 0.167236, 0.030518, -0.122070, -2.563477, -4.699707,riding
B, 263915, -0.935425, -0.054443, -0.335938, 0.244141, -4.150391, 0.244141,riding
A, 650382, -0.985474, 0.165161, 0.027344, 0.122070, -2.441406, -4.577637,riding
B, 263935, -0.937012, -0.052979, -0.330078, 0.488281, -4.089355, 0.305176,riding
A, 650402, -0.987305, 0.157837, 0.028320, 0.305176, -2.502441, -4.577637,riding
B, 263955, -0.938965, -0.051270, -0.323608, 0.549316, -3.906251, 0.244141,riding
A, 650422, -0.987915, 0.146362, 0.037231, 0.122070, -2.380371, -4.394531,riding
B, 263975, -0.941284, -0.050415, -0.319336, 0.427246, -3.723145, 0.122070,riding
A, 650442, -0.989380, 0.133057, 0.040649, 0.305176, -2.258301, -4.211426,riding
B, 263995, -0.943604, -0.049316, -0.315308, 0.610352, -3.479005, 0.122070,riding
B, 264015, -0.944214, -0.051636, -0.311279, 0.549316, -3.112794, 0.000000,riding
B, 264035, -0.947266, -0.050659, -0.306763, 0.427246, -2.685547, -0.061035,riding
B, 264055, -0.948364, -0.052734, -0.301514, 0.366211, -2.258301, -0.183106,riding
B, 264075, -0.949585, -0.052734, -0.295288, 0.427246, -1.831055, -0.183106,riding
B, 264095, -0.952271, -0.051880, -0.293213, 0.000000, -1.342773, -0.366211,riding
A, 650462, -0.993286, 0.120117, 0.033447, 0.305176, -2.136230, -3.967286,riding
A, 650482, -0.994751, 0.109985, 0.029297, 0.061035, -2.075195, -3.417970,riding
A, 650502, -0.995972, 0.104980, 0.035156, 0.183106, -2.075195, -2.990724,riding
A, 650522, -0.997437, 0.099854, 0.038086, 0.244141, -1.953125, -2.319336,riding
A, 650542, -0.998779, 0.092773, 0.032227, -0.183106, -1.708985, -1.831055,riding
B, 264115, -0.951538, -0.055420, -0.293457, 0.000000, -0.915528, -0.366211,riding
A, 650562, -0.998413, 0.093994, 0.023926, -0.122070, -1.770020, -1.403809,riding
A, 650582, -0.998169, 0.096802, 0.025757, -0.610352, -1.647950, -0.915528,riding
B, 264135, -0.949463, -0.058350, -0.297852, -0.366211, -0.488281, -0.549316,riding
A, 650602, -0.995972, 0.107788, 0.029785, -0.671387, -1.586915, -0.427246,riding
B, 264155, -0.946899, -0.052368, -0.305054, -0.427246, -0.122070, -0.610352,riding
B, 264175, -0.943359, -0.049927, -0.312988, -0.671387, 0.366211, -0.793457,riding
B, 264195, -0.943481, -0.048218, -0.315308, -0.488281, 0.671387, -0.732422,riding
B, 264215, -0.943481, -0.049194, -0.312622, -0.183106, 0.976563, -0.732422,riding
B, 264235, -0.945068, -0.045654, -0.311157, -0.305176, 1.220703, -0.854492,riding
B, 264255, -0.943604, -0.046387, -0.314819, -0.427246, 1.342773, -1.098633,riding
B, 264275, -0.939209, -0.050049, -0.324951, -0.793457, 1.586915, -1.281738,riding
A, 650622, -0.994507, 0.116211, 0.032959, -0.732422, -1.525879, 0.000000,riding
A, 650642, -0.990601, 0.133667, 0.037109, -0.915528, -1.464844, 0.305176,riding
A, 650662, -0.989014, 0.138794, 0.041260, -0.305176, -1.403809, 0.488281,riding
A, 650682, -0.989624, 0.135742, 0.043945, -0.366211, -1.220703, 0.610352,riding
A, 650702, -0.989990, 0.135742, 0.042358, -0.732422, -0.976563, 0.976563,riding
A, 650722, -0.988159, 0.149170, 0.036499, -1.037598, -0.854492, 1.281738,riding
A, 650742, -0.987671, 0.154297, 0.035156, -0.610352, -0.854492, 1.342773,riding
B, 264295, -0.938599, -0.047852, -0.327759, -0.427246, 1.892090, -1.281738,riding
A, 650762, -0.988037, 0.149048, 0.037109, -0.488281, -0.732422, 1.586915,riding
B, 264315, -0.939941, -0.046021, -0.321167, -0.244141, 2.075195, -1.281738,riding
A, 650782, -0.989990, 0.139160, 0.033447, 0.061035, -0.793457, 1.708985,riding
B, 264335, -0.942871, -0.052368, -0.316284, 0.061035, 2.319336, -1.220703,riding
A, 650802, -0.991333, 0.134766, 0.020020, 0.000000, -0.671387, 1.953125,riding
B, 264355, -0.941895, -0.063110, -0.316040, -0.122070, 2.563477, -1.281738,riding
A, 650822, -0.991333, 0.133545, 0.012817, -0.793457, -0.610352, 2.319336,riding
B, 264375, -0.940063, -0.059937, -0.318970, -0.854492, 2.746582, -1.525879,riding
A, 650842, -0.989624, 0.148804, 0.019897, -1.281738, -0.610352, 2.624512,riding
B, 264395, -0.938110, -0.053955, -0.329102, -1.037598, 2.929688, -1.525879,riding
A, 650862, -0.986084, 0.161133, 0.022461, -0.976563, -0.610352, 2.746582,riding
B, 264415, -0.934204, -0.056885, -0.336792, -0.854492, 3.112794, -1.403809,riding
A, 650882, -0.984131, 0.167969, 0.018677, -0.549316, -0.671387, 2.929688,riding
B, 264435, -0.933594, -0.057129, -0.339233, -0.549316, 3.295899, -1.342773,riding
A, 650902, -0.984253, 0.174805, 0.016235, -0.671387, -0.671387, 3.051759,riding
B, 264455, -0.932861, -0.055786, -0.339966, -0.671387, 3.417970, -1.403809,riding
A, 650922, -0.982056, 0.185425, 0.015991, -0.732422, -0.732422, 3.234864,riding
B, 264475, -0.930542, -0.060547, -0.345947, -0.732422, 3.356935, -1.342773,riding
A, 650942, -0.976440, 0.211548, 0.017212, -1.953125, -0.427246, 3.173829,riding
B, 264495, -0.926025, -0.060181, -0.357788, -1.708985, 3.234864, -1.770020,riding
A, 650962, -0.971924, 0.237305, 0.012939, -1.037598, -0.610352, 2.868653,riding
B, 264515, -0.921387, -0.056152, -0.369019, -0.915528, 3.112794, -1.403809,riding
A, 650982, -0.970703, 0.243530, 0.011475, -0.732422, -0.793457, 2.502441,riding
B, 264535, -0.919434, -0.056641, -0.374268, -0.671387, 2.929688, -1.281738,riding
A, 651002, -0.970825, 0.248291, 0.012207, -0.366211, -0.915528, 2.258301,riding
B, 264555, -0.917969, -0.058472, -0.379028, -0.366211, 2.624512, -1.220703,riding
A, 651022, -0.970581, 0.249512, 0.017090, -0.671387, -0.793457, 2.014160,riding
B, 264575, -0.917114, -0.057617, -0.380005, -0.793457, 2.075195, -1.281738,riding
A, 651042, -0.968384, 0.260010, 0.016968, -0.976563, -0.793457, 1.708985,riding
B, 264595, -0.914551, -0.055664, -0.384766, -0.671387, 1.770020, -1.281738,riding
A, 651062, -0.964844, 0.278564, 0.010620, -0.610352, -0.976563, 0.976563,riding
B, 264615, -0.913818, -0.059326, -0.390015, -0.427246, 1.281738, -1.220703,riding
A, 651082, -0.963257, 0.285645, 0.016113, -0.732422, -0.915528, 0.488281,riding
B, 264635, -0.910645, -0.056274, -0.394043, -0.488281, 0.793457, -1.220703,riding
A, 651102, -0.963745, 0.286743, 0.017212, -0.183106, -1.037598, -0.122070,riding
B, 264655, -0.912231, -0.056152, -0.395630, -0.061035, 0.427246, -1.098633,riding
A, 651122, -0.964355, 0.284912, 0.014771, -0.305176, -1.037598, -0.549316,riding
B, 264675, -0.910034, -0.055054, -0.396606, -0.122070, -0.122070, -1.098633,riding
A, 651142, -0.962646, 0.289673, 0.015503, -0.305176, -1.037598, -1.098633,riding
B, 264695, -0.910889, -0.058838, -0.397827, 0.061035, -0.854492, -1.098633,riding
A, 651162, -0.963623, 0.287964, 0.001953, 0.183106, -1.159668, -1.586915,riding
B, 264715, -0.912109, -0.066406, -0.392700, 0.488281, -1.281738, -0.854492,riding
A, 651182, -0.966919, 0.275146, -0.007935, 0.183106, -1.281738, -2.197266,riding
B, 264735, -0.914795, -0.068115, -0.385498, 0.427246, -1.647950, -0.732422,riding
A, 651202, -0.969360, 0.259766, -0.006714, 0.183106, -1.464844, -2.624512,riding
B, 264755, -0.916748, -0.064819, -0.380005, 0.244141, -2.136230, -0.793457,riding
A, 651222, -0.970459, 0.253540, 0.006836, -0.305176, -1.525879, -3.051759,riding
B, 264775, -0.918091, -0.060059, -0.380615, 0.061035, -2.441406, -0.732422,riding
A, 651242, -0.971191, 0.248413, 0.015137, -0.183106, -1.464844, -3.356935,riding
B, 264795, -0.917847, -0.059082, -0.380371, 0.244141, -2.685547, -0.732422,riding
A, 651262, -0.973511, 0.238770, 0.001465, 0.427246, -1.647950, -3.601075,riding
B, 264815, -0.919678, -0.062988, -0.376465, 0.671387, -2.990724, -0.488281,riding
A, 651282, -0.973999, 0.234497, 0.000854, -0.366211, -1.708985, -3.723145,riding
B, 264835, -0.921021, -0.060913, -0.371216, -0.061035, -3.356935, -0.671387,riding
A, 651302, -0.972290, 0.240601, 0.015625, -0.244141, -1.708985, -3.967286,riding
B, 264855, -0.922363, -0.057007, -0.369507, 0.427246, -3.540040, -0.488281,riding
A, 651322, -0.973633, 0.232788, 0.019531, 0.061035, -1.708985, -4.272461,riding
B, 264875, -0.923462, -0.060913, -0.365112, 0.366211, -3.784181, -0.488281,riding
A, 651342, -0.974487, 0.225830, 0.005737, 0.122070, -1.770020, -4.577637,riding
B, 264895, -0.923828, -0.062134, -0.361084, 0.671387, -3.967286, -0.366211,riding
A, 651362, -0.976685, 0.212646, 0.002563, 0.000000, -1.892090, -4.638672,riding
B, 264915, -0.923950, -0.061523, -0.360718, 0.183106, -4.211426, -0.488281,riding
A, 651382, -0.974854, 0.225464, 0.011475, -0.671387, -1.831055, -4.699707,riding
B, 264935, -0.922852, -0.058228, -0.366211, 0.061035, -4.394531, -0.488281,riding
A, 651402, -0.975098, 0.223877, 0.016479, 0.305176, -2.014160, -5.187988,riding
B, 264955, -0.925415, -0.059814, -0.360229, 0.793457, -4.516602, -0.122070,riding
A, 651422, -0.976685, 0.208008, 0.008545, 0.793457, -2.136230, -5.371094,riding
B, 264975, -0.927856, -0.059937, -0.349976, 1.159668, -4.638672, 0.000000,riding
A, 651442, -0.981201, 0.189453, 0.014771, 0.427246, -2.136230, -5.371094,riding
B, 264995, -0.931274, -0.058472, -0.341919, 0.793457, -4.760742, -0.122070,riding
A, 651462, -0.981445, 0.182739, 0.023926, 0.366211, -2.136230, -5.493164,riding
B, 265015, -0.933350, -0.056274, -0.338135, 0.854492, -4.760742, -0.122070,riding
A, 651482, -0.983398, 0.169312, 0.025391, 0.549316, -2.075195, -5.432129,riding
B, 265035, -0.936035, -0.057373, -0.333496, 0.915528, -4.638672, -0.183106,riding
A, 651502, -0.987061, 0.155396, 0.020874, 0.305176, -1.953125, -5.249023,riding
B, 265055, -0.937256, -0.054565, -0.328003, 0.793457, -4.577637, -0.183106,riding
A, 651522, -0.987183, 0.148682, 0.019775, 0.488281, -2.075195, -5.126953,riding
B, 265075, -0.939941, -0.055664, -0.324097, 0.976563, -4.394531, -0.122070,riding
A, 651542, -0.990356, 0.134033, 0.024780, 0.610352, -2.075195, -4.882813,riding
B, 265095, -0.944214, -0.056396, -0.311035, 0.854492, -4.028320, -0.183106,riding
A, 651562, -0.992798, 0.121094, 0.030273, 0.427246, -1.953125, -4.516602,riding
B, 265115, -0.947021, -0.053345, -0.303955, 0.854492, -3.662110, -0.244141,riding
A, 651582, -0.995728, 0.107056, 0.027222, 0.488281, -1.831055, -4.028320,riding
B, 265135, -0.946777, -0.054443, -0.302368, 0.854492, -3.356935, -0.244141,riding
A, 651602, -0.997925, 0.095093, 0.025391, 0.427246, -1.831055, -3.662110,riding
B, 265155, -0.949341, -0.057495, -0.296265, 0.732422, -2.868653, -0.305176,riding
A, 651622, -1.000122, 0.081299, 0.028564, 0.427246, -1.770020, -3.051759,riding
B, 265175, -0.951782, -0.056763, -0.290039, 0.671387, -2.380371, -0.427246,riding
A, 651642, -1.002075, 0.073730, 0.026978, 0.000000, -1.647950, -2.441406,riding
B, 265195, -0.953857, -0.056519, -0.286255, 0.244141, -1.892090, -0.488281,riding
A, 651662, -1.001343, 0.073608, 0.026367, -0.305176, -1.525879, -1.831055,riding
B, 265215, -0.953491, -0.054932, -0.286743, -0.061035, -1.342773, -0.671387,riding
A, 651682, -1.001709, 0.079224, 0.029175, -0.671387, -1.403809, -1.098633,riding
B, 265235, -0.952026, -0.057861, -0.291870, -0.488281, -0.610352, -0.854492,riding
A, 651702, -0.998779, 0.090942, 0.030640, -0.671387, -1.403809, -0.671387,riding
B, 265255, -0.951538, -0.052856, -0.293091, -0.183106, -0.122070, -0.793457,riding
A, 651722, -0.998169, 0.091797, 0.033813, -0.427246, -1.342773, -0.244141,riding
B, 265275, -0.950684, -0.052002, -0.294067, -0.427246, 0.366211, -0.915528,riding
A, 651742, -0.998169, 0.096680, 0.031982, -0.854492, -1.220703, 0.244141,riding
B, 265295, -0.950317, -0.053345, -0.297363, -0.549316, 0.793457, -0.976563,riding
A, 651762, -0.995972, 0.104736, 0.037720, -0.915528, -0.976563, 0.854492,riding
B, 265315, -0.948853, -0.052979, -0.299683, -0.671387, 1.159668, -1.098633,riding
A, 651782, -0.994507, 0.112061, 0.031860, -0.732422, -0.915528, 1.281738,riding
B, 265335, -0.947998, -0.052734, -0.303589, -0.610352, 1.525879, -1.159668,riding
A, 651802, -0.993408, 0.117798, 0.029053, -0.976563, -0.915528, 1.647950,riding
B, 265355, -0.944946, -0.053833, -0.309692, -0.915528, 2.014160, -1.342773,riding
A, 651822, -0.992065, 0.129639, 0.027344, -1.037598, -0.793457, 1.892090,riding
B, 265375, -0.943359, -0.053833, -0.312988, -0.732422, 2.319336, -1.281738,riding
A, 651842, -0.990356, 0.133545, 0.028687, -0.976563, -0.732422, 2.197266,riding
B, 265395, -0.941528, -0.056641, -0.317017, -1.037598, 2.563477, -1.403809,riding
A, 651862, -0.989624, 0.147217, 0.025635, -1.281738, -0.610352, 2.441406,riding
B, 265415, -0.939941, -0.055054, -0.323120, -1.159668, 2.746582, -1.525879,riding
A, 651882, -0.986816, 0.158325, 0.022217, -1.098633, -0.610352, 2.502441,riding
B, 265435, -0.937378, -0.056396, -0.327637, -0.915528, 2.868653, -1.464844,riding
A, 651902, -0.986206, 0.164307, 0.017822, -1.098633, -0.610352, 2.746582,riding
B, 265455, -0.935059, -0.062378, -0.334106, -1.159668, 2.929688, -1.464844,riding
A, 651922, -0.979980, 0.195068, 0.011597, -1.342773, -0.610352, 2.746582,riding
B, 265475, -0.931030, -0.060425, -0.343018, -1.342773, 2.929688, -1.586915,riding
A, 651942, -0.977661, 0.205444, 0.012695, -0.976563, -0.793457, 2.563477,riding
B, 265495, -0.929077, -0.057983, -0.351440, -0.915528, 2.868653, -1.342773,riding
A, 651962, -0.978394, 0.208618, 0.017700, -0.976563, -0.793457, 2.380371,riding
B, 265515, -0.928223, -0.057495, -0.352173, -0.915528, 2.685547, -1.403809,riding
A, 651982, -0.976685, 0.214722, 0.022583, -0.976563, -0.793457, 2.258301,riding
B, 265535, -0.926514, -0.057373, -0.356079, -0.854492, 2.502441, -1.342773,riding
A, 652002, -0.974854, 0.221558, 0.021362, -0.793457, -0.732422, 2.075195,riding
B, 265555, -0.925293, -0.055664, -0.359619, -0.671387, 2.380371, -1.342773,riding
A, 652022, -0.974731, 0.223145, 0.015015, -0.427246, -0.793457, 1.770020,riding
B, 265575, -0.924438, -0.057129, -0.359985, -0.305176, 2.258301, -1.220703,riding
A, 652042, -0.975220, 0.221313, 0.009033, -0.244141, -0.915528, 1.647950,riding
B, 265595, -0.923462, -0.061401, -0.362183, -0.305176, 2.014160, -1.220703,riding
A, 652062, -0.974976, 0.231689, 0.011719, -0.915528, -0.793457, 1.403809,riding
B, 265615, -0.922607, -0.059082, -0.367188, -0.366211, 1.708985, -1.220703,riding
A, 652082, -0.974487, 0.233765, 0.013672, -0.122070, -0.976563, 1.220703,riding
B, 265635, -0.923218, -0.060425, -0.365479, -0.183106, 1.525879, -1.159668,riding
A, 652102, -0.972900, 0.234619, 0.017334, -0.854492, -0.854492, 0.915528,riding
B, 265655, -0.922729, -0.057251, -0.367920, -0.610352, 1.098633, -1.342773,riding
A, 652122, -0.971680, 0.246948, 0.017944, -0.610352, -0.854492, 0.488281,riding
B, 265675, -0.921387, -0.056641, -0.371826, -0.305176, 0.976563, -1.159668,riding
A, 652142, -0.972046, 0.243286, 0.015015, -0.366211, -0.915528, 0.244141,riding
B, 265695, -0.920410, -0.062500, -0.373169, -0.183106, 0.610352, -1.220703,riding
A, 652162, -0.972534, 0.248413, 0.010498, -0.732422, -0.854492, 0.000000,riding
B, 265715, -0.918457, -0.060181, -0.377686, -0.427246, 0.305176, -1.220703,riding
A, 652182, -0.969971, 0.258911, 0.015503, -0.732422, -0.915528, -0.427246,riding
B, 265735, -0.917114, -0.056030, -0.380615, -0.427246, 0.000000, -1.220703,riding
A, 652202, -0.968384, 0.260376, 0.018311, -0.305176, -1.037598, -0.793457,riding
B, 265755, -0.917236, -0.060791, -0.381348, 0.000000, -0.549316, -1.159668,riding
A, 652222, -0.968384, 0.263062, 0.010864, -0.305176, -0.976563, -1.220703,riding
B, 265775, -0.917358, -0.062256, -0.380981, 0.000000, -0.976563, -1.159668,riding
A, 652242, -0.967773, 0.262329, 0.010986, -0.366211, -1.037598, -1.647950,riding
B, 265795, -0.917725, -0.056763, -0.379639, 0.061035, -1.281738, -1.159668,riding
A, 652262, -0.969360, 0.258179, 0.010254, 0.122070, -1.159668, -2.136230,riding
B, 265815, -0.918335, -0.059937, -0.375488, 0.549316, -1.647950, -0.976563,riding
A, 652282, -0.971313, 0.245850, 0.015991, -0.427246, -1.037598, -2.624512,riding
B, 265835, -0.919800, -0.061523, -0.373901, 0.000000, -2.014160, -1.159668,riding
A, 652302, -0.971802, 0.241699, 0.015015, 0.000000, -1.098633, -2.868653,riding
B, 265855, -0.920044, -0.059204, -0.373169, 0.427246, -2.258301, -0.976563,riding
A, 652322, -0.972656, 0.238403, 0.007080, -0.061035, -1.159668, -3.173829,riding
B, 265875, -0.920654, -0.061768, -0.370850, 0.366211, -2.563477, -1.037598,riding
A, 652342, -0.974609, 0.230347, 0.005859, 0.122070, -1.281738, -3.356935,riding
B, 265895, -0.921997, -0.064453, -0.364624, 0.427246, -2.929688, -0.976563,riding
A, 652362, -0.973633, 0.231079, 0.014160, -0.366211, -1.220703, -3.540040,riding
B, 265915, -0.922607, -0.059204, -0.364868, 0.244141, -3.173829, -1.037598,riding
A, 652382, -0.972412, 0.236694, 0.025024, -0.183106, -1.220703, -3.845216,riding
B, 265935, -0.923828, -0.053223, -0.366333, 0.427246, -3.356935, -1.098633,riding
A, 652402, -0.972534, 0.233154, 0.034424, -0.244141, -1.037598, -4.150391,riding
B, 265955, -0.923706, -0.049927, -0.364990, 0.427246, -3.662110, -1.159668,riding
A, 652422, -0.973511, 0.229248, 0.033569, -0.183106, -0.976563, -4.455566,riding
B, 265975, -0.924683, -0.052368, -0.361206, 0.610352, -3.845216, -1.281738,riding
A, 652442, -0.974976, 0.219238, 0.023193, 0.488281, -0.976563, -4.760742,riding
B, 265995, -0.926514, -0.057129, -0.355103, 1.220703, -3.967286, -1.098633,riding
A, 652462, -0.979492, 0.192383, 0.016235, 0.976563, -0.976563, -5.004883,riding
B, 266015, -0.932129, -0.059326, -0.340820, 1.770020, -4.028320, -0.976563,riding
A, 652482, -0.986450, 0.160522, 0.006348, 1.831055, -1.220703, -5.004883,riding
B, 266035, -0.936157, -0.068848, -0.328125, 2.197266, -3.906251, -0.732422,riding
A, 652502, -0.991211, 0.140137, -0.003174, 1.037598, -1.159668, -4.638672,riding
B, 266055, -0.939331, -0.074829, -0.320801, 1.403809, -3.784181, -0.976563,riding
A, 652522, -0.991821, 0.131348, -0.004272, 0.732422, -1.159668, -4.333496,riding
B, 266075, -0.942627, -0.072021, -0.314453, 1.342773, -3.540040, -0.854492,riding
A, 652542, -0.994873, 0.118042, -0.002319, 0.854492, -1.281738, -4.089355,riding
B, 266095, -0.944458, -0.072876, -0.306396, 1.281738, -3.173829, -0.732422,riding
A, 652562, -0.997681, 0.104126, 0.000000, 0.244141, -1.281738, -3.601075,riding
B, 266115, -0.947632, -0.072144, -0.300415, 0.732422, -2.868653, -0.854492,riding
A, 652582, -0.998535, 0.098755, -0.001709, 0.427246, -1.403809, -3.173829,riding
B, 266135, -0.947388, -0.073364, -0.297974, 0.854492, -2.380371, -0.671387,riding
A, 652602, -0.999390, 0.092896, -0.004517, 0.183106, -1.403809, -2.624512,riding
B, 266155, -0.948853, -0.074219, -0.298584, 0.244141, -1.770020, -0.732422,riding
A, 652622, -0.999023, 0.093262, 0.001831, -0.244141, -1.525879, -1.831055,riding
B, 266175, -0.948364, -0.069702, -0.298340, 0.000000, -1.342773, -0.671387,riding
A, 652642, -0.998535, 0.098022, 0.006836, -0.427246, -1.525879, -1.342773,riding
B, 266195, -0.947998, -0.069214, -0.299194, -0.122070, -0.915528, -0.671387,riding
A, 652662, -0.996338, 0.106323, 0.009521, -0.793457, -1.464844, -0.854492,riding
B, 266215, -0.946533, -0.067627, -0.302368, -0.488281, -0.488281, -0.732422,riding
A, 652682, -0.995361, 0.113403, 0.010620, -0.427246, -1.586915, -0.549316,riding
B, 266235, -0.946289, -0.066162, -0.303833, -0.244141, -0.061035, -0.549316,riding
A, 652702, -0.995728, 0.114746, 0.009766, -0.549316, -1.586915, -0.183106,riding
B, 266255, -0.945313, -0.068726, -0.306030, -0.488281, 0.183106, -0.671387,riding
A, 652722, -0.993042, 0.125488, 0.009644, -0.854492, -1.525879, 0.183106,riding
B, 266275, -0.943970, -0.063843, -0.313721, -0.549316, 0.671387, -0.671387,riding
A, 652742, -0.992065, 0.130981, 0.014404, -0.732422, -1.525879, 0.366211,riding
B, 266295, -0.941406, -0.065063, -0.316895, -0.671387, 0.915528, -0.610352,riding
A, 652762, -0.992554, 0.134888, 0.008789, -0.671387, -1.586915, 0.671387,riding
B, 266315, -0.941895, -0.067261, -0.316650, -0.488281, 1.159668, -0.488281,riding
A, 652782, -0.991577, 0.132935, 0.006226, -0.366211, -1.708985, 0.915528,riding
B, 266335, -0.941895, -0.067261, -0.314941, -0.549316, 1.403809, -0.488281,riding
A, 652802, -0.990845, 0.139771, 0.014160, -1.037598, -1.586915, 1.342773,riding
B, 266355, -0.941284, -0.064209, -0.317261, -0.976563, 1.647950, -0.610352,riding
A, 652822, -0.988770, 0.150757, 0.016968, -0.976563, -1.525879, 1.525879,riding
B, 266375, -0.939209, -0.062988, -0.323120, -0.976563, 1.831055, -0.610352,riding
A, 652842, -0.988037, 0.152832, 0.014282, -0.671387, -1.525879, 1.647950,riding
B, 266395, -0.938599, -0.063843, -0.325684, -0.854492, 2.014160, -0.488281,riding
A, 652862, -0.988892, 0.150879, 0.011963, -1.159668, -1.525879, 1.831055,riding
B, 266415, -0.937378, -0.063232, -0.327759, -1.281738, 2.258301, -0.732422,riding
A, 652882, -0.987305, 0.157715, 0.012695, -1.159668, -1.525879, 2.075195,riding
B, 266435, -0.935669, -0.062134, -0.329468, -0.976563, 2.380371, -0.610352,riding
A, 652902, -0.987305, 0.162109, 0.016968, -0.976563, -1.586915, 2.197266,riding
B, 266455, -0.935547, -0.063477, -0.333740, -1.159668, 2.502441, -0.610352,riding
A, 652922, -0.984863, 0.171143, 0.015747, -1.220703, -1.464844, 2.319336,riding
B, 266475, -0.932617, -0.062988, -0.338745, -1.281738, 2.502441, -0.671387,riding
A, 652942, -0.982788, 0.180420, 0.012451, -1.037598, -1.525879, 2.319336,riding
B, 266495, -0.932129, -0.061401, -0.341431, -1.098633, 2.624512, -0.610352,riding
A, 652962, -0.982422, 0.183472, 0.011475, -1.037598, -1.586915, 2.380371,riding
B, 266515, -0.931030, -0.063965, -0.344238, -1.281738, 2.624512, -0.610352,riding
A, 652982, -0.980957, 0.197266, 0.015747, -1.403809, -1.464844, 2.258301,riding
B, 266535, -0.930176, -0.062378, -0.348389, -1.464844, 2.563477, -0.793457,riding
A, 653002, -0.979858, 0.198608, 0.016968, -0.732422, -1.586915, 2.197266,riding
B, 266555, -0.929321, -0.059692, -0.349609, -0.854492, 2.563477, -0.488281,riding
A, 653022, -0.979614, 0.197632, 0.016968, -1.037598, -1.525879, 2.258301,riding
B, 266575, -0.927979, -0.059448, -0.354614, -1.281738, 2.441406, -0.671387,riding
A, 653042, -0.976563, 0.213989, 0.019043, -1.281738, -1.586915, 2.197266,riding
B, 266595, -0.924805, -0.056763, -0.361206, -1.159668, 2.441406, -0.610352,riding
A, 653062, -0.975586, 0.222168, 0.024414, -0.854492, -1.525879, 2.014160,riding
B, 266615, -0.923950, -0.057007, -0.365112, -0.915528, 2.258301, -0.610352,riding
A, 653082, -0.973511, 0.232056, 0.030029, -1.281738, -1.403809, 1.892090,riding
B, 266635, -0.922852, -0.052246, -0.368042, -1.220703, 2.014160, -0.854492,riding
A, 653102, -0.971191, 0.243286, 0.033081, -0.793457, -1.403809, 1.525879,riding
B, 266655, -0.922363, -0.048462, -0.369263, -0.671387, 1.892090, -0.732422,riding
A, 653122, -0.972412, 0.241211, 0.037231, -0.610352, -1.281738, 1.220703,riding
B, 266675, -0.920288, -0.050171, -0.374756, -0.732422, 1.464844, -1.037598,riding
A, 653142, -0.969727, 0.249512, 0.039063, -0.976563, -1.098633, 0.915528,riding
B, 266695, -0.917725, -0.047241, -0.383789, -0.732422, 1.098633, -1.220703,riding
A, 653162, -0.967163, 0.269531, 0.043457, -0.610352, -0.854492, 0.427246,riding
B, 266715, -0.916138, -0.043091, -0.388062, -0.305176, 0.793457, -1.220703,riding
A, 653182, -0.966431, 0.265747, 0.039185, 0.122070, -0.854492, -0.122070,riding
B, 266735, -0.916870, -0.047119, -0.385010, 0.305176, 0.549316, -1.159668,riding
A, 653202, -0.971069, 0.247314, 0.021851, 0.610352, -0.793457, -0.488281,riding
B, 266755, -0.918823, -0.058350, -0.375977, 0.732422, 0.244141, -1.098633,riding
A, 653222, -0.974365, 0.233276, 0.002319, 0.244141, -0.793457, -0.671387,riding
B, 266775, -0.921875, -0.066162, -0.369507, 0.427246, -0.061035, -1.220703,riding
A, 653242, -0.974731, 0.231445, -0.005005, 0.000000, -0.915528, -0.793457,riding
B, 266795, -0.921631, -0.067993, -0.368896, 0.183106, -0.305176, -1.159668,riding
A, 653262, -0.974731, 0.232788, 0.000610, -0.183106, -1.037598, -1.037598,riding
B, 266815, -0.921265, -0.064331, -0.371582, 0.183106, -0.549316, -1.098633,riding
A, 653282, -0.975342, 0.228516, 0.010376, 0.000000, -1.037598, -1.220703,riding
B, 266835, -0.922729, -0.062256, -0.367554, 0.427246, -0.610352, -1.037598,riding
A, 653302, -0.977905, 0.215820, 0.013916, 0.244141, -1.098633, -1.403809,riding
B, 266855, -0.924805, -0.062012, -0.362061, 0.488281, -0.732422, -0.976563,riding
A, 653322, -0.980835, 0.199341, 0.003540, 0.427246, -1.159668, -1.464844,riding
B, 266875, -0.928101, -0.066772, -0.355713, 0.671387, -0.732422, -0.915528,riding
A, 653342, -0.982544, 0.189575, 0.011841, -0.183106, -1.098633, -1.281738,riding
B, 266895, -0.928711, -0.067261, -0.351807, 0.122070, -0.793457, -1.037598,riding
A, 653362, -0.979980, 0.199097, 0.014648, -0.305176, -1.037598, -1.281738,riding
B, 266915, -0.927612, -0.062012, -0.355347, 0.000000, -0.793457, -1.037598,riding
A, 653382, -0.980591, 0.197266, 0.013794, -0.183106, -1.098633, -1.342773,riding
B, 266935, -0.927490, -0.062622, -0.355713, 0.183106, -0.732422, -1.037598,riding
A, 653402, -0.982056, 0.193237, 0.005493, 0.000000, -1.159668, -1.220703,riding
B, 266955, -0.927368, -0.067993, -0.354980, 0.061035, -0.793457, -1.037598,riding
A, 653422, -0.981201, 0.199097, 0.003906, -0.732422, -1.037598, -1.098633,riding
B, 266975, -0.925537, -0.067261, -0.359741, -0.427246, -0.854492, -1.159668,riding
A, 653442, -0.976929, 0.217773, 0.006592, -0.549316, -1.159668, -1.159668,riding
B, 266995, -0.924561, -0.063232, -0.362915, -0.122070, -0.854492, -0.976563,riding
A, 653462, -0.976807, 0.217163, 0.010864, -0.305176, -1.220703, -1.403809,riding
B, 267015, -0.925415, -0.061646, -0.361694, -0.061035, -0.915528, -0.976563,riding
A, 653482, -0.976929, 0.214844, 0.015259, -0.427246, -1.159668, -1.525879,riding
B, 267035, -0.925049, -0.061890, -0.360352, -0.061035, -1.037598, -0.976563,riding
A, 653502, -0.979004, 0.210938, 0.013550, -0.366211, -1.159668, -1.647950,riding
B, 267055, -0.924316, -0.063354, -0.362183, 0.000000, -1.098633, -0.976563,riding
A, 653522, -0.976440, 0.216797, 0.013184, -0.366211, -1.159668, -1.708985,riding
B, 267075, -0.924194, -0.059570, -0.362793, 0.183106, -1.220703, -0.915528,riding
A, 653542, -0.979370, 0.208130, 0.014893, 0.366211, -1.281738, -1.892090,riding
B, 267095, -0.926636, -0.061646, -0.356689, 0.549316, -1.220703, -0.793457,riding
A, 653562, -0.981689, 0.197876, 0.012451, 0.122070, -1.220703, -1.831055,riding
B, 267115, -0.929565, -0.066040, -0.351563, 0.366211, -1.281738, -0.915528,riding
A, 653582, -0.981323, 0.191895, 0.007080, 0.122070, -1.281738, -1.892090,riding
B, 267135, -0.928711, -0.066650, -0.350464, 0.366211, -1.281738, -0.915528,riding
A, 653602, -0.981323, 0.192871, 0.008667, -0.366211, -1.220703, -1.770020,riding
B, 267155, -0.928589, -0.064331, -0.353271, -0.061035, -1.281738, -1.037598,riding
A, 653622, -0.980957, 0.196899, 0.013672, -0.244141, -1.281738, -1.708985,riding
B, 267175, -0.927002, -0.062134, -0.355835, 0.061035, -1.281738, -0.976563,riding
A, 653642, -0.980469, 0.200928, 0.020508, -0.488281, -1.159668, -1.708985,riding
B, 267195, -0.926025, -0.059814, -0.357056, -0.122070, -1.281738, -1.037598,riding
A, 653662, -0.979004, 0.204956, 0.027954, -0.183106, -1.220703, -1.770020,riding
B, 267215, -0.929077, -0.051880, -0.352661, 0.366211, -1.220703, -1.037598,riding
A, 653682, -0.980957, 0.190674, 0.041870, 0.305176, -1.037598, -1.953125,riding
B, 267235, -0.933228, -0.049927, -0.345703, 0.732422, -1.220703, -1.098633,riding
A, 653702, -0.985962, 0.167603, 0.030273, 0.976563, -0.915528, -2.014160,riding
B, 267255, -0.936035, -0.058105, -0.336060, 1.220703, -1.037598, -1.037598,riding
A, 653722, -0.991821, 0.140259, 0.010620, 0.610352, -0.793457, -1.708985,riding
B, 267275, -0.937256, -0.067627, -0.329102, 0.854492, -0.793457, -1.159668,riding
A, 653742, -0.995605, 0.120605, -0.004028, 0.793457, -0.915528, -1.281738,riding
B, 267295, -0.940308, -0.070923, -0.321167, 1.037598, -0.366211, -1.037598,riding
A, 653762, -1.000610, 0.092407, 0.000610, 0.793457, -1.037598, -0.671387,riding
B, 267315, -0.945313, -0.073975, -0.310547, 0.915528, 0.122070, -0.915528,riding
A, 653782, -1.002075, 0.081177, -0.000854, 0.305176, -0.976563, 0.061035,riding
B, 267335, -0.948242, -0.077148, -0.300415, 0.427246, 1.037598, -0.976563,riding
A, 653802, -1.004150, 0.072632, -0.005615, 0.183106, -1.037598, 0.793457,riding
B, 267355, -0.949707, -0.079712, -0.296509, -0.061035, 1.708985, -1.037598,riding
A, 653822, -1.003296, 0.075806, -0.011108, -0.671387, -1.037598, 1.708985,riding
B, 267375, -0.946533, -0.081177, -0.305176, -0.976563, 2.197266, -1.159668,riding
A, 653842, -0.998413, 0.103394, -0.015137, -1.220703, -1.098633, 2.624512,riding
B, 267395, -0.940186, -0.079956, -0.319824, -1.159668, 2.746582, -1.037598,riding
A, 653862, -0.992554, 0.133545, -0.017578, -0.976563, -1.342773, 2.990724,riding
B, 267415, -0.937012, -0.082275, -0.329102, -1.037598, 3.112794, -0.793457,riding
A, 653882, -0.988281, 0.155762, -0.014893, -1.464844, -1.403809, 3.417970,riding
B, 267435, -0.933960, -0.078369, -0.338501, -1.525879, 3.417970, -0.793457,riding
A, 653902, -0.984741, 0.177246, -0.003662, -1.953125, -1.464844, 3.662110,riding
B, 267455, -0.930298, -0.073486, -0.347290, -1.953125, 3.540040, -0.793457,riding
A, 653922, -0.977295, 0.211060, 0.003540, -2.380371, -1.403809, 3.662110,riding
B, 267475, -0.921143, -0.068115, -0.366699, -2.258301, 3.540040, -0.854492,riding
A, 653942, -0.971680, 0.238770, 0.010010, -1.953125, -1.525879, 3.540040,riding
B, 267495, -0.917114, -0.062866, -0.379639, -2.075195, 3.356935, -0.793457,riding
A, 653962, -0.967896, 0.260376, 0.018799, -2.258301, -1.403809, 3.234864,riding
B, 267515, -0.913452, -0.057251, -0.391113, -2.319336, 3.051759, -0.976563,riding
A, 653982, -0.963379, 0.285645, 0.018066, -1.892090, -1.403809, 2.807618,riding
B, 267535, -0.908081, -0.055542, -0.402588, -1.708985, 2.685547, -0.793457,riding
A, 654002, -0.961304, 0.300293, 0.017090, -1.098633, -1.464844, 2.197266,riding
B, 267555, -0.906128, -0.057129, -0.409668, -1.037598, 2.258301, -0.610352,riding
A, 654022, -0.960083, 0.303833, 0.020264, -0.976563, -1.525879, 1.403809,riding
B, 267575, -0.906616, -0.057617, -0.409058, -0.915528, 1.770020, -0.732422,riding
A, 654042, -0.958008, 0.312012, 0.018066, -0.549316, -1.525879, 0.732422,riding
B, 267595, -0.906494, -0.055542, -0.408691, -0.305176, 1.098633, -0.549316,riding
A, 654062, -0.960083, 0.304932, 0.019531, -0.061035, -1.525879, 0.122070,riding
B, 267615, -0.907104, -0.061035, -0.407104, -0.061035, 0.488281, -0.549316,riding
A, 654082, -0.961426, 0.297852, 0.009033, 0.183106, -1.586915, -0.549316,riding
B, 267635, -0.907593, -0.063843, -0.406128, 0.122070, 0.061035, -0.488281,riding
A, 654102, -0.964233, 0.291748, -0.003540, -0.183106, -1.525879, -0.854492,riding
B, 267655, -0.907471, -0.068115, -0.406128, -0.122070, -0.427246, -0.549316,riding
A, 654122, -0.966553, 0.281250, -0.015747, 0.122070, -1.770020, -1.342773,riding
B, 267675, -0.907959, -0.073486, -0.400269, 0.305176, -0.793457, -0.305176,riding
A, 654142, -0.968018, 0.269653, -0.013550, 0.061035, -1.953125, -1.647950,riding
B, 267695, -0.910034, -0.074829, -0.395630, 0.000000, -1.159668, -0.244141,riding
A, 654162, -0.967651, 0.269287, -0.001831, -0.488281, -1.953125, -1.831055,riding
B, 267715, -0.912354, -0.067627, -0.393311, -0.244141, -1.525879, -0.305176,riding
A, 654182, -0.967163, 0.271484, 0.001953, -0.427246, -2.014160, -2.258301,riding
B, 267735, -0.912109, -0.068481, -0.393066, -0.061035, -2.075195, -0.122070,riding
A, 654202, -0.968018, 0.267456, -0.006958, -0.305176, -2.136230, -2.807618,riding
B, 267755, -0.911621, -0.071411, -0.393799, -0.122070, -2.380371, -0.061035,riding
A, 654222, -0.967163, 0.271118, -0.003906, -0.610352, -2.258301, -3.051759,riding
B, 267775, -0.910767, -0.067139, -0.397705, -0.366211, -2.746582, -0.061035,riding
A, 654242, -0.966187, 0.274536, 0.002441, -0.244141, -2.441406, -3.479005,riding
B, 267795, -0.909790, -0.062256, -0.397583, 0.000000, -3.112794, 0.122070,riding
A, 654262, -0.965088, 0.276001, 0.012085, -0.427246, -2.380371, -3.845216,riding
B, 267815, -0.911377, -0.060181, -0.396362, -0.183106, -3.479005, 0.061035,riding
A, 654282, -0.964966, 0.275513, 0.021729, -0.366211, -2.319336, -4.272461,riding
B, 267835, -0.914185, -0.055298, -0.391968, 0.000000, -3.845216, 0.000000,riding
A, 654302, -0.966553, 0.264282, 0.027100, 0.244141, -2.380371, -4.760742,riding
B, 267855, -0.916504, -0.052368, -0.383667, 0.549316, -4.089355, 0.122070,riding
A, 654322, -0.971436, 0.244263, 0.029419, 0.671387, -2.380371, -5.126953,riding
B, 267875, -0.919922, -0.052612, -0.375610, 0.915528, -4.455566, 0.122070,riding
A, 654342, -0.973267, 0.230347, 0.026733, 0.793457, -2.258301, -5.371094,riding
B, 267895, -0.920776, -0.055176, -0.371094, 1.403809, -4.516602, 0.244141,riding
A, 654362, -0.977295, 0.211426, 0.020386, 1.220703, -2.258301, -5.310059,riding
B, 267915, -0.924194, -0.058716, -0.364136, 1.342773, -4.577637, 0.183106,riding
A, 654382, -0.979492, 0.193848, 0.030151, 0.305176, -2.136230, -5.065918,riding
B, 267935, -0.926636, -0.055542, -0.355591, 0.793457, -4.699707, -0.122070,riding
A, 654402, -0.977539, 0.207764, 0.032837, 0.305176, -2.014160, -5.310059,riding
B, 267955, -0.928223, -0.050537, -0.354980, 0.732422, -4.577637, -0.244141,riding
A, 654422, -0.981323, 0.185791, 0.043457, 0.854492, -1.953125, -5.310059,riding
B, 267975, -0.931396, -0.050903, -0.345825, 1.281738, -4.577637, -0.183106,riding
A, 654442, -0.982788, 0.172485, 0.046875, 0.122070, -1.647950, -5.310059,riding
B, 267995, -0.935547, -0.045532, -0.338501, 0.915528, -4.455566, -0.549316,riding
A, 654462, -0.986572, 0.155762, 0.048218, 0.549316, -1.525879, -5.065918,riding
B, 268015, -0.935425, -0.046143, -0.334595, 1.037598, -4.211426, -0.732422,riding
A, 654482, -0.988647, 0.143677, 0.045288, 0.732422, -1.403809, -4.760742,riding
B, 268035, -0.938843, -0.047607, -0.328613, 1.159668, -3.845216, -0.793457,riding
A, 654502, -0.990356, 0.131836, 0.046143, 0.244141, -1.037598, -4.272461,riding
B, 268055, -0.941284, -0.049194, -0.323853, 0.793457, -3.601075, -1.159668,riding
A, 654522, -0.990356, 0.135254, 0.032959, 0.549316, -0.976563, -3.906251,riding
B, 268075, -0.941406, -0.055054, -0.319824, 1.403809, -3.234864, -0.976563,riding
A, 654542, -0.991577, 0.126831, 0.020996, 0.183106, -0.793457, -3.540040,riding
B, 268095, -0.943237, -0.059326, -0.314209, 0.793457, -2.929688, -1.281738,riding
A, 654562, -0.994629, 0.114868, 0.013306, 0.549316, -0.793457, -3.173829,riding
B, 268115, -0.944092, -0.064575, -0.310791, 1.098633, -2.502441, -1.098633,riding
A, 654582, -0.998657, 0.103149, -0.002197, 0.061035, -0.793457, -2.746582,riding
B, 268135, -0.944946, -0.071899, -0.307495, 0.610352, -1.831055, -1.220703,riding
A, 654602, -1.001099, 0.092773, -0.013916, 0.183106, -0.976563, -2.197266,riding
B, 268155, -0.946167, -0.079102, -0.303955, 0.549316, -1.281738, -1.037598,riding
A, 654622, -1.003174, 0.081055, -0.028687, -0.122070, -1.159668, -1.464844,riding
B, 268175, -0.946045, -0.089600, -0.302734, 0.000000, -0.793457, -0.915528,riding
A, 654642, -1.002319, 0.086670, -0.036621, -0.488281, -1.403809, -0.854492,riding
B, 268195, -0.947021, -0.086182, -0.302124, -0.305176, -0.183106, -0.732422,riding
A, 654662, -1.001831, 0.087402, -0.017578, -0.671387, -1.708985, -0.061035,riding
B, 268215, -0.949341, -0.076050, -0.298706, -0.671387, 0.244141, -0.671387,riding
A, 654682, -0.999146, 0.097900, 0.003174, -1.159668, -1.708985, 0.427246,riding
B, 268235, -0.947266, -0.068115, -0.303345, -0.915528, 0.732422, -0.549316,riding
A, 654702, -0.996460, 0.109253, 0.015381, -0.915528, -1.708985, 0.854492,riding
B, 268255, -0.946655, -0.067993, -0.307739, -0.793457, 1.586915, -0.427246,riding
A, 654722, -0.999268, 0.100586, 0.014160, -0.854492, -1.647950, 1.647950,riding
B, 268275, -0.946045, -0.064331, -0.309204, -1.098633, 2.014160, -0.549316,riding
A, 654742, -0.995728, 0.111450, 0.012451, -1.586915, -1.586915, 2.197266,riding
B, 268295, -0.942505, -0.061401, -0.316895, -1.525879, 2.380371, -0.671387,riding
A, 654762, -0.992798, 0.126587, 0.018066, -1.281738, -1.708985, 2.563477,riding
B, 268315, -0.941162, -0.064209, -0.322876, -1.342773, 2.807618, -0.610352,riding
A, 654782, -0.990601, 0.138916, 0.022949, -1.586915, -1.464844, 3.051759,riding
B, 268335, -0.939087, -0.060547, -0.325562, -1.708985, 3.112794, -0.732422,riding
A, 654802, -0.986572, 0.158325, 0.027222, -1.647950, -1.464844, 3.295899,riding
B, 268355, -0.936768, -0.052734, -0.332275, -1.647950, 3.356935, -0.793457,riding
A, 654822, -0.983887, 0.170898, 0.035645, -1.525879, -1.403809, 3.295899,riding
B, 268375, -0.934448, -0.051025, -0.338135, -1.525879, 3.540040, -0.793457,riding
A, 654842, -0.982544, 0.179565, 0.039185, -1.342773, -1.220703, 3.417970,riding
B, 268395, -0.930542, -0.053955, -0.348877, -1.098633, 3.784181, -0.793457,riding
A, 654862, -0.982422, 0.182617, 0.027710, -0.549316, -1.281738, 3.417970,riding
B, 268415, -0.929565, -0.056030, -0.353638, -0.976563, 3.845216, -0.854492,riding
A, 654882, -0.980957, 0.187500, 0.027222, -1.586915, -1.037598, 3.723145,riding
B, 268435, -0.924927, -0.052979, -0.361816, -1.831055, 3.784181, -1.281738,riding
A, 654902, -0.973877, 0.228516, 0.023682, -1.342773, -1.037598, 3.662110,riding
B, 268455, -0.923096, -0.056519, -0.369019, -1.342773, 3.784181, -1.098633,riding
A, 654922, -0.972412, 0.240967, 0.027344, -1.281738, -0.915528, 3.417970,riding
B, 268475, -0.920776, -0.054321, -0.372192, -1.342773, 3.601075, -1.159668,riding
A, 654942, -0.968994, 0.251709, 0.027954, -0.854492, -0.976563, 3.112794,riding
B, 268495, -0.917603, -0.051270, -0.379028, -0.976563, 3.356935, -1.159668,riding
A, 654962, -0.966797, 0.259766, 0.029175, -0.976563, -0.915528, 2.746582,riding
B, 268515, -0.914429, -0.052002, -0.386353, -0.976563, 3.112794, -1.281738,riding
A, 654982, -0.966064, 0.270264, 0.033936, -1.098633, -0.732422, 2.441406,riding
B, 268535, -0.910767, -0.052002, -0.398193, -1.159668, 2.563477, -1.586915,riding
A, 655002, -0.963013, 0.285034, 0.033447, -1.525879, -0.488281, 2.197266,riding
B, 268555, -0.907715, -0.048096, -0.407349, -1.159668, 2.136230, -1.647950,riding
A, 655022, -0.958984, 0.309204, 0.020264, -0.793457, -0.610352, 1.586915,riding
B, 268575, -0.905640, -0.055420, -0.412231, -0.549316, 1.586915, -1.525879,riding
A, 655042, -0.957031, 0.319824, 0.017822, -0.915528, -0.610352, 0.976563,riding
B, 268595, -0.902344, -0.054688, -0.417480, -0.610352, 0.976563, -1.586915,riding
A, 655062, -0.955444, 0.331665, 0.018677, -0.427246, -0.610352, 0.122070,riding
B, 268615, -0.903198, -0.057129, -0.417847, -0.061035, 0.427246, -1.464844,riding
A, 655082, -0.956177, 0.328857, 0.009155, -0.671387, -0.488281, -0.854492,riding
B, 268635, -0.902344, -0.059570, -0.419067, -0.244141, -0.305176, -1.586915,riding
A, 655102, -0.957153, 0.325928, -0.002319, 0.305176, -0.793457, -1.647950,riding
B, 268655, -0.901733, -0.065063, -0.416992, 0.793457, -1.159668, -1.159668,riding
A, 655122, -0.961304, 0.309570, -0.010254, 0.305176, -0.854492, -2.258301,riding
B, 268675, -0.903442, -0.073730, -0.414185, 0.427246, -1.770020, -1.220703,riding
A, 655142, -0.960938, 0.309814, -0.018799, 0.061035, -1.037598, -2.746582,riding
B, 268695, -0.904297, -0.072144, -0.411743, 0.610352, -2.258301, -0.976563,riding
A, 655162, -0.963135, 0.293457, -0.023560, 0.732422, -1.342773, -3.356935,riding
B, 268715, -0.907593, -0.077026, -0.401489, 1.098633, -2.807618, -0.610352,riding
A, 655182, -0.966187, 0.278931, -0.030762, 0.427246, -1.586915, -3.723145,riding
B, 268735, -0.910156, -0.083618, -0.396973, 0.671387, -3.234864, -0.549316,riding
A, 655202, -0.966919, 0.278442, -0.030029, 0.183106, -1.831055, -4.150391,riding
B, 268755, -0.910522, -0.079102, -0.393066, 0.671387, -3.601075, -0.305176,riding
A, 655222, -0.968750, 0.263916, -0.022827, 0.854492, -2.197266, -4.699707,riding
B, 268775, -0.912109, -0.076904, -0.388184, 1.159668, -3.906251, 0.000000,riding
A, 655242, -0.972656, 0.238770, -0.004150, 0.305176, -2.319336, -4.943848,riding
B, 268795, -0.917114, -0.067749, -0.379517, 0.549316, -4.333496, 0.000000,riding
A, 655262, -0.972778, 0.237915, 0.001587, 0.366211, -2.380371, -5.004883,riding
B, 268815, -0.917114, -0.066528, -0.377930, 0.671387, -4.577637, 0.122070,riding
A, 655282, -0.972778, 0.237793, 0.002686, 0.244141, -2.441406, -5.249023,riding
B, 268835, -0.918945, -0.066040, -0.375000, 0.610352, -4.760742, 0.183106,riding
A, 655302, -0.974243, 0.232300, -0.002686, 0.732422, -2.563477, -5.493164,riding
B, 268855, -0.921631, -0.067383, -0.368774, 1.037598, -4.821777, 0.427246,riding
A, 655322, -0.976563, 0.218262, -0.002808, 0.488281, -2.624512, -5.615236,riding
B, 268875, -0.923584, -0.069092, -0.362793, 0.732422, -5.004883, 0.366211,riding
A, 655342, -0.976685, 0.212402, 0.003906, 0.183106, -2.685547, -5.737307,riding
B, 268895, -0.924927, -0.065674, -0.359131, 0.610352, -5.126953, 0.366211,riding
A, 655362, -0.978638, 0.201660, 0.011108, 0.488281, -2.807618, -5.859377,riding
B, 268915, -0.927246, -0.062500, -0.354736, 0.793457, -5.065918, 0.549316,riding
A, 655382, -0.982544, 0.181519, 0.004517, 0.549316, -2.807618, -5.859377,riding
B, 268935, -0.930908, -0.067749, -0.343628, 0.854492, -5.065918, 0.671387,riding
A, 655402, -0.985840, 0.165161, 0.000610, 0.244141, -2.868653, -5.554201,riding
B, 268955, -0.933960, -0.066406, -0.337402, 0.366211, -4.882813, 0.549316,riding
A, 655422, -0.989136, 0.149048, 0.013794, 0.244141, -2.990724, -5.249023,riding
B, 268975, -0.937622, -0.061768, -0.328125, 0.610352, -4.699707, 0.671387,riding
A, 655442, -0.992676, 0.131714, 0.020752, 0.366211, -2.929688, -5.065918,riding
B, 268995, -0.941040, -0.060303, -0.318848, 0.610352, -4.394531, 0.732422,riding
A, 655462, -0.993530, 0.116943, 0.019409, 0.366211, -2.929688, -4.638672,riding
B, 269015, -0.943604, -0.060059, -0.312866, 0.610352, -4.028320, 0.671387,riding
A, 655482, -0.996582, 0.105835, 0.025635, -0.061035, -2.807618, -4.150391,riding
B, 269035, -0.946045, -0.057129, -0.308594, 0.183106, -3.601075, 0.549316,riding
A, 655502, -0.997803, 0.094727, 0.032593, -0.061035, -2.746582, -3.601075,riding
B, 269055, -0.948120, -0.055542, -0.303711, 0.000000, -2.868653, 0.427246,riding
A, 655522, -0.999023, 0.090576, 0.029053, -0.549316, -2.563477, -3.051759,riding
B, 269075, -0.947998, -0.056030, -0.302002, -0.366211, -2.380371, 0.305176,riding
A, 655542, -0.998779, 0.092773, 0.025391, -0.610352, -2.563477, -2.380371,riding
B, 269095, -0.948242, -0.054443, -0.302734, -0.427246, -1.892090, 0.244141,riding
A, 655562, -0.997559, 0.101196, 0.036743, -1.098633, -2.441406, -1.770020,riding
B, 269115, -0.947266, -0.048096, -0.307739, -0.854492, -1.464844, 0.000000,riding
A, 655582, -0.993774, 0.117676, 0.045288, -0.671387, -2.319336, -1.464844,riding
B, 269135, -0.946533, -0.046143, -0.308594, -0.183106, -0.915528, 0.183106,riding
A, 655602, -0.995361, 0.114014, 0.034180, -0.671387, -2.075195, -0.854492,riding
B, 269155, -0.946045, -0.053833, -0.308105, -0.488281, -0.610352, -0.061035,riding
A, 655622, -0.993774, 0.120850, 0.033081, -0.915528, -2.014160, -0.488281,riding
B, 269175, -0.943848, -0.049438, -0.311768, -0.793457, -0.244141, -0.183106,riding
A, 655642, -0.994019, 0.122070, 0.031616, -0.549316, -2.014160, -0.183106,riding
B, 269195, -0.942749, -0.054810, -0.315430, -0.488281, 0.366211, -0.122070,riding
A, 655662, -0.993042, 0.123779, 0.030273, -0.793457, -1.892090, 0.244141,riding
B, 269215, -0.941895, -0.053467, -0.318481, -0.854492, 0.610352, -0.366211,riding
B, 269235, -0.940918, -0.046143, -0.322876, -1.037598, 0.915528, -0.427246,riding
B, 269255, -0.940430, -0.045044, -0.325439, -0.732422, 1.220703, -0.427246,riding
B, 269275, -0.938843, -0.050903, -0.325928, -0.915528, 1.342773, -0.610352,riding
B, 269295, -0.937256, -0.048584, -0.332275, -0.976563, 1.464844, -0.732422,riding
B, 269315, -0.933594, -0.045532, -0.340088, -0.976563, 1.708985, -0.854492,riding
B, 269335, -0.932007, -0.047852, -0.345093, -0.854492, 1.770020, -0.915528,riding
A, 655682, -0.990356, 0.136475, 0.034790, -1.220703, -1.770020, 0.671387,riding
A, 655702, -0.988281, 0.149536, 0.039429, -0.854492, -1.770020, 0.854492,riding
A, 655722, -0.987915, 0.149780, 0.040649, -0.854492, -1.586915, 1.037598,riding
A, 655742, -0.985962, 0.160645, 0.036865, -1.098633, -1.464844, 1.220703,riding
A, 655762, -0.984985, 0.169312, 0.035767, -0.976563, -1.403809, 1.342773,riding
A, 655782, -0.982910, 0.180786, 0.036377, -1.037598, -1.281738, 1.403809,riding
A, 655802, -0.981934, 0.184082, 0.036133, -0.793457, -1.220703, 1.525879,riding
B, 269355, -0.931885, -0.049683, -0.346558, -0.854492, 1.770020, -0.915528,riding
A, 655822, -0.980225, 0.196289, 0.036621, -1.220703, -1.098633, 1.586915,riding
B, 269375, -0.930176, -0.045410, -0.348999, -0.976563, 1.770020, -1.098633,riding
B, 269395, -0.928589, -0.047974, -0.353638, -0.610352, 1.708985, -1.037598,riding
B, 269415, -0.926025, -0.053345, -0.358032, -0.549316, 1.708985, -1.037598,riding
B, 269435, -0.925049, -0.055420, -0.363037, -0.793457, 1.464844, -1.159668,riding
B, 269455, -0.922485, -0.054688, -0.367798, -0.488281, 1.220703, -1.037598,riding
B, 269475, -0.921387, -0.058105, -0.371948, -0.549316, 0.976563, -0.976563,riding
B, 269495, -0.920166, -0.055664, -0.374756, -0.549316, 0.671387, -0.976563,riding
A, 655842, -0.977661, 0.208374, 0.034058, -0.793457, -1.037598, 1.464844,riding
A, 655862, -0.976440, 0.214966, 0.023560, -0.732422, -1.037598, 1.220703,riding
A, 655882, -0.976196, 0.220947, 0.018066, -0.854492, -1.037598, 1.159668,riding
A, 655902, -0.974731, 0.228760, 0.016357, -0.793457, -1.098633, 0.915528,riding
A, 655922, -0.974243, 0.230835, 0.013916, -0.671387, -1.159668, 0.732422,riding
A, 655942, -0.972534, 0.241943, 0.017090, -0.671387, -1.220703, 0.488281,riding
A, 655962, -0.969482, 0.255493, 0.018188, -0.610352, -1.281738, 0.122070,riding
B, 269515, -0.916870, -0.051636, -0.379883, -0.427246, 0.366211, -0.915528,riding
A, 655982, -0.967285, 0.269897, 0.023193, -0.854492, -1.220703, -0.244141,riding
B, 269535, -0.917114, -0.052002, -0.383179, -0.610352, 0.000000, -0.976563,riding
A, 656002, -0.965088, 0.281006, 0.023071, -0.549316, -1.281738, -0.793457,riding
B, 269555, -0.914795, -0.050293, -0.387939, -0.305176, -0.427246, -0.915528,riding
A, 656022, -0.965332, 0.276489, 0.021484, -0.366211, -1.281738, -1.403809,riding
B, 269575, -0.914307, -0.053467, -0.388062, -0.183106, -0.854492, -0.915528,riding
A, 656042, -0.965088, 0.278442, 0.015869, -0.427246, -1.281738, -1.831055,riding
B, 269595, -0.913940, -0.053955, -0.389771, 0.122070, -1.525879, -0.793457,riding
A, 656062, -0.966797, 0.271484, 0.011108, 0.000000, -1.403809, -2.319336,riding
B, 269615, -0.914429, -0.058716, -0.388916, 0.244141, -2.014160, -0.732422,riding
A, 656082, -0.968262, 0.268677, 0.007324, -0.244141, -1.464844, -2.746582,riding
B, 269635, -0.915161, -0.057739, -0.386597, 0.061035, -2.441406, -0.793457,riding
A, 656102, -0.966797, 0.268799, 0.010010, -0.122070, -1.525879, -3.173829,riding
B, 269655, -0.917480, -0.055542, -0.380737, 0.488281, -2.746582, -0.549316,riding
A, 656122, -0.971680, 0.246704, 0.008667, 0.061035, -1.708985, -3.784181,riding
B, 269675, -0.919312, -0.061035, -0.372559, 0.488281, -3.173829, -0.488281,riding
A, 656142, -0.971436, 0.247925, 0.012695, -0.305176, -1.708985, -4.089355,riding
B, 269695, -0.919800, -0.057495, -0.372070, 0.122070, -3.540040, -0.610352,riding
A, 656162, -0.973877, 0.233276, 0.021484, 0.244141, -1.831055, -4.577637,riding
B, 269715, -0.923462, -0.052124, -0.365356, 0.671387, -3.845216, -0.366211,riding
A, 656182, -0.977173, 0.212402, 0.024048, 0.183106, -1.831055, -4.699707,riding
B, 269735, -0.927124, -0.053711, -0.357056, 0.549316, -3.906251, -0.427246,riding
A, 656202, -0.979492, 0.193848, 0.022217, 0.061035, -1.770020, -4.577637,riding
B, 269755, -0.929688, -0.055908, -0.349731, 0.427246, -4.150391, -0.488281,riding
A, 656222, -0.979980, 0.192505, 0.013550, -0.183106, -1.708985, -4.638672,riding
B, 269775, -0.929932, -0.057007, -0.347168, 0.366211, -4.150391, -0.427246,riding
A, 656242, -0.981079, 0.188232, 0.011475, 0.061035, -1.892090, -4.638672,riding
B, 269795, -0.932373, -0.057617, -0.341797, 0.488281, -4.150391, -0.366211,riding
A, 656262, -0.981323, 0.184082, 0.016479, -0.061035, -1.953125, -4.638672,riding
B, 269815, -0.932129, -0.055786, -0.340088, 0.427246, -4.211426, -0.305176,riding
A, 656282, -0.981934, 0.184204, 0.020264, 0.061035, -1.892090, -4.760742,riding
B, 269835, -0.932861, -0.056519, -0.340210, 0.488281, -4.150391, -0.305176,riding
A, 656302, -0.985107, 0.166870, 0.022217, -0.061035, -1.892090, -4.699707,riding
B, 269855, -0.935181, -0.053101, -0.333252, 0.244141, -4.089355, -0.366211,riding
A, 656322, -0.984985, 0.165161, 0.027466, -0.366211, -1.892090, -4.516602,riding
B, 269875, -0.937744, -0.048584, -0.331299, 0.244141, -3.967286, -0.427246,riding
A, 656342, -0.985718, 0.162964, 0.036377, -0.122070, -1.831055, -4.394531,riding
B, 269895, -0.937988, -0.049316, -0.329834, 0.366211, -3.906251, -0.366211,riding
A, 656362, -0.985107, 0.161865, 0.030518, 0.366211, -1.892090, -4.455566,riding
B, 269915, -0.938354, -0.049805, -0.326782, 0.854492, -3.784181, -0.305176,riding
A, 656382, -0.987793, 0.146118, 0.026978, 0.671387, -1.892090, -4.333496,riding
B, 269935, -0.940430, -0.048950, -0.319336, 0.976563, -3.601075, -0.305176,riding
A, 656402, -0.991089, 0.131836, 0.031006, 0.366211, -1.892090, -4.028320,riding
B, 269955, -0.943237, -0.050049, -0.311768, 0.793457, -3.356935, -0.305176,riding
A, 656422, -0.992920, 0.121582, 0.036377, 0.610352, -1.831055, -3.784181,riding
B, 269975, -0.947144, -0.051880, -0.304199, 0.976563, -2.868653, -0.366211,riding
A, 656442, -0.995728, 0.109009, 0.032104, 0.732422, -1.708985, -3.540040,riding
B, 269995, -0.949585, -0.052368, -0.296875, 1.037598, -2.502441, -0.305176,riding
A, 656462, -0.999146, 0.092896, 0.022705, 0.732422, -1.770020, -2.868653,riding
B, 270015, -0.951660, -0.055786, -0.291016, 0.915528, -2.075195, -0.305176,riding
A, 656482, -1.002319, 0.073486, 0.017090, 0.488281, -1.708985, -2.197266,riding
B, 270035, -0.953491, -0.061035, -0.286865, 0.671387, -1.525879, -0.366211,riding
A, 656502, -1.003174, 0.066650, 0.018311, -0.061035, -1.647950, -1.525879,riding
B, 270055, -0.953491, -0.062012, -0.283691, 0.122070, -1.037598, -0.488281,riding
A, 656522, -1.002930, 0.071167, 0.017822, -0.244141, -1.647950, -0.854492,riding
B, 270075, -0.954956, -0.057495, -0.283936, -0.122070, -0.427246, -0.488281,riding
A, 656542, -1.001465, 0.080933, 0.022705, -0.610352, -1.708985, -0.244141,riding
B, 270095, -0.952515, -0.056274, -0.288452, -0.427246, 0.000000, -0.549316,riding
A, 656562, -0.996704, 0.099243, 0.029053, -0.915528, -1.586915, 0.305176,riding
B, 270115, -0.948730, -0.052979, -0.299561, -0.610352, 0.671387, -0.671387,riding
A, 656582, -0.995483, 0.109009, 0.033203, -0.732422, -1.525879, 0.610352,riding
B, 270135, -0.947876, -0.049683, -0.302979, -0.671387, 1.037598, -0.671387,riding
A, 656602, -0.994019, 0.113281, 0.035278, -0.732422, -1.464844, 0.915528,riding
B, 270155, -0.946411, -0.048096, -0.304932, -0.671387, 1.403809, -0.671387,riding
A, 656622, -0.992554, 0.119263, 0.036865, -0.793457, -1.342773, 1.281738,riding
B, 270175, -0.944092, -0.050781, -0.309692, -0.671387, 1.708985, -0.732422,riding
A, 656642, -0.990967, 0.131592, 0.030396, -0.732422, -1.281738, 1.708985,riding
B, 270195, -0.943848, -0.052246, -0.313232, -0.732422, 1.953125, -0.793457,riding
A, 656662, -0.988159, 0.143433, 0.034180, -0.976563, -1.281738, 1.892090,riding
B, 270215, -0.942383, -0.047363, -0.317383, -0.976563, 2.197266, -0.976563,riding
A, 656682, -0.987671, 0.151123, 0.041870, -0.854492, -1.220703, 2.075195,riding
B, 270235, -0.941284, -0.044556, -0.321777, -0.793457, 2.380371, -0.976563,riding
A, 656702, -0.985229, 0.155762, 0.040161, -0.854492, -1.037598, 2.258301,riding
B, 270255, -0.937500, -0.051147, -0.328369, -1.098633, 2.502441, -1.159668,riding
A, 656722, -0.982422, 0.173462, 0.033081, -1.647950, -0.793457, 2.441406,riding
B, 270275, -0.933350, -0.047607, -0.337891, -1.342773, 2.502441, -1.342773,riding
A, 656742, -0.978760, 0.198242, 0.028076, -1.403809, -0.793457, 2.380371,riding
B, 270295, -0.930176, -0.049072, -0.348389, -1.281738, 2.380371, -1.342773,riding
A, 656762, -0.974609, 0.221313, 0.026489, -1.281738, -0.854492, 2.136230,riding
B, 270315, -0.926025, -0.049927, -0.357056, -0.915528, 2.258301, -1.281738,riding
A, 656782, -0.973877, 0.228882, 0.026367, -0.732422, -0.915528, 1.770020,riding
B, 270335, -0.925171, -0.052612, -0.359985, -0.671387, 2.075195, -1.159668,riding
A, 656802, -0.973755, 0.231567, 0.024048, -0.976563, -0.915528, 1.525879,riding
B, 270355, -0.924194, -0.050293, -0.362549, -0.915528, 1.708985, -1.281738,riding
A, 656822, -0.968750, 0.256836, 0.024170, -1.403809, -0.854492, 1.037598,riding
B, 270375, -0.919800, -0.049561, -0.375244, -0.976563, 1.159668, -1.342773,riding
A, 656842, -0.966919, 0.269165, 0.022583, -0.610352, -0.915528, 0.488281,riding
B, 270395, -0.917480, -0.052490, -0.379272, -0.244141, 0.793457, -1.098633,riding
A, 656862, -0.967651, 0.262817, 0.024780, -0.427246, -0.976563, 0.061035,riding
B, 270415, -0.916870, -0.052246, -0.379028, -0.366211, 0.305176, -1.220703,riding
A, 656882, -0.965698, 0.271729, 0.023071, -0.793457, -0.915528, -0.488281,riding
B, 270435, -0.916748, -0.046509, -0.380371, -0.244141, -0.122070, -1.159668,riding
A, 656902, -0.966919, 0.265503, 0.020386, -0.183106, -1.037598, -1.037598,riding
B, 270455, -0.919067, -0.055054, -0.375854, 0.061035, -0.549316, -1.037598,riding
A, 656922, -0.969360, 0.253418, 0.010376, -0.183106, -1.037598, -1.464844,riding
B, 270475, -0.920166, -0.060181, -0.371704, 0.061035, -0.915528, -1.037598,riding
A, 656942, -0.970703, 0.252441, 0.013428, -0.793457, -1.037598, -1.770020,riding
B, 270495, -0.919922, -0.054199, -0.373169, -0.366211, -1.464844, -1.220703,riding
A, 656962, -0.968140, 0.255615, 0.015747, -0.061035, -1.220703, -2.319336,riding
B, 270515, -0.920898, -0.056152, -0.370605, 0.366211, -1.892090, -0.854492,riding
A, 656982, -0.972290, 0.242188, 0.014160, -0.305176, -1.281738, -2.685547,riding
B, 270535, -0.923584, -0.058594, -0.367065, 0.061035, -2.258301, -0.976563,riding
A, 657002, -0.973145, 0.232300, 0.011841, 0.000000, -1.342773, -3.173829,riding
B, 270555, -0.923950, -0.057495, -0.361450, 0.427246, -2.563477, -0.793457,riding
A, 657022, -0.976318, 0.222534, 0.002075, 0.061035, -1.464844, -3.417970,riding
B, 270575, -0.925049, -0.060913, -0.356445, 0.427246, -2.807618, -0.671387,riding
A, 657042, -0.978882, 0.209229, -0.000977, 0.061035, -1.708985, -3.601075,riding
B, 270595, -0.927490, -0.063843, -0.351685, 0.488281, -2.929688, -0.549316,riding
A, 657062, -0.981567, 0.194214, 0.000977, -0.061035, -1.770020, -3.723145,riding
B, 270615, -0.930176, -0.065308, -0.345093, 0.305176, -3.051759, -0.488281,riding
A, 657082, -0.984619, 0.179199, -0.002930, 0.122070, -1.892090, -3.723145,riding
B, 270635, -0.934570, -0.066284, -0.333862, 0.366211, -3.112794, -0.183106,riding
A, 657102, -0.985596, 0.164917, -0.007446, -0.061035, -2.075195, -3.723145,riding
B, 270655, -0.935791, -0.064819, -0.330811, 0.122070, -3.051759, -0.183106,riding
A, 657122, -0.986816, 0.159546, 0.003296, -0.305176, -2.258301, -3.540040,riding
B, 270675, -0.938232, -0.059937, -0.327637, 0.122070, -2.929688, 0.000000,riding
A, 657142, -0.988892, 0.151123, 0.015747, -0.183106, -2.258301, -3.356935,riding
B, 270695, -0.939087, -0.056885, -0.325562, -0.061035, -2.807618, 0.000000,riding
A, 657162, -0.987671, 0.148193, 0.031616, -0.244141, -2.258301, -3.112794,riding
B, 270715, -0.940552, -0.049316, -0.321655, 0.000000, -2.624512, -0.061035,riding
A, 657182, -0.989014, 0.139404, 0.041382, -0.244141, -2.136230, -2.929688,riding
B, 270735, -0.943237, -0.046753, -0.314819, 0.061035, -2.441406, -0.061035,riding
A, 657202, -0.990845, 0.133301, 0.040283, -0.427246, -2.014160, -2.746582,riding
B, 270755, -0.944702, -0.047241, -0.311646, -0.122070, -2.258301, -0.183106,riding
A, 657222, -0.991455, 0.133179, 0.029663, -0.488281, -1.892090, -2.441406,riding
B, 270775, -0.943115, -0.051880, -0.316040, -0.366211, -1.892090, -0.305176,riding
A, 657242, -0.990479, 0.134521, 0.021973, -0.549316, -1.892090, -2.258301,riding
B, 270795, -0.941528, -0.052490, -0.317017, -0.122070, -1.708985, -0.244141,riding
A, 657262, -0.992065, 0.134033, 0.017334, -0.549316, -1.953125, -1.831055,riding
B, 270815, -0.941284, -0.058228, -0.318115, -0.488281, -1.464844, -0.305176,riding
A, 657282, -0.990601, 0.138916, 0.015991, -0.671387, -1.953125, -1.647950,riding
B, 270835, -0.941162, -0.057129, -0.315430, -0.366211, -1.220703, -0.183106,riding
A, 657302, -0.991333, 0.136719, 0.005737, -0.244141, -2.136230, -1.586915,riding
B, 270855, -0.943970, -0.063354, -0.309814, -0.122070, -0.976563, 0.061035,riding
A, 657322, -0.993774, 0.124023, -0.007446, 0.122070, -2.380371, -1.403809,riding
B, 270875, -0.945068, -0.068970, -0.303345, 0.061035, -0.732422, 0.305176,riding
A, 657342, -0.996094, 0.112061, -0.000488, -0.427246, -2.563477, -0.915528,riding
B, 270895, -0.945923, -0.065918, -0.302246, -0.366211, -0.488281, 0.366211,riding
A, 657362, -0.995972, 0.110352, 0.000977, -0.610352, -2.746582, -0.427246,riding
B, 270915, -0.944092, -0.066772, -0.308105, -0.793457, 0.000000, 0.488281,riding
A, 657382, -0.994507, 0.119019, 0.001099, -1.220703, -2.807618, 0.000000,riding
B, 270935, -0.942505, -0.062012, -0.313965, -1.220703, 0.244141, 0.427246,riding
A, 657402, -0.992065, 0.135498, 0.011353, -1.220703, -2.929688, 0.427246,riding
B, 270955, -0.941162, -0.053101, -0.319702, -1.281738, 0.488281, 0.610352,riding
A, 657422, -0.987915, 0.149658, 0.037231, -1.098633, -3.051759, 0.549316,riding
B, 270975, -0.940796, -0.043335, -0.319824, -1.220703, 0.671387, 0.671387,riding
A, 657442, -0.985474, 0.158081, 0.068970, -0.854492, -2.868653, 0.488281,riding
B, 270995, -0.942505, -0.030151, -0.318115, -0.915528, 0.854492, 0.549316,riding
A, 657462, -0.984009, 0.155884, 0.084229, -0.793457, -2.502441, 0.549316,riding
B, 271015, -0.942505, -0.024536, -0.319458, -0.915528, 0.915528, 0.244141,riding
A, 657482, -0.983398, 0.163574, 0.085693, -1.708985, -1.953125, 0.732422,riding
B, 271035, -0.936157, -0.020142, -0.336548, -1.770020, 0.854492, -0.549316,riding
A, 657502, -0.978394, 0.190918, 0.085449, -1.953125, -1.647950, 0.732422,riding
B, 271055, -0.930786, -0.021240, -0.349243, -1.281738, 0.854492, -0.732422,riding
A, 657522, -0.976318, 0.207642, 0.065430, -0.732422, -1.403809, 0.488281,riding
B, 271075, -0.929688, -0.030151, -0.351440, -0.671387, 0.793457, -0.732422,riding
A, 657542, -0.976196, 0.204956, 0.055054, -0.915528, -1.159668, 0.427246,riding
B, 271095, -0.931763, -0.032349, -0.346802, -0.732422, 0.610352, -0.976563,riding
A, 657562, -0.976685, 0.206665, 0.059204, -0.915528, -1.159668, 0.244141,riding
B, 271115, -0.932373, -0.030884, -0.342163, -0.671387, 0.488281, -1.098633,riding
A, 657582, -0.975830, 0.211426, 0.060303, -1.098633, -0.854492, -0.061035,riding
B, 271135, -0.930908, -0.034302, -0.344849, -0.671387, 0.244141, -1.342773,riding
A, 657602, -0.974121, 0.221436, 0.041504, -0.732422, -0.732422, -0.305176,riding
B, 271155, -0.927856, -0.042114, -0.353638, -0.427246, 0.061035, -1.342773,riding
A, 657622, -0.972290, 0.238647, 0.028198, -1.098633, -0.732422, -0.366211,riding
B, 271175, -0.919189, -0.041748, -0.376953, -0.671387, -0.488281, -1.464844,riding
A, 657642, -0.966553, 0.267334, 0.027588, -0.671387, -0.854492, -0.854492,riding
B, 271195, -0.916870, -0.041870, -0.381714, -0.244141, -0.854492, -1.342773,riding
A, 657662, -0.965820, 0.272827, 0.041992, -1.098633, -0.793457, -1.342773,riding
B, 271215, -0.918701, -0.038452, -0.377808, -0.732422, -1.464844, -1.708985,riding
A, 657682, -0.962280, 0.285278, 0.048950, -1.342773, -0.549316, -2.075195,riding
B, 271235, -0.919067, -0.034302, -0.372437, -0.122070, -1.953125, -1.586915,riding
A, 657702, -0.964111, 0.274170, 0.035645, 0.122070, -0.671387, -3.356935,riding
B, 271255, -0.920288, -0.043091, -0.369019, 0.610352, -2.563477, -1.403809,riding
A, 657722, -0.969238, 0.251587, 0.014038, 0.915528, -0.793457, -4.089355,riding
B, 271275, -0.921875, -0.050415, -0.365845, 1.220703, -2.868653, -1.159668,riding
A, 657742, -0.978882, 0.209595, 0.003418, 0.915528, -0.976563, -4.455566,riding
B, 271295, -0.927490, -0.059082, -0.350586, 1.220703, -3.295899, -0.976563,riding
A, 657762, -0.984375, 0.181885, -0.023193, 1.159668, -1.281738, -4.211426,riding
B, 271315, -0.931885, -0.075195, -0.341919, 1.586915, -3.417970, -0.610352,riding
A, 657782, -0.987793, 0.162720, -0.037598, 0.854492, -1.647950, -4.089355,riding
B, 271335, -0.934570, -0.080933, -0.330078, 0.915528, -3.356935, -0.427246,riding
A, 657802, -0.989502, 0.150513, -0.033325, 0.976563, -2.075195, -3.906251,riding
B, 271355, -0.941284, -0.075439, -0.313965, 1.220703, -3.234864, 0.061035,riding
A, 657822, -0.992188, 0.129761, -0.012085, 1.037598, -2.441406, -3.845216,riding
B, 271375, -0.947510, -0.061646, -0.298828, 0.976563, -3.051759, 0.183106,riding
A, 657842, -0.994507, 0.111694, 0.032593, 0.305176, -2.502441, -3.662110,riding
B, 271395, -0.951538, -0.043945, -0.293457, 0.488281, -2.746582, 0.061035,riding
A, 657862, -0.997070, 0.088623, 0.085327, 0.488281, -2.075195, -3.051759,riding
B, 271415, -0.952271, -0.028687, -0.291504, 0.549316, -2.319336, -0.122070,riding
A, 657882, -1.000122, 0.072144, 0.077515, 0.366211, -1.525879, -2.380371,riding
B, 271435, -0.952637, -0.030762, -0.292725, 0.366211, -1.647950, -0.549316,riding
A, 657902, -0.998657, 0.087646, 0.050781, 0.122070, -1.403809, -1.525879,riding
B, 271455, -0.949219, -0.038330, -0.299072, 0.305176, -1.159668, -0.732422,riding
A, 657922, -0.997070, 0.098389, 0.047363, -0.183106, -1.281738, -1.037598,riding
B, 271475, -0.949951, -0.040649, -0.296875, 0.061035, -0.732422, -0.915528,riding
A, 657942, -0.995850, 0.108887, 0.043335, -0.061035, -1.159668, -0.793457,riding
B, 271495, -0.951538, -0.049438, -0.292480, 0.183106, -0.366211, -0.915528,riding
A, 657962, -0.996216, 0.103271, 0.027222, -0.244141, -1.037598, -0.488281,riding
B, 271515, -0.953125, -0.055054, -0.288452, -0.122070, -0.061035, -1.037598,riding
A, 657982, -0.995850, 0.106445, 0.020996, -0.732422, -1.037598, -0.305176,riding
B, 271535, -0.951050, -0.049316, -0.292969, -0.427246, 0.366211, -1.037598,riding
A, 658002, -0.997559, 0.103027, 0.023682, -0.549316, -1.159668, 0.122070,riding
B, 271555, -0.949219, -0.051147, -0.300293, -0.366211, 0.732422, -0.976563,riding
A, 658022, -0.997314, 0.094849, 0.023682, -0.427246, -1.220703, 0.488281,riding
B, 271575, -0.946289, -0.049927, -0.306763, -0.915528, 1.220703, -1.159668,riding
A, 658042, -0.991577, 0.122314, 0.040283, -1.037598, -1.159668, 1.586915,riding
B, 271595, -0.944336, -0.038696, -0.312988, -0.732422, 1.647950, -1.098633,riding
A, 658062, -0.986938, 0.147583, 0.054443, -0.793457, -0.976563, 1.831055,riding
B, 271615, -0.941650, -0.040405, -0.317627, -0.732422, 1.770020, -1.220703,riding
A, 658082, -0.981323, 0.181152, 0.056030, -0.671387, -0.793457, 1.708985,riding
B, 271635, -0.939697, -0.038330, -0.323853, -0.549316, 1.831055, -1.342773,riding
A, 658102, -0.980591, 0.186523, 0.052734, -0.183106, -0.671387, 1.342773,riding
B, 271655, -0.937134, -0.039307, -0.328125, -0.183106, 1.831055, -1.281738,riding
A, 658122, -0.980103, 0.192261, 0.028076, -0.854492, -0.488281, 1.159668,riding
B, 271675, -0.934692, -0.045898, -0.336060, -0.549316, 1.708985, -1.525879,riding
A, 658142, -0.980225, 0.196167, 0.018311, -0.671387, -0.610352, 1.159668,riding
B, 271695, -0.929321, -0.052979, -0.351318, -0.671387, 1.586915, -1.525879,riding
A, 658162, -0.979736, 0.201660, 0.021606, -0.793457, -0.671387, 0.976563,riding
B, 271715, -0.929810, -0.045776, -0.349609, -0.183106, 1.464844, -1.342773,riding
A, 658182, -0.980347, 0.191528, 0.036621, -0.183106, -0.793457, 0.976563,riding
B, 271735, -0.932617, -0.038330, -0.340332, -0.244141, 1.403809, -1.464844,riding
A, 658202, -0.979492, 0.188110, 0.063110, -0.793457, -0.610352, 1.037598,riding
B, 271755, -0.934448, -0.027832, -0.337524, -0.427246, 1.220703, -1.770020,riding
A, 658222, -0.973877, 0.213989, 0.095825, -1.159668, 0.061035, 0.854492,riding
B, 271775, -0.932739, -0.023926, -0.343506, -0.671387, 1.098633, -2.197266,riding
A, 658242, -0.968506, 0.249878, 0.055786, -0.427246, 0.427246, 0.366211,riding
B, 271795, -0.926147, -0.035400, -0.360352, -0.122070, 0.793457, -2.319336,riding
A, 658262, -0.969604, 0.251099, 0.018188, -0.183106, 0.305176, -0.183106,riding
B, 271815, -0.921143, -0.047607, -0.369629, 0.244141, 0.488281, -2.319336,riding
A, 658282, -0.970337, 0.255737, 0.006836, -0.305176, 0.183106, -0.488281,riding
B, 271835, -0.918335, -0.058838, -0.377930, 0.183106, -0.122070, -2.197266,riding
A, 658302, -0.970215, 0.258789, -0.008667, -0.122070, 0.000000, -0.854492,riding
B, 271855, -0.917480, -0.072021, -0.378052, 0.427246, -0.671387, -1.953125,riding
A, 658322, -0.969238, 0.264404, -0.026245, 0.000000, -0.183106, -1.464844,riding
B, 271875, -0.918335, -0.070435, -0.373291, 0.549316, -1.037598, -1.708985,riding
A, 658342, -0.969482, 0.250122, -0.009888, 0.427246, -0.793457, -2.075195,riding
B, 271895, -0.926514, -0.054443, -0.357788, 0.671387, -1.403809, -1.525879,riding
A, 658362, -0.973511, 0.230103, 0.021973, 0.122070, -0.732422, -2.441406,riding
B, 271915, -0.926758, -0.054199, -0.353149, 0.915528, -1.831055, -1.342773,riding
A, 658382, -0.974609, 0.225464, 0.021240, 0.366211, -0.732422, -2.807618,riding
B, 271935, -0.925171, -0.062134, -0.359863, 0.549316, -2.075195, -1.525879,riding
A, 658402, -0.972534, 0.231445, 0.054077, -0.244141, -0.488281, -2.929688,riding
B, 271955, -0.924805, -0.005859, -0.364380, 0.488281, -2.563477, -1.770020,riding
A, 658422, -0.969238, 0.242065, 0.076050, -0.244141, -0.244141, -3.112794,riding
B, 271975, -0.922241, -0.028687, -0.369507, 0.549316, -2.929688, -2.014160,riding
A, 658442, -0.966431, 0.262451, 0.049927, 0.427246, 0.000000, -3.662110,riding
B, 271995, -0.920898, -0.048462, -0.371216, 1.403809, -3.295899, -1.953125,riding
A, 658462, -0.970703, 0.249634, 0.018921, 0.976563, 0.061035, -4.272461,riding
B, 272015, -0.924805, -0.056885, -0.359131, 1.647950, -3.662110, -1.892090,riding
A, 658482, -0.972900, 0.230347, -0.015259, 1.037598, -0.183106, -4.760742,riding
B, 272035, -0.926636, -0.066284, -0.350342, 1.586915, -4.028320, -1.770020,riding
A, 658502, -0.975586, 0.217407, -0.005737, -0.549316, -0.305176, -5.065918,riding
B, 272055, -0.928833, -0.067871, -0.346680, 0.427246, -4.333496, -2.075195,riding
A, 658522, -0.977051, 0.207642, 0.022095, 0.366211, -0.488281, -5.493164,riding
B, 272075, -0.933228, -0.056030, -0.339355, 1.464844, -4.455566, -1.708985,riding
A, 658542, -0.985474, 0.157959, 0.043945, 1.403809, -0.366211, -5.737307,riding
B, 272095, -0.942017, -0.046753, -0.315186, 2.624512, -4.272461, -1.403809,riding
A, 658562, -0.994629, 0.112183, 0.005371, 2.014160, -0.488281, -5.004883,riding
B, 272115, -0.943115, -0.065308, -0.310059, 2.624512, -4.089355, -1.342773,riding
A, 658582, -0.996460, 0.101440, 0.008789, 2.014160, -0.732422, -4.577637,riding
B, 272135, -0.947876, -0.067383, -0.298096, 2.563477, -3.723145, -1.281738,riding
A, 658602, -0.998901, 0.086060, 0.017944, 2.685547, -0.732422, -4.211426,riding
B, 272155, -0.953125, -0.062012, -0.283813, 3.051759, -3.234864, -1.098633,riding
A, 658622, -1.002197, 0.074341, 0.010864, 1.831055, -0.549316, -3.784181,riding
B, 272175, -0.958618, -0.068237, -0.271484, 2.258301, -2.807618, -1.281738,riding
A, 658642, -1.003906, 0.062134, -0.009033, 2.502441, -0.854492, -3.356935,riding
B, 272195, -0.957397, -0.074707, -0.268311, 2.868653, -2.258301, -0.915528,riding
A, 658662, -1.008057, 0.040405, 0.008423, 0.549316, -0.610352, -2.685547,riding
B, 272215, -0.958984, -0.074341, -0.269287, 1.037598, -1.647950, -1.464844,riding
A, 658682, -1.007324, 0.046631, 0.014038, 0.244141, -0.488281, -1.647950,riding
B, 272235, -0.956055, -0.066895, -0.279297, 0.671387, -0.854492, -1.525879,riding
A, 658702, -1.004883, 0.057861, 0.010132, -0.122070, -0.427246, -1.037598,riding
B, 272255, -0.954224, -0.065552, -0.280273, 0.244141, -0.305176, -1.586915,riding
A, 658722, -1.002930, 0.063232, 0.016968, -0.122070, -0.610352, -0.427246,riding
B, 272275, -0.958740, -0.054443, -0.273193, 0.305176, 0.366211, -1.586915,riding
A, 658742, -1.002563, 0.071045, 0.029297, -0.122070, -0.305176, 0.610352,riding
B, 272295, -0.955566, -0.063110, -0.275513, 0.244141, 0.732422, -1.647950,riding
A, 658762, -0.996826, 0.102783, -0.003296, -0.854492, -0.183106, 1.098633,riding
B, 272315, -0.948242, -0.081543, -0.293213, -0.366211, 1.098633, -1.892090,riding
A, 658782, -0.990601, 0.140869, 0.012939, -2.258301, -0.061035, 1.342773,riding
B, 272335, -0.943726, -0.061646, -0.308472, -1.708985, 1.281738, -2.319336,riding
A, 658802, -0.984619, 0.170288, 0.019287, -0.671387, -0.305176, 1.098633,riding
B, 272355, -0.937622, -0.063110, -0.323853, 0.183106, 1.464844, -1.525879,riding
A, 658822, -0.985474, 0.170044, -0.001709, -0.366211, -0.366211, 0.976563,riding
B, 272375, -0.933472, -0.083252, -0.330811, -0.488281, 1.464844, -1.708985,riding
A, 658842, -0.984253, 0.177490, -0.021484, -0.732422, -0.366211, 1.159668,riding
B, 272395, -0.932617, -0.079468, -0.333984, -0.549316, 1.281738, -1.525879,riding
A, 658862, -0.983154, 0.187622, -0.025391, -0.671387, -0.732422, 0.976563,riding
B, 272415, -0.931641, -0.072388, -0.336426, -0.610352, 1.159668, -1.403809,riding
A, 658882, -0.979370, 0.204712, -0.008057, -1.525879, -0.854492, 1.037598,riding
B, 272435, -0.930542, -0.073364, -0.342285, -1.403809, 0.915528, -1.525879,riding
A, 658902, -0.974365, 0.226929, 0.002075, -1.281738, -0.915528, 0.427246,riding
B, 272455, -0.928101, -0.073120, -0.347534, -0.610352, 0.671387, -1.220703,riding
A, 658922, -0.974976, 0.221191, 0.003540, -0.549316, -1.098633, -0.183106,riding
B, 272475, -0.927979, -0.065552, -0.349121, -0.366211, 0.427246, -1.098633,riding
A, 658942, -0.975342, 0.215210, 0.020508, -0.976563, -1.159668, -0.366211,riding
B, 272495, -0.927612, -0.055420, -0.351563, -0.732422, -0.061035, -1.220703,riding
A, 658962, -0.976440, 0.218750, 0.030518, -0.915528, -0.976563, -0.610352,riding
B, 272515, -0.926758, -0.060059, -0.351440, -0.305176, -0.305176, -1.220703,riding
A, 658982, -0.976440, 0.216064, 0.018555, 0.061035, -0.915528, -1.037598,riding
B, 272535, -0.927979, -0.066040, -0.346924, 0.427246, -0.488281, -1.037598,riding
A, 659002, -0.978882, 0.207275, -0.010864, 0.244141, -0.976563, -1.159668,riding
B, 272555, -0.928955, -0.072510, -0.343140, 0.305176, -0.732422, -0.915528,riding
A, 659022, -0.979370, 0.204346, -0.023560, 0.061035, -1.342773, -1.525879,riding
B, 272575, -0.932739, -0.077271, -0.336426, 0.366211, -0.915528, -0.732422,riding
A, 659042, -0.982788, 0.184082, -0.001221, -0.183106, -1.464844, -1.708985,riding
B, 272595, -0.936157, -0.074829, -0.327637, 0.000000, -1.037598, -0.793457,riding
A, 659062, -0.983643, 0.175293, 0.016602, -0.793457, -1.281738, -1.708985,riding
B, 272615, -0.937378, -0.062134, -0.327515, -0.427246, -1.159668, -1.037598,riding
A, 659082, -0.984009, 0.172852, 0.032349, 0.000000, -1.281738, -1.770020,riding
B, 272635, -0.936523, -0.049072, -0.330078, 0.427246, -1.159668, -0.854492,riding
A, 659102, -0.987671, 0.155640, 0.037964, 0.305176, -1.159668, -1.708985,riding
B, 272655, -0.937256, -0.058594, -0.327637, 0.610352, -1.098633, -0.976563,riding
A, 659122, -0.987183, 0.153442, 0.031982, 0.366211, -1.037598, -1.403809,riding
B, 272675, -0.939819, -0.060059, -0.321289, 0.610352, -1.037598, -1.098633,riding
A, 659142, -0.987427, 0.153564, 0.017578, 0.549316, -0.915528, -1.403809,riding
B, 272695, -0.941162, -0.059937, -0.315674, 0.793457, -0.915528, -1.098633,riding
A, 659162, -0.986938, 0.158447, 0.001343, 0.183106, -0.976563, -1.342773,riding
B, 272715, -0.941528, -0.070679, -0.315674, 0.427246, -0.854492, -1.159668,riding
A, 659182, -0.986206, 0.166260, -0.009521, -0.366211, -0.915528, -1.403809,riding
B, 272735, -0.937134, -0.080811, -0.320068, 0.061035, -0.915528, -1.159668,riding
A, 659202, -0.986328, 0.166382, -0.014526, 0.061035, -1.098633, -1.525879,riding
B, 272755, -0.936035, -0.076294, -0.326050, 0.183106, -0.854492, -0.915528,riding
A, 659222, -0.987061, 0.159302, -0.006958, -0.061035, -1.220703, -1.403809,riding
B, 272775, -0.937256, -0.068237, -0.327148, 0.122070, -0.854492, -0.915528,riding
A, 659242, -0.987061, 0.158325, 0.003784, -0.427246, -1.281738, -1.220703,riding
B, 272795, -0.934814, -0.071411, -0.327881, -0.183106, -0.854492, -0.915528,riding
A, 659262, -0.982910, 0.183960, -0.009033, -0.183106, -1.342773, -1.159668,riding
B, 272815, -0.932983, -0.079956, -0.333008, -0.061035, -0.915528, -0.793457,riding
A, 659282, -0.981079, 0.193481, -0.020264, 0.000000, -1.464844, -1.403809,riding
B, 272835, -0.932861, -0.079346, -0.333252, 0.061035, -1.037598, -0.610352,riding
A, 659302, -0.979736, 0.200806, -0.026611, 0.000000, -1.770020, -1.647950,riding
B, 272855, -0.932251, -0.077271, -0.333496, 0.122070, -1.159668, -0.427246,riding
A, 659322, -0.980835, 0.201538, -0.021973, -0.244141, -1.953125, -1.953125,riding
B, 272875, -0.930542, -0.083618, -0.337646, -0.061035, -1.403809, -0.244141,riding
A, 659342, -0.981079, 0.197632, -0.014404, 0.061035, -2.197266, -2.258301,riding
B, 272895, -0.931885, -0.076538, -0.337036, 0.305176, -1.647950, 0.122070,riding
A, 659362, -0.983887, 0.177124, -0.001099, 0.122070, -2.258301, -2.319336,riding
B, 272915, -0.934570, -0.062988, -0.330566, 0.061035, -1.770020, 0.061035,riding
A, 659382, -0.983765, 0.170654, 0.015991, -0.244141, -2.319336, -2.258301,riding
B, 272935, -0.937866, -0.058105, -0.325562, 0.061035, -1.831055, 0.061035,riding
A, 659402, -0.984497, 0.167114, 0.032104, 0.061035, -2.258301, -2.258301,riding
B, 272955, -0.938110, -0.060913, -0.322632, 0.183106, -1.770020, 0.000000,riding
A, 659422, -0.985107, 0.164795, 0.038086, -0.244141, -1.953125, -2.197266,riding
B, 272975, -0.938965, -0.055298, -0.320435, -0.244141, -1.892090, -0.366211,riding
A, 659442, -0.984009, 0.176392, 0.039063, -0.488281, -1.708985, -2.380371,riding
B, 272995, -0.939331, -0.047119, -0.322266, -0.244141, -1.892090, -0.549316,riding
A, 659462, -0.984497, 0.165771, 0.039429, -0.061035, -1.647950, -2.563477,riding
B, 273015, -0.939209, -0.056274, -0.321045, 0.183106, -1.892090, -0.610352,riding
A, 659482, -0.986572, 0.157837, 0.029907, -0.183106, -1.342773, -2.441406,riding
B, 273035, -0.939331, -0.062500, -0.320435, 0.244141, -1.831055, -0.732422,riding
A, 659502, -0.988281, 0.148193, 0.015747, 0.061035, -1.403809, -2.441406,riding
B, 273055, -0.940186, -0.062378, -0.317139, 0.366211, -1.770020, -0.671387,riding
A, 659522, -0.989990, 0.143311, 0.001709, 0.183106, -1.525879, -2.319336,riding
B, 273075, -0.942261, -0.068848, -0.312134, 0.549316, -1.708985, -0.488281,riding
A, 659542, -0.990845, 0.138184, -0.007324, 0.183106, -1.586915, -2.075195,riding
B, 273095, -0.942017, -0.079956, -0.308350, 0.305176, -1.586915, -0.549316,riding
A, 659562, -0.991943, 0.137207, -0.021118, 0.061035, -1.647950, -2.014160,riding
B, 273115, -0.943359, -0.085693, -0.304077, 0.305176, -1.403809, -0.366211,riding
A, 659582, -0.994141, 0.124146, -0.045288, 0.488281, -2.014160, -1.892090,riding
B, 273135, -0.944824, -0.092651, -0.299927, 0.366211, -1.281738, -0.061035,riding
A, 659602, -0.995239, 0.113037, -0.043091, -0.244141, -2.441406, -1.708985,riding
B, 273155, -0.947632, -0.076538, -0.294189, -0.793457, -1.037598, 0.000000,riding
A, 659622, -0.994019, 0.118408, 0.029541, -1.342773, -2.380371, -1.220703,riding
B, 273175, -0.947754, -0.056641, -0.300537, -0.915528, -0.732422, 0.000000,riding
A, 659642, -0.993408, 0.112793, 0.056641, -0.366211, -2.258301, -0.976563,riding
B, 273195, -0.948486, -0.049194, -0.300171, -0.366211, -0.427246, -0.061035,riding
A, 659662, -0.993896, 0.111572, 0.066528, -1.098633, -1.770020, -0.488281,riding
B, 273215, -0.948853, -0.038330, -0.299561, -0.915528, -0.244141, -0.549316,riding
A, 659682, -0.992798, 0.115112, 0.074341, -0.732422, -1.525879, -0.244141,riding
B, 273235, -0.950684, -0.035034, -0.296875, -0.488281, 0.122070, -0.671387,riding
A, 659702, -0.991699, 0.120605, 0.069092, -0.854492, -1.159668, 0.000000,riding
B, 273255, -0.949585, -0.043945, -0.297363, -0.488281, 0.366211, -0.976563,riding
A, 659722, -0.991333, 0.122559, 0.057129, -0.610352, -0.854492, 0.183106,riding
B, 273275, -0.948364, -0.049438, -0.297241, -0.854492, 0.610352, -1.525879,riding
A, 659742, -0.989746, 0.133057, 0.055542, -1.770020, -0.427246, 0.366211,riding
B, 273295, -0.945679, -0.038940, -0.308350, -1.342773, 0.732422, -1.953125,riding
A, 659762, -0.987671, 0.146240, 0.053711, -1.220703, -0.305176, 0.366211,riding
B, 273315, -0.942627, -0.048706, -0.312500, 0.061035, 1.037598, -1.647950,riding
A, 659782, -0.991943, 0.129517, 0.034912, -1.220703, 0.061035, 0.610352,riding
B, 273335, -0.942627, -0.062744, -0.312256, -0.732422, 1.159668, -2.136230,riding
A, 659802, -0.990967, 0.139282, 0.016968, -0.549316, 0.000000, 0.976563,riding
B, 273355, -0.942993, -0.056152, -0.313354, -0.183106, 1.281738, -2.014160,riding
A, 659822, -0.991455, 0.135742, 0.010376, -0.366211, -0.122070, 0.976563,riding
B, 273375, -0.945068, -0.062378, -0.308838, -0.061035, 1.525879, -1.953125,riding
A, 659842, -0.992310, 0.131592, 0.004395, -0.244141, -0.183106, 1.220703,riding
B, 273395, -0.944946, -0.073608, -0.303955, 0.061035, 1.647950, -1.892090,riding
A, 659862, -0.992920, 0.126709, 0.002197, -0.671387, -0.122070, 1.403809,riding
B, 273415, -0.945435, -0.073975, -0.304321, -0.793457, 1.831055, -2.075195,riding
A, 659882, -0.991089, 0.136230, 0.002075, -1.220703, -0.061035, 1.586915,riding
B, 273435, -0.941528, -0.064331, -0.313232, -0.854492, 2.014160, -2.075195,riding
A, 659902, -0.989258, 0.144897, 0.010742, -0.915528, -0.183106, 1.708985,riding
B, 273455, -0.940063, -0.064819, -0.319458, -0.671387, 2.136230, -2.014160,riding
A, 659922, -0.988159, 0.151245, 0.011719, -0.488281, -0.244141, 1.770020,riding
B, 273475, -0.938599, -0.071045, -0.322144, 0.000000, 2.319336, -1.708985,riding
A, 659942, -0.989014, 0.150146, -0.005737, 0.427246, -0.305176, 1.953125,riding
B, 273495, -0.937744, -0.077759, -0.321655, 0.305176, 2.502441, -1.464844,riding
A, 659962, -0.989380, 0.148315, -0.025024, 0.183106, -0.671387, 2.197266,riding
B, 273515, -0.937866, -0.080078, -0.319214, 0.183106, 2.502441, -1.342773,riding
A, 659982, -0.989990, 0.148315, -0.023193, -0.244141, -0.793457, 2.197266,riding
B, 273535, -0.939575, -0.085327, -0.315186, -0.183106, 2.685547, -1.281738,riding
A, 660002, -0.989868, 0.151489, -0.031006, -0.061035, -0.976563, 2.319336,riding
B, 273555, -0.937012, -0.094238, -0.318726, -0.244141, 2.868653, -0.915528,riding
A, 660022, -0.988647, 0.154541, -0.036865, -0.366211, -1.159668, 2.441406,riding
B, 273575, -0.936157, -0.087402, -0.323730, -0.488281, 2.868653, -0.793457,riding
A, 660042, -0.988159, 0.157837, -0.033081, 0.122070, -1.586915, 2.319336,riding
B, 273595, -0.936401, -0.081665, -0.325317, 0.122070, 3.112794, -0.305176,riding
A, 660062, -0.991333, 0.141479, -0.030273, 0.915528, -1.953125, 2.563477,riding
B, 273615, -0.936279, -0.091187, -0.324463, 0.305176, 3.295899, 0.000000,riding
A, 660082, -0.991821, 0.134766, -0.025146, -1.098633, -1.770020, 3.173829,riding
B, 273635, -0.934570, -0.093140, -0.327271, -1.953125, 3.234864, -0.549316,riding
A, 660102, -0.984497, 0.173950, -0.027710, -2.319336, -1.770020, 3.417970,riding
B, 273655, -0.932861, -0.079712, -0.335693, -2.136230, 3.295899, -0.427246,riding
A, 660122, -0.981323, 0.192017, -0.020630, -0.976563, -2.197266, 3.173829,riding
B, 273675, -0.931396, -0.076416, -0.339844, -1.770020, 3.234864, -0.122070,riding
A, 660142, -0.977661, 0.207764, 0.007568, -2.136230, -2.136230, 2.990724,riding
B, 273695, -0.929321, -0.066162, -0.347656, -2.136230, 3.173829, -0.183106,riding
A, 660162, -0.978760, 0.204712, 0.009277, -0.122070, -2.441406, 2.624512,riding
B, 273715, -0.928833, -0.066650, -0.350464, -0.366211, 3.173829, 0.488281,riding
A, 660182, -0.982056, 0.181641, 0.002563, -0.488281, -2.380371, 2.685547,riding
B, 273735, -0.928223, -0.072021, -0.348999, -1.098633, 3.112794, 0.244141,riding
A, 660202, -0.981079, 0.190796, -0.006592, -1.892090, -2.258301, 2.990724,riding
B, 273755, -0.927368, -0.072144, -0.352295, -2.075195, 2.990724, -0.061035,riding
A, 660222, -0.979980, 0.205078, -0.014282, -1.037598, -2.502441, 2.807618,riding
B, 273775, -0.926147, -0.077148, -0.353516, -1.342773, 3.051759, 0.427246,riding
A, 660242, -0.979126, 0.205200, -0.024658, -0.915528, -2.746582, 2.807618,riding
B, 273795, -0.925293, -0.082520, -0.354004, -1.464844, 2.868653, 0.549316,riding
A, 660262, -0.975220, 0.226440, -0.011108, -2.563477, -2.685547, 2.807618,riding
B, 273815, -0.919067, -0.063232, -0.373413, -3.295899, 2.319336, 0.000000,riding
A, 660282, -0.966064, 0.273926, 0.021240, -2.929688, -2.746582, 2.502441,riding
B, 273835, -0.913818, -0.051514, -0.393921, -2.868653, 1.892090, 0.061035,riding
A, 660302, -0.958130, 0.309326, 0.034302, -2.197266, -2.563477, 1.525879,riding
B, 273855, -0.909058, -0.048096, -0.398682, -1.342773, 1.525879, 0.488281,riding
A, 660322, -0.961060, 0.296509, 0.042969, -0.854492, -2.624512, 0.549316,riding
B, 273875, -0.911133, -0.042969, -0.400024, -1.159668, 0.915528, 0.305176,riding
A, 660342, -0.960693, 0.292114, 0.050171, -0.183106, -2.624512, -0.061035,riding
B, 273895, -0.911255, -0.036011, -0.398682, -0.427246, 0.427246, 0.366211,riding
A, 660362, -0.963989, 0.276978, 0.054932, 0.122070, -2.380371, -0.549316,riding
B, 273915, -0.914307, -0.042725, -0.391602, 0.061035, 0.000000, 0.244141,riding
A, 660382, -0.965454, 0.272949, 0.044800, 0.061035, -2.136230, -0.976563,riding
B, 273935, -0.915527, -0.047729, -0.385010, 0.000000, -0.549316, -0.061035,riding
A, 660402, -0.967285, 0.261108, 0.032227, 0.061035, -1.953125, -1.525879,riding
B, 273955, -0.918579, -0.049805, -0.376831, 0.061035, -1.159668, -0.183106,riding
A, 660422, -0.968140, 0.259521, 0.032715, -0.488281, -1.892090, -1.831055,riding
B, 273975, -0.918701, -0.048462, -0.380127, -0.366211, -1.464844, -0.488281,riding
A, 660442, -0.968140, 0.261719, 0.034424, 0.000000, -1.831055, -2.319336,riding
B, 273995, -0.918335, -0.052856, -0.379639, 0.610352, -1.708985, -0.244141,riding
A, 660462, -0.972046, 0.239258, 0.026733, 0.183106, -1.647950, -2.624512,riding
B, 274015, -0.918945, -0.058350, -0.376709, 0.000000, -2.075195, -0.610352,riding
A, 660482, -0.970093, 0.251709, 0.025513, -0.549316, -1.586915, -2.746582,riding
B, 274035, -0.917847, -0.049438, -0.377197, -0.183106, -2.441406, -0.732422,riding
A, 660502, -0.967773, 0.263184, 0.039429, -0.366211, -1.586915, -3.173829,riding
B, 274055, -0.918579, -0.047974, -0.379150, 0.122070, -2.807618, -0.732422,riding
A, 660522, -0.965576, 0.270508, 0.044312, -0.427246, -1.342773, -3.723145,riding
B, 274075, -0.917969, -0.047119, -0.380371, 0.183106, -3.356935, -0.976563,riding
A, 660542, -0.965820, 0.267090, 0.035400, 0.122070, -1.220703, -4.272461,riding
B, 274095, -0.918945, -0.046143, -0.377197, 0.793457, -3.723145, -0.915528,riding
A, 660562, -0.969604, 0.247192, 0.026733, 0.427246, -1.220703, -4.760742,riding
B, 274115, -0.920776, -0.052490, -0.371338, 1.037598, -4.028320, -0.915528,riding
A, 660582, -0.973267, 0.232788, 0.022827, 0.244141, -1.159668, -5.004883,riding
B, 274135, -0.922363, -0.059082, -0.365723, 0.793457, -4.272461, -1.037598,riding
A, 660602, -0.974243, 0.224487, 0.021606, -0.122070, -1.037598, -5.065918,riding
B, 274155, -0.923828, -0.058716, -0.362183, 0.610352, -4.638672, -1.220703,riding
A, 660622, -0.973633, 0.224731, 0.015991, -0.366211, -0.976563, -5.371094,riding
B, 274175, -0.925659, -0.057251, -0.356812, 0.610352, -4.699707, -1.220703,riding
A, 660642, -0.978882, 0.203979, 0.001953, 0.549316, -1.159668, -5.737307,riding
B, 274195, -0.930786, -0.067505, -0.341797, 1.464844, -4.760742, -0.854492,riding
A, 660662, -0.986816, 0.155273, -0.013672, -0.305176, -1.220703, -5.554201,riding
B, 274215, -0.937256, -0.079468, -0.325317, 0.366211, -4.821777, -1.037598,riding
A, 660682, -0.987915, 0.153076, -0.021729, -0.427246, -1.342773, -5.371094,riding
B, 274235, -0.935791, -0.073853, -0.327881, 0.427246, -4.699707, -0.793457,riding
A, 660702, -0.988037, 0.153198, -0.006958, 0.000000, -1.770020, -5.126953,riding
B, 274255, -0.935181, -0.066895, -0.334106, 0.427246, -4.516602, -0.671387,riding
A, 660722, -0.987549, 0.157104, 0.024292, 0.061035, -1.831055, -4.821777,riding
B, 274275, -0.934570, -0.057739, -0.334595, 0.854492, -4.455566, -0.488281,riding
A, 660742, -0.988159, 0.154663, 0.029053, 0.732422, -1.708985, -4.821777,riding
B, 274295, -0.937500, -0.060181, -0.326172, 1.220703, -4.150391, -0.427246,riding
A, 660762, -0.987305, 0.148804, 0.015381, 0.976563, -1.647950, -4.516602,riding
B, 274315, -0.942871, -0.064331, -0.315796, 1.220703, -4.150391, -0.366211,riding
A, 660782, -0.987671, 0.146606, 0.011230, -0.366211, -1.525879, -4.516602,riding
B, 274335, -0.942749, -0.062622, -0.311035, 0.549316, -4.028320, -0.610352,riding
A, 660802, -0.986572, 0.160889, 0.005737, 0.549316, -1.708985, -4.638672,riding
B, 274355, -0.942383, -0.072266, -0.312134, 1.586915, -3.540040, -0.183106,riding
A, 660822, -0.993408, 0.125610, -0.010132, 1.892090, -1.953125, -4.760742,riding
B, 274375, -0.945923, -0.080200, -0.302002, 2.136230, -3.295899, 0.244141,riding
A, 660842, -1.003052, 0.067749, -0.022827, 0.488281, -2.136230, -3.662110,riding
B, 274395, -0.947876, -0.078979, -0.296021, 0.671387, -2.990724, -0.061035,riding
A, 660862, -1.003906, 0.067261, -0.016602, 0.549316, -2.441406, -2.868653,riding
B, 274415, -0.950317, -0.077759, -0.290894, 0.610352, -2.441406, 0.183106,riding
A, 660882, -1.003784, 0.071167, 0.006714, 0.366211, -2.502441, -2.197266,riding
B, 274435, -0.955200, -0.072266, -0.283325, 0.427246, -1.892090, 0.244141,riding
A, 660902, -1.001709, 0.074463, 0.026367, 0.244141, -2.380371, -1.647950,riding
B, 274455, -0.958496, -0.062134, -0.274536, 0.244141, -1.403809, 0.183106,riding
A, 660922, -1.000488, 0.079468, 0.029663, 0.061035, -2.319336, -1.403809,riding
B, 274475, -0.957275, -0.056030, -0.274902, 0.244141, -0.610352, 0.244141,riding
A, 660942, -1.002319, 0.068726, 0.038452, 0.000000, -2.197266, -0.915528,riding
B, 274495, -0.955688, -0.058228, -0.282959, -0.671387, -0.183106, -0.244141,riding
A, 660962, -1.001221, 0.075806, 0.041138, -1.159668, -1.770020, -0.244141,riding
B, 274515, -0.951294, -0.053101, -0.295410, -0.793457, 0.366211, -0.427246,riding
A, 660982, -1.000732, 0.082886, 0.024536, -0.244141, -1.831055, 0.244141,riding
B, 274535, -0.949219, -0.055664, -0.297485, -0.183106, 0.976563, -0.244141,riding
A, 661002, -0.999878, 0.081543, 0.021851, -0.793457, -1.831055, 1.525879,riding
B, 274555, -0.949829, -0.057373, -0.297607, -1.220703, 1.220703, -0.610352,riding
A, 661022, -0.990723, 0.131714, 0.037964, -0.610352, -1.708985, 1.586915,riding
B, 274575, -0.947998, -0.053345, -0.301880, -0.854492, 1.586915, -0.549316,riding
A, 661042, -0.990723, 0.132690, 0.043945, -0.793457, -1.464844, 1.586915,riding
B, 274595, -0.947632, -0.054443, -0.300171, -0.671387, 1.953125, -0.549316,riding
A, 661062, -0.987671, 0.142334, 0.041748, -1.281738, -1.281738, 1.770020,riding
B, 274615, -0.944336, -0.046143, -0.312134, -1.281738, 2.075195, -1.037598,riding
A, 661082, -0.985718, 0.158325, 0.041748, -1.770020, -1.037598, 1.831055,riding
B, 274635, -0.937744, -0.048462, -0.328247, -1.220703, 2.258301, -1.098633,riding
A, 661102, -0.986206, 0.158569, 0.028076, -0.427246, -1.098633, 1.831055,riding
B, 274655, -0.936279, -0.059082, -0.333496, -0.427246, 2.380371, -0.915528,riding
A, 661122, -0.988892, 0.149536, 0.017578, -0.793457, -1.037598, 2.136230,riding
B, 274675, -0.937134, -0.057251, -0.329956, -0.915528, 2.502441, -1.037598,riding
A, 661142, -0.986694, 0.157227, 0.017700, -1.220703, -1.037598, 2.502441,riding
B, 274695, -0.937500, -0.053955, -0.328735, -1.220703, 2.502441, -1.220703,riding
A, 661162, -0.981079, 0.187988, 0.029541, -2.014160, -0.915528, 2.563477,riding
B, 274715, -0.934814, -0.055176, -0.333984, -1.708985, 2.502441, -1.403809,riding
A, 661182, -0.977295, 0.206299, 0.035767, -1.098633, -0.793457, 1.892090,riding
B, 274735, -0.933716, -0.054932, -0.338013, -0.976563, 2.319336, -1.281738,riding
A, 661202, -0.978760, 0.195679, 0.023682, -1.220703, -0.671387, 1.708985,riding
B, 274755, -0.930786, -0.052734, -0.344116, -1.159668, 2.136230, -1.464844,riding
A, 661222, -0.977417, 0.204956, 0.024658, -1.953125, -0.610352, 1.831055,riding
B, 274775, -0.926270, -0.050293, -0.360229, -1.586915, 1.953125, -1.708985,riding
A, 661242, -0.973755, 0.232910, 0.035156, -1.892090, -0.549316, 1.770020,riding
B, 274795, -0.920532, -0.050415, -0.373779, -1.403809, 1.770020, -1.708985,riding
A, 661262, -0.968872, 0.254883, 0.035034, -1.220703, -0.488281, 1.464844,riding
B, 274815, -0.917358, -0.049194, -0.379517, -0.854492, 1.403809, -1.647950,riding
A, 661282, -0.964233, 0.278320, 0.040527, -1.281738, -0.366211, 0.976563,riding
B, 274835, -0.918335, -0.041626, -0.378906, -0.915528, 0.915528, -1.892090,riding
A, 661302, -0.961182, 0.296143, 0.044434, -0.671387, -0.366211, 0.244141,riding
B, 274855, -0.917969, -0.043091, -0.379395, -0.305176, 0.305176, -1.831055,riding
A, 661322, -0.958008, 0.308472, 0.042114, -0.976563, -0.122070, -0.793457,riding
B, 274875, -0.912598, -0.048096, -0.392212, -0.305176, -0.732422, -2.197266,riding
A, 661342, -0.956909, 0.314819, 0.042358, -0.793457, 0.061035, -1.647950,riding
B, 274895, -0.911011, -0.040283, -0.398804, 0.122070, -1.281738, -2.197266,riding
A, 661362, -0.962402, 0.288696, 0.030273, 0.732422, -0.061035, -2.807618,riding
B, 274915, -0.912109, -0.047485, -0.394165, 1.281738, -1.831055, -1.953125,riding
A, 661382, -0.969116, 0.255737, 0.015869, 1.342773, -0.061035, -3.295899,riding
B, 274935, -0.916626, -0.060913, -0.380981, 1.831055, -2.258301, -1.831055,riding
A, 661402, -0.972412, 0.237427, 0.005615, 1.220703, -0.122070, -3.479005,riding
B, 274955, -0.921021, -0.064575, -0.367065, 1.770020, -2.685547, -1.831055,riding
A, 661422, -0.974365, 0.228760, -0.004150, 1.281738, -0.183106, -3.662110,riding
B, 274975, -0.925049, -0.068481, -0.356445, 1.831055, -2.990724, -1.770020,riding
A, 661442, -0.975098, 0.227295, -0.006348, 0.793457, -0.244141, -4.089355,riding
B, 274995, -0.925781, -0.072144, -0.349976, 1.525879, -3.417970, -1.770020,riding
A, 661462, -0.975830, 0.220947, -0.000732, 1.037598, -0.427246, -4.394531,riding
B, 275015, -0.927124, -0.069458, -0.350098, 1.831055, -3.601075, -1.586915,riding
A, 661482, -0.977783, 0.209595, 0.008911, 1.098633, -0.427246, -4.699707,riding
B, 275035, -0.928467, -0.063721, -0.351563, 1.708985, -3.845216, -1.647950,riding
A, 661502, -0.978760, 0.201416, 0.005859, 1.403809, -0.488281, -4.882813,riding
B, 275055, -0.928711, -0.063599, -0.348633, 2.502441, -3.906251, -1.281738,riding
A, 661522, -0.981445, 0.182251, 0.000122, 2.380371, -0.793457, -4.882813,riding
B, 275075, -0.931519, -0.072510, -0.339111, 2.929688, -3.906251, -1.159668,riding
A, 661542, -0.985474, 0.162842, 0.002319, 1.464844, -0.671387, -4.516602,riding
B, 275095, -0.936401, -0.074219, -0.329712, 2.258301, -3.967286, -1.342773,riding
A, 661562, -0.984497, 0.170166, -0.002075, 1.098633, -0.671387, -4.638672,riding
B, 275115, -0.937866, -0.070435, -0.323242, 1.770020, -3.967286, -1.403809,riding
A, 661582, -0.984741, 0.166138, -0.001587, 1.647950, -0.854492, -4.699707,riding
B, 275135, -0.938599, -0.074341, -0.319458, 2.258301, -3.906251, -1.098633,riding
A, 661602, -0.986084, 0.163086, -0.001221, 1.831055, -0.915528, -4.943848,riding
B, 275155, -0.939575, -0.074341, -0.318481, 2.807618, -3.723145, -0.854492,riding
A, 661622, -0.990845, 0.138916, -0.010010, 3.234864, -1.220703, -4.943848,riding
B, 275175, -0.941895, -0.077637, -0.312988, 3.784181, -3.540040, -0.366211,riding
A, 661642, -0.995850, 0.110474, -0.015015, 2.685547, -1.281738, -4.516602,riding
B, 275195, -0.943726, -0.081421, -0.307007, 2.929688, -3.417970, -0.488281,riding
A, 661662, -0.997681, 0.103516, -0.020630, 2.441406, -1.464844, -4.028320,riding
B, 275215, -0.946167, -0.083862, -0.300293, 2.868653, -3.051759, -0.366211,riding
A, 661682, -0.998535, 0.094849, -0.016724, 2.136230, -1.525879, -3.540040,riding
B, 275235, -0.949097, -0.088135, -0.290161, 2.258301, -2.685547, -0.366211,riding
A, 661702, -0.998535, 0.091675, -0.021606, 1.525879, -1.586915, -3.051759,riding
B, 275255, -0.952515, -0.087036, -0.281738, 1.770020, -2.319336, -0.366211,riding
A, 661722, -1.004639, 0.067505, -0.025635, 1.708985, -1.831055, -2.746582,riding
B, 275275, -0.956665, -0.089478, -0.270630, 1.892090, -1.586915, 0.061035,riding
A, 661742, -1.008789, 0.046875, -0.029175, 1.098633, -1.892090, -2.075195,riding
B, 275295, -0.956909, -0.095581, -0.271240, 0.976563, -1.037598, -0.061035,riding
A, 661762, -1.009399, 0.041260, -0.025391, -0.366211, -1.892090, -1.098633,riding
B, 275315, -0.954834, -0.089355, -0.276367, -0.427246, -0.549316, -0.366211,riding
A, 661782, -1.006470, 0.057983, -0.020874, -0.854492, -2.014160, -0.244141,riding
B, 275335, -0.953735, -0.082886, -0.281128, -0.610352, 0.061035, -0.183106,riding
A, 661802, -1.005127, 0.064453, -0.012451, -0.610352, -2.258301, 0.366211,riding
B, 275355, -0.955444, -0.082886, -0.279053, -0.671387, 0.610352, 0.000000,riding
A, 661822, -1.005981, 0.060669, -0.013794, -0.366211, -2.380371, 0.793457,riding
B, 275375, -0.956299, -0.085205, -0.271606, -0.488281, 1.220703, 0.366211,riding
A, 661842, -1.006958, 0.052612, -0.025391, -0.610352, -2.380371, 1.403809,riding
B, 275395, -0.955811, -0.093506, -0.270874, -1.770020, 1.953125, 0.244141,riding
A, 661862, -1.004272, 0.068481, -0.036499, -2.136230, -2.441406, 2.197266,riding
B, 275415, -0.950195, -0.093384, -0.287476, -2.563477, 2.319336, 0.244141,riding
A, 661882, -0.995361, 0.112305, -0.031860, -2.868653, -2.807618, 2.746582,riding
B, 275435, -0.943359, -0.087769, -0.305298, -3.051759, 2.624512, 0.305176,riding
A, 661902, -0.990845, 0.137451, -0.007935, -3.051759, -2.990724, 3.051759,riding
B, 275455, -0.939087, -0.073853, -0.318848, -3.234864, 2.868653, 0.427246,riding
A, 661922, -0.986328, 0.157104, 0.014404, -2.624512, -3.112794, 3.173829,riding
B, 275475, -0.937012, -0.062378, -0.325317, -2.990724, 3.112794, 0.671387,riding
A, 661942, -0.983398, 0.168823, 0.023682, -2.258301, -3.112794, 3.173829,riding
B, 275495, -0.937378, -0.057739, -0.326538, -2.624512, 3.112794, 0.671387,riding
A, 661962, -0.983154, 0.172974, 0.034668, -2.319336, -2.990724, 3.112794,riding
B, 275515, -0.937622, -0.053955, -0.325317, -2.624512, 3.112794, 0.610352,riding
A, 661982, -0.980103, 0.185181, 0.046997, -2.685547, -2.746582, 2.990724,riding
B, 275535, -0.935181, -0.044189, -0.334717, -2.868653, 3.051759, 0.244141,riding
A, 662002, -0.977661, 0.194702, 0.060425, -2.563477, -2.502441, 2.807618,riding
B, 275555, -0.932129, -0.036011, -0.344360, -2.502441, 2.990724, 0.061035,riding
A, 662022, -0.977295, 0.197754, 0.062744, -1.831055, -2.319336, 2.624512,riding
B, 275575, -0.930664, -0.038086, -0.348022, -1.586915, 2.929688, 0.183106,riding
A, 662042, -0.979492, 0.187012, 0.048218, -0.610352, -2.319336, 2.563477,riding
B, 275595, -0.932617, -0.046753, -0.343262, -0.793457, 2.990724, 0.305176,riding
A, 662062, -0.984253, 0.166626, 0.026245, 0.000000, -2.319336, 2.746582,riding
B, 275615, -0.935181, -0.056152, -0.334106, -0.488281, 3.051759, 0.244141,riding
A, 662082, -0.983154, 0.171265, 0.035156, -1.403809, -2.014160, 3.051759,riding
B, 275635, -0.935669, -0.055542, -0.331055, -1.403809, 2.929688, -0.183106,riding
A, 662102, -0.977295, 0.202881, 0.055298, -2.258301, -1.647950, 2.929688,riding
B, 275655, -0.932129, -0.038208, -0.343750, -2.075195, 2.807618, -0.732422,riding
A, 662122, -0.972046, 0.225220, 0.067871, -1.708985, -1.403809, 2.441406,riding
B, 275675, -0.928345, -0.035522, -0.354858, -1.525879, 2.685547, -0.854492,riding
A, 662142, -0.971802, 0.230469, 0.064575, -1.220703, -1.220703, 2.136230,riding
B, 275695, -0.923096, -0.036865, -0.366333, -1.220703, 2.441406, -1.037598,riding
A, 662162, -0.976440, 0.207764, 0.080688, -2.075195, -0.854492, 1.586915,riding
B, 275715, -0.929932, -0.021362, -0.351685, -2.441406, 2.624512, -1.953125,riding
A, 662182, -0.972046, 0.222534, 0.103882, -4.211426, 0.122070, 2.990724,riding
B, 275735, -0.927002, -0.020142, -0.369995, -3.356935, 1.647950, -2.807618,riding
A, 662202, -0.964966, 0.261963, 0.100220, -2.136230, 0.183106, 0.915528,riding
B, 275755, -0.917603, -0.014648, -0.372437, -0.549316, 1.953125, -2.258301,riding
A, 662222, -0.972412, 0.225586, 0.126343, -0.549316, 0.549316, 1.342773,riding
B, 275775, -0.935303, -0.013306, -0.353394, -0.915528, 1.831055, -3.051759,riding
A, 662242, -0.988037, 0.143799, 0.101563, -3.356935, 2.136230, 1.586915,riding
B, 275795, -0.942871, -0.037964, -0.323120, -3.417970, 1.464844, -4.760742,riding
A, 662262, -0.981934, 0.181396, 0.046265, -10.498047, 3.723145, 2.319336,riding
B, 275815, -0.925049, -0.075439, -0.355835, -10.620117, 0.732422, -7.751467,riding
A, 662282, -0.955322, 0.342896, -0.036743, -16.357422, 4.882813, 2.746582,riding
B, 275835, -0.898926, -0.091675, -0.423584, -14.648441, -0.305176, -9.094238,riding
A, 662302, -0.933350, 0.451050, -0.118164, -6.408693, 2.258301, -0.732422,riding
B, 275855, -0.890381, -0.067749, -0.441650, -1.708985, 0.183106, -3.845216,riding
A, 662322, -0.967407, 0.279785, -0.007080, 6.225588, -0.793457, -2.319336,riding
B, 275875, -0.910522, -0.070068, -0.399048, 4.882813, -0.305176, -1.037598,riding
A, 662342, -0.972900, 0.247314, -0.017456, -2.014160, 1.098633, -1.525879,riding
B, 275895, -0.908813, -0.077393, -0.399536, -0.793457, -1.037598, -3.051759,riding
A, 662362, -0.972656, 0.249023, -0.059204, 5.249023, -0.976563, -2.197266,riding
B, 275915, -0.914063, -0.090332, -0.382568, 5.432129, -0.915528, -0.488281,riding
A, 662382, -0.979126, 0.211792, -0.007446, 4.028320, -0.854492, -1.892090,riding
B, 275935, -0.929565, -0.063599, -0.349121, 3.540040, -1.281738, -0.976563,riding
A, 662402, -0.979004, 0.203857, 0.030396, 4.394531, -0.915528, -2.502441,riding
B, 275955, -0.936035, -0.057373, -0.333618, 4.577637, -1.403809, -0.610352,riding
A, 662422, -0.982178, 0.183960, 0.025269, 2.014160, -0.244141, -2.685547,riding
B, 275975, -0.933716, -0.076172, -0.334351, 2.258301, -1.586915, -1.586915,riding
A, 662442, -0.981079, 0.194946, 0.003906, -0.488281, 0.305176, -2.563477,riding
B, 275995, -0.928833, -0.076904, -0.349609, 0.183106, -1.770020, -2.441406,riding
A, 662462, -0.980957, 0.197510, 0.000732, 0.427246, 0.122070, -2.563477,riding
B, 276015, -0.926025, -0.064453, -0.360107, 1.037598, -1.770020, -2.075195,riding
A, 662482, -0.983276, 0.190308, -0.007202, 1.464844, -0.183106, -2.502441,riding
B, 276035, -0.925781, -0.067993, -0.362427, 2.014160, -1.647950, -1.647950,riding
A, 662502, -0.985229, 0.177490, -0.013062, 2.075195, -0.427246, -2.197266,riding
B, 276055, -0.929321, -0.088501, -0.347656, 2.197266, -1.647950, -1.464844,riding
A, 662522, -0.984497, 0.183105, -0.025269, 1.098633, -0.244141, -1.953125,riding
B, 276075, -0.929565, -0.095703, -0.340576, 0.976563, -1.708985, -1.708985,riding
A, 662542, -0.979736, 0.201782, -0.039063, 0.000000, -0.305176, -2.014160,riding
B, 276095, -0.932007, -0.093018, -0.337646, 0.305176, -1.892090, -1.770020,riding
A, 662562, -0.978760, 0.213745, -0.038818, -0.610352, -0.549316, -2.502441,riding
B, 276115, -0.929321, -0.089844, -0.341553, 0.000000, -2.014160, -1.586915,riding
A, 662582, -0.979370, 0.205200, -0.019043, -0.488281, -0.854492, -2.990724,riding
B, 276135, -0.926514, -0.085693, -0.351196, 0.061035, -2.197266, -1.403809,riding
A, 662602, -0.979980, 0.203003, 0.002563, -0.793457, -0.915528, -2.929688,riding
B, 276155, -0.923462, -0.070679, -0.363770, -0.244141, -2.319336, -1.525879,riding
A, 662622, -0.979248, 0.200073, 0.017944, 0.732422, -1.098633, -2.868653,riding
B, 276175, -0.923584, -0.060791, -0.366455, 0.976563, -2.258301, -1.037598,riding
A, 662642, -0.982300, 0.189331, 0.030762, 1.770020, -1.159668, -2.807618,riding
B, 276195, -0.931274, -0.057129, -0.344238, 2.624512, -2.136230, -0.671387,riding
A, 662662, -0.983643, 0.175659, 0.030884, 3.173829, -1.220703, -2.929688,riding
B, 276215, -0.939087, -0.064209, -0.323486, 3.784181, -1.953125, -0.366211,riding
A, 662682, -0.987793, 0.155029, 0.015381, 3.295899, -1.037598, -2.929688,riding
B, 276235, -0.943115, -0.075928, -0.310791, 3.356935, -1.831055, -0.610352,riding
A, 662702, -0.990723, 0.136597, -0.013794, 2.868653, -0.976563, -3.051759,riding
B, 276255, -0.944336, -0.087158, -0.306274, 3.540040, -1.525879, -0.427246,riding
A, 662722, -0.999146, 0.100220, -0.042114, 4.211426, -1.403809, -2.868653,riding
B, 276275, -0.944214, -0.101440, -0.304565, 4.394531, -1.037598, 0.122070,riding
A, 662742, -1.007935, 0.061401, -0.052612, 3.356935, -1.586915, -2.014160,riding
B, 276295, -0.946777, -0.106689, -0.299072, 2.868653, -0.488281, -0.122070,riding
A, 662762, -1.012207, 0.034180, -0.056030, 1.403809, -1.770020, -0.244141,riding
B, 276315, -0.954224, -0.104370, -0.281372, 1.098633, 0.427246, -0.122070,riding
A, 662782, -1.011230, 0.036011, -0.041992, -0.244141, -1.831055, 0.854492,riding
B, 276335, -0.956177, -0.103760, -0.272705, -0.549316, 1.037598, -0.427246,riding
A, 662802, -1.005249, 0.065063, -0.032471, -1.037598, -1.831055, 1.525879,riding
B, 276355, -0.954834, -0.096802, -0.275391, -1.037598, 1.770020, -0.366211,riding
A, 662822, -1.002441, 0.079468, -0.002930, -1.220703, -1.953125, 2.075195,riding
B, 276375, -0.953003, -0.081421, -0.285522, -1.647950, 2.258301, -0.427246,riding
A, 662842, -0.998169, 0.097900, 0.023804, -2.563477, -1.586915, 2.441406,riding
B, 276395, -0.948364, -0.062988, -0.303345, -2.502441, 2.807618, -0.854492,riding
A, 662862, -0.996338, 0.107300, 0.031982, -2.014160, -1.525879, 2.990724,riding
B, 276415, -0.942505, -0.063354, -0.318726, -2.075195, 3.295899, -0.793457,riding
A, 662882, -0.994385, 0.118408, 0.012939, -2.563477, -1.159668, 3.662110,riding
B, 276435, -0.937134, -0.075562, -0.328369, -2.746582, 3.601075, -1.098633,riding
A, 662902, -0.990112, 0.142456, -0.007690, -2.624512, -1.281738, 4.150391,riding
B, 276455, -0.935059, -0.075317, -0.331543, -2.685547, 4.089355, -1.037598,riding
A, 662922, -0.985962, 0.163452, -0.004272, -2.624512, -1.342773, 4.394531,riding
B, 276475, -0.934326, -0.075195, -0.333008, -2.807618, 4.150391, -1.037598,riding
A, 662942, -0.982178, 0.186401, -0.000366, -2.441406, -1.403809, 4.150391,riding
B, 276495, -0.931519, -0.078369, -0.336060, -2.624512, 4.272461, -0.915528,riding
A, 662962, -0.980225, 0.194946, 0.002808, -3.417970, -1.159668, 4.150391,riding
B, 276515, -0.929443, -0.078369, -0.346069, -3.662110, 4.211426, -1.342773,riding
A, 662982, -0.974365, 0.216797, 0.000366, -3.967286, -1.159668, 4.211426,riding
B, 276535, -0.920898, -0.069702, -0.365723, -4.089355, 3.967286, -1.464844,riding
A, 663002, -0.971069, 0.239136, 0.024170, -3.967286, -1.159668, 4.089355,riding
B, 276555, -0.914551, -0.061157, -0.384521, -4.028320, 3.906251, -1.525879,riding
A, 663022, -0.963135, 0.279419, 0.050659, -4.455566, -0.793457, 4.089355,riding
B, 276575, -0.910278, -0.048706, -0.401978, -4.455566, 3.417970, -1.953125,riding
A, 663042, -0.958862, 0.306152, 0.049194, -2.319336, -0.793457, 3.234864,riding
B, 276595, -0.909668, -0.045044, -0.401855, -1.342773, 2.929688, -1.220703,riding
A, 663062, -0.959473, 0.302368, 0.032959, -1.403809, -0.793457, 2.502441,riding
B, 276615, -0.909058, -0.059082, -0.398560, -2.075195, 2.380371, -1.708985,riding
A, 663082, -0.958618, 0.309448, 0.020874, -2.990724, -0.488281, 1.953125,riding
B, 276635, -0.907471, -0.062134, -0.403076, -2.685547, 1.708985, -2.136230,riding
A, 663102, -0.956177, 0.322266, 0.039429, -0.915528, -0.549316, 0.610352,riding
B, 276655, -0.905762, -0.051270, -0.410522, -0.854492, 1.159668, -1.708985,riding
A, 663122, -0.958618, 0.310425, 0.047485, -0.244141, -0.305176, -0.061035,riding
B, 276675, -0.904785, -0.044922, -0.415771, -0.061035, 0.671387, -1.647950,riding
A, 663142, -0.958984, 0.304321, 0.032104, 0.244141, -0.305176, -0.488281,riding
B, 276695, -0.903687, -0.048706, -0.416382, 0.427246, 0.122070, -1.770020,riding
A, 663162, -0.959961, 0.305786, 0.015991, 0.488281, -0.183106, -1.037598,riding
B, 276715, -0.903931, -0.068970, -0.410767, 1.098633, -0.610352, -1.770020,riding
A, 663182, -0.960449, 0.300415, 0.009033, 0.976563, -0.244141, -1.403809,riding
B, 276735, -0.908203, -0.071411, -0.402710, 1.037598, -1.220703, -1.892090,riding
A, 663202, -0.959717, 0.306274, 0.000977, 0.122070, 0.000000, -2.197266,riding
B, 276755, -0.908813, -0.070068, -0.398315, 0.793457, -1.770020, -2.014160,riding
A, 663222, -0.960205, 0.307617, -0.018188, 1.037598, -0.305176, -2.929688,riding
B, 276775, -0.908569, -0.079834, -0.399048, 1.586915, -2.258301, -1.647950,riding
A, 663242, -0.962402, 0.297363, -0.007813, 0.366211, -0.305176, -3.540040,riding
B, 276795, -0.907349, -0.080688, -0.403931, 0.854492, -2.929688, -1.953125,riding
A, 663262, -0.962769, 0.293457, -0.003906, 1.098633, -0.366211, -4.211426,riding
B, 276815, -0.906860, -0.070679, -0.403931, 2.380371, -3.173829, -1.403809,riding
A, 663282, -0.970825, 0.250854, -0.008179, 3.479005, -0.915528, -4.821777,riding
B, 276835, -0.911743, -0.072144, -0.393188, 3.845216, -3.417970, -0.793457,riding
A, 663302, -0.974243, 0.231689, -0.002075, 3.234864, -0.976563, -4.699707,riding
B, 276855, -0.919189, -0.077759, -0.374146, 3.723145, -3.845216, -0.915528,riding
A, 663322, -0.975342, 0.225220, 0.003296, 2.929688, -0.793457, -4.882813,riding
B, 276875, -0.922974, -0.078491, -0.362427, 3.601075, -3.967286, -0.976563,riding
A, 663342, -0.976196, 0.215454, -0.007813, 3.479005, -0.854492, -5.126953,riding
B, 276895, -0.926270, -0.080933, -0.353271, 4.150391, -3.967286, -0.671387,riding
A, 663362, -0.980835, 0.197632, -0.015381, 3.112794, -0.915528, -5.187988,riding
B, 276915, -0.926758, -0.088745, -0.350708, 3.295899, -4.211426, -0.976563,riding
A, 663382, -0.981934, 0.191528, -0.020508, 1.037598, -0.610352, -5.126953,riding
B, 276935, -0.926392, -0.092041, -0.350830, 1.770020, -4.272461, -1.464844,riding
A, 663402, -0.981934, 0.188965, -0.029663, 1.770020, -0.793457, -5.126953,riding
B, 276955, -0.926758, -0.092773, -0.349609, 2.624512, -4.150391, -1.037598,riding
A, 663422, -0.985718, 0.170044, -0.032227, 2.868653, -1.220703, -5.065918,riding
B, 276975, -0.928467, -0.089844, -0.342285, 3.601075, -3.845216, -0.366211,riding
A, 663442, -0.988281, 0.157104, -0.028076, 3.051759, -1.403809, -4.821777,riding
B, 276995, -0.932739, -0.089478, -0.334839, 3.601075, -3.662110, -0.244141,riding
A, 663462, -0.990967, 0.145142, -0.021484, 4.028320, -1.831055, -4.516602,riding
B, 277015, -0.936646, -0.090942, -0.326172, 4.516602, -3.356935, 0.244141,riding
A, 663482, -0.994385, 0.128174, -0.021484, 4.272461, -1.892090, -4.211426,riding
B, 277035, -0.940674, -0.092651, -0.314697, 4.455566, -3.051759, 0.366211,riding
A, 663502, -0.995972, 0.114990, -0.024048, 2.990724, -1.770020, -3.784181,riding
B, 277055, -0.942627, -0.093994, -0.309326, 3.234864, -2.746582, 0.000000,riding
A, 663522, -0.997070, 0.110596, -0.026489, 1.525879, -1.647950, -3.356935,riding
B, 277075, -0.943237, -0.098267, -0.306885, 1.953125, -2.441406, -0.305176,riding
A, 663542, -0.998169, 0.102905, -0.019531, 0.793457, -1.586915, -2.807618,riding
B, 277095, -0.943970, -0.096313, -0.305908, 1.159668, -2.075195, -0.488281,riding
A, 663562, -0.999390, 0.098389, -0.020630, 0.488281, -1.525879, -2.380371,riding
B, 277115, -0.944946, -0.089355, -0.304688, 1.098633, -1.281738, -0.305176,riding
A, 663582, -1.002319, 0.086792, -0.027832, 1.281738, -1.831055, -1.831055,riding
B, 277135, -0.947266, -0.095825, -0.300049, 1.647950, -0.671387, 0.061035,riding
A, 663602, -1.005859, 0.067749, -0.034180, 1.708985, -2.075195, -1.159668,riding
B, 277155, -0.949829, -0.103882, -0.292236, 1.525879, 0.000000, 0.305176,riding
A, 663622, -1.007935, 0.052979, -0.033325, 0.793457, -2.014160, 0.305176,riding
B, 277175, -0.950928, -0.104858, -0.288086, -0.305176, 0.488281, -0.244141,riding
A, 663642, -1.002441, 0.079712, -0.034058, -2.197266, -1.770020, 1.098633,riding
B, 277195, -0.949463, -0.098267, -0.290649, -2.075195, 1.037598, -0.610352,riding
A, 663662, -0.999390, 0.098389, -0.032227, -1.953125, -2.014160, 1.525879,riding
B, 277215, -0.947388, -0.096313, -0.296631, -1.953125, 1.586915, -0.366211,riding
A, 663682, -0.997681, 0.104614, -0.029419, -2.258301, -2.014160, 1.953125,riding
B, 277235, -0.943604, -0.100220, -0.306274, -2.258301, 2.014160, -0.244141,riding
A, 663702, -0.995361, 0.118774, -0.028687, -3.479005, -1.953125, 2.502441,riding
B, 277255, -0.937134, -0.092773, -0.323364, -3.601075, 2.502441, -0.549316,riding
A, 663722, -0.991455, 0.140747, -0.029663, -3.540040, -2.136230, 2.929688,riding
B, 277275, -0.934082, -0.089844, -0.333862, -3.784181, 2.807618, -0.427246,riding
A, 663742, -0.987305, 0.160767, -0.018799, -3.784181, -2.258301, 3.295899,riding
B, 277295, -0.930542, -0.086548, -0.342285, -4.089355, 2.868653, -0.427246,riding
A, 663762, -0.982056, 0.189575, -0.005493, -4.455566, -2.197266, 3.417970,riding
B, 277315, -0.926636, -0.080688, -0.351929, -4.760742, 2.929688, -0.610352,riding
A, 663782, -0.976074, 0.219238, -0.002075, -4.272461, -2.197266, 3.234864,riding
B, 277335, -0.925049, -0.074585, -0.358276, -4.150391, 2.868653, -0.366211,riding
A, 663802, -0.973755, 0.233887, 0.005615, -2.929688, -2.441406, 2.685547,riding
B, 277355, -0.922363, -0.071655, -0.364502, -3.173829, 2.746582, -0.061035,riding
A, 663822, -0.972168, 0.239014, 0.019531, -3.356935, -2.258301, 2.502441,riding
B, 277375, -0.917236, -0.065674, -0.378662, -3.540040, 2.319336, -0.366211,riding
A, 663842, -0.968872, 0.252441, 0.029297, -3.295899, -2.136230, 2.258301,riding
B, 277395, -0.916870, -0.057129, -0.385376, -3.234864, 2.197266, -0.427246,riding
A, 663862, -0.968750, 0.256226, 0.023071, -1.831055, -2.197266, 1.892090,riding
B, 277415, -0.915771, -0.057373, -0.385620, -1.647950, 1.953125, 0.000000,riding
A, 663882, -0.969971, 0.252563, 0.026367, -1.403809, -2.197266, 1.647950,riding
B, 277435, -0.916870, -0.061646, -0.383789, -1.831055, 1.647950, -0.244141,riding
A, 663902, -0.966187, 0.266113, 0.038940, -2.441406, -1.892090, 1.342773,riding
B, 277455, -0.916504, -0.055664, -0.384155, -2.380371, 1.281738, -0.671387,riding
A, 663922, -0.964233, 0.278442, 0.044189, -1.525879, -1.708985, 0.793457,riding
B, 277475, -0.916138, -0.050781, -0.386475, -1.281738, 0.915528, -0.610352,riding
A, 663942, -0.963135, 0.279297, 0.038574, -0.671387, -1.586915, 0.183106,riding
B, 277495, -0.913574, -0.055176, -0.390625, -0.732422, 0.549316, -0.610352,riding
A, 663962, -0.964111, 0.278442, 0.028198, -1.037598, -1.342773, -0.183106,riding
B, 277515, -0.909180, -0.059082, -0.403687, -1.159668, -0.183106, -1.159668,riding
A, 663982, -0.961426, 0.297607, 0.014038, -0.488281, -1.220703, -0.915528,riding
B, 277535, -0.908203, -0.061768, -0.405640, -0.061035, -0.488281, -0.732422,riding
A, 664002, -0.965576, 0.276978, 0.003052, 1.403809, -1.586915, -1.708985,riding
B, 277555, -0.912720, -0.070190, -0.392822, 1.403809, -0.793457, -0.366211,riding
A, 664022, -0.971680, 0.250488, 0.000977, 0.610352, -1.464844, -1.770020,riding
B, 277575, -0.916748, -0.075562, -0.379883, 0.671387, -1.281738, -0.671387,riding
A, 664042, -0.970581, 0.252930, 0.008545, -0.488281, -1.281738, -2.014160,riding
B, 277595, -0.917603, -0.070190, -0.376465, -0.122070, -1.647950, -0.976563,riding
A, 664062, -0.969238, 0.257568, 0.015869, -0.061035, -1.220703, -2.502441,riding
B, 277615, -0.917725, -0.066772, -0.378662, 0.366211, -1.831055, -0.915528,riding
A, 664082, -0.971313, 0.246460, 0.010498, 0.610352, -1.220703, -2.868653,riding
B, 277635, -0.918091, -0.067871, -0.378174, 0.915528, -2.136230, -0.793457,riding
A, 664102, -0.973511, 0.236084, 0.004395, 0.366211, -1.220703, -2.990724,riding
B, 277655, -0.918091, -0.068848, -0.380127, 0.488281, -2.441406, -1.037598,riding
A, 664122, -0.973022, 0.235718, 0.013916, -0.122070, -1.159668, -3.051759,riding
B, 277675, -0.918945, -0.063843, -0.378540, 0.671387, -2.624512, -1.098633,riding
A, 664142, -0.972534, 0.238892, 0.024292, 0.488281, -1.098633, -3.173829,riding
B, 277695, -0.920654, -0.064087, -0.373779, 1.159668, -2.746582, -1.037598,riding
A, 664162, -0.973999, 0.234863, 0.010864, 0.549316, -0.854492, -3.601075,riding
B, 277715, -0.921631, -0.069824, -0.366699, 1.098633, -2.929688, -1.159668,riding
A, 664182, -0.973633, 0.232422, -0.010132, 1.098633, -0.976563, -3.967286,riding
B, 277735, -0.921021, -0.076904, -0.364746, 1.525879, -3.173829, -1.037598,riding
A, 664202, -0.974854, 0.225586, -0.004150, 0.366211, -0.915528, -4.028320,riding
B, 277755, -0.921631, -0.079834, -0.366699, 1.037598, -3.417970, -1.220703,riding
A, 664222, -0.973633, 0.237915, 0.000488, -0.305176, -0.793457, -4.211426,riding
B, 277775, -0.918701, -0.073120, -0.375854, 0.793457, -3.723145, -1.281738,riding
A, 664242, -0.973022, 0.237305, -0.004395, 0.732422, -0.976563, -4.516602,riding
B, 277795, -0.918457, -0.076782, -0.375977, 1.525879, -3.906251, -0.976563,riding
A, 664262, -0.973511, 0.234497, -0.014771, 1.281738, -1.159668, -4.760742,riding
B, 277815, -0.919800, -0.080200, -0.371704, 2.136230, -4.089355, -0.732422,riding
A, 664282, -0.974121, 0.229858, -0.019043, 1.892090, -1.464844, -4.882813,riding
B, 277835, -0.921387, -0.084229, -0.363892, 2.441406, -4.272461, -0.549316,riding
A, 664302, -0.974976, 0.226318, -0.017700, 1.586915, -1.403809, -5.187988,riding
B, 277855, -0.922119, -0.087646, -0.358276, 2.136230, -4.516602, -0.549316,riding
A, 664322, -0.975220, 0.222900, -0.021606, 1.037598, -1.525879, -5.554201,riding
B, 277875, -0.924072, -0.087891, -0.354492, 1.770020, -4.699707, -0.549316,riding
A, 664342, -0.978394, 0.210205, -0.026367, 1.098633, -1.586915, -5.798342,riding
B, 277895, -0.925903, -0.086182, -0.351929, 1.525879, -4.882813, -0.488281,riding
A, 664362, -0.984497, 0.182983, -0.036865, 2.990724, -2.136230, -6.225588,riding
B, 277915, -0.929688, -0.089966, -0.340698, 4.089355, -4.638672, 0.671387,riding
A, 664382, -0.991211, 0.143433, -0.034912, 4.333496, -2.685547, -5.737307,riding
B, 277935, -0.934448, -0.096680, -0.332153, 4.028320, -4.577637, 0.854492,riding
A, 664402, -0.992798, 0.129272, -0.026611, 2.075195, -2.441406, -5.249023,riding
B, 277955, -0.936646, -0.091187, -0.322266, 2.258301, -4.455566, 0.427246,riding
A, 664422, -0.990967, 0.138550, -0.025024, 2.563477, -2.685547, -5.004883,riding
B, 277975, -0.941650, -0.085327, -0.312500, 3.234864, -4.028320, 0.976563,riding
A, 664442, -0.995361, 0.116089, -0.026611, 4.821777, -3.234864, -4.943848,riding
B, 277995, -0.945679, -0.091797, -0.298584, 5.065918, -3.601075, 1.831055,riding
A, 664462, -1.000122, 0.086304, -0.029541, 4.211426, -3.295899, -4.638672,riding
B, 278015, -0.949097, -0.098999, -0.291138, 3.845216, -3.173829, 1.586915,riding
A, 664482, -1.003052, 0.074951, -0.023315, 1.708985, -2.990724, -3.662110,riding
B, 278035, -0.949829, -0.089355, -0.292480, 0.549316, -2.685547, 0.671387,riding
A, 664502, -1.002197, 0.085693, -0.012207, 0.305176, -2.929688, -2.746582,riding
B, 278055, -0.949585, -0.082886, -0.294189, 0.488281, -2.258301, 0.854492,riding
A, 664522, -1.001587, 0.087036, -0.011841, 0.671387, -2.990724, -2.319336,riding
B, 278075, -0.949219, -0.085815, -0.295532, 0.610352, -1.647950, 0.976563,riding
A, 664542, -1.001953, 0.084106, -0.016479, 0.183106, -2.990724, -1.770020,riding
B, 278095, -0.949829, -0.086914, -0.292236, 0.122070, -1.159668, 0.915528,riding
A, 664562, -1.002197, 0.077637, -0.012817, 0.000000, -3.112794, -1.098633,riding
B, 278115, -0.949951, -0.084595, -0.289307, -0.122070, -0.732422, 0.915528,riding
A, 664582, -1.001709, 0.082886, 0.002075, -1.220703, -2.990724, -0.549316,riding
B, 278135, -0.950806, -0.079102, -0.291260, -1.281738, -0.244141, 0.610352,riding
A, 664602, -0.997803, 0.100586, 0.008057, -1.647950, -2.868653, -0.061035,riding
B, 278155, -0.949829, -0.072754, -0.296631, -1.708985, 0.122070, 0.488281,riding
A, 664622, -0.997437, 0.104736, 0.003784, -0.976563, -2.990724, 0.305176,riding
B, 278175, -0.947510, -0.074463, -0.303589, -1.220703, 0.793457, 0.732422,riding
A, 664642, -0.996826, 0.105103, 0.007813, -1.342773, -2.929688, 0.793457,riding
B, 278195, -0.946289, -0.069702, -0.305908, -1.831055, 1.159668, 0.488281,riding
A, 664662, -0.994751, 0.112549, 0.015747, -1.647950, -2.746582, 1.159668,riding
B, 278215, -0.946899, -0.065918, -0.306519, -1.403809, 1.586915, 0.610352,riding
A, 664682, -0.994507, 0.112915, 0.016602, -1.403809, -2.685547, 1.770020,riding
B, 278235, -0.944946, -0.070068, -0.307495, -1.647950, 1.892090, 0.427246,riding
A, 664702, -0.991821, 0.127686, 0.016235, -2.014160, -2.563477, 2.136230,riding
B, 278255, -0.942749, -0.065796, -0.312378, -2.258301, 2.136230, 0.244141,riding
A, 664722, -0.989746, 0.143433, 0.019043, -2.075195, -2.502441, 2.441406,riding
B, 278275, -0.940796, -0.065186, -0.319702, -2.197266, 2.380371, 0.244141,riding
B, 278295, -0.936768, -0.061646, -0.330200, -2.441406, 2.624512, 0.000000,riding
A, 664762, -0.981689, 0.181641, 0.030396, -1.403809, -2.441406, 2.502441,riding
B, 278315, -0.932007, -0.054565, -0.343262, -1.464844, 2.685547, 0.244141,riding
A, 664782, -0.981445, 0.186646, 0.033081, -1.220703, -2.319336, 2.502441,riding
B, 278335, -0.931152, -0.056763, -0.346558, -1.647950, 2.685547, 0.000000,riding
A, 664802, -0.979858, 0.193359, 0.033203, -1.464844, -2.136230, 2.563477,riding
B, 278355, -0.930542, -0.055298, -0.347778, -1.708985, 2.563477, -0.183106,riding
A, 664822, -0.978394, 0.204346, 0.039795, -1.892090, -1.892090, 2.441406,riding
B, 278375, -0.930176, -0.050415, -0.349487, -1.953125, 2.502441, -0.488281,riding
A, 664842, -0.976440, 0.212524, 0.039917, -1.525879, -1.770020, 2.197266,riding
B, 278395, -0.929199, -0.051514, -0.350830, -1.342773, 2.441406, -0.427246,riding
A, 664862, -0.977905, 0.206055, 0.030273, -1.281738, -1.647950, 2.014160,riding
B, 278415, -0.927124, -0.056519, -0.354980, -1.159668, 2.319336, -0.488281,riding
A, 664882, -0.975464, 0.221802, 0.030273, -1.892090, -1.342773, 1.953125,riding
B, 278435, -0.923218, -0.054810, -0.366333, -1.708985, 2.075195, -0.854492,riding
A, 664902, -0.974609, 0.228394, 0.019165, -1.159668, -1.403809, 1.708985,riding
B, 278455, -0.921631, -0.059570, -0.367798, -1.037598, 1.892090, -0.732422,riding
A, 664922, -0.973511, 0.233398, 0.019287, -1.647950, -1.342773, 1.647950,riding
B, 278475, -0.922119, -0.058838, -0.368896, -1.708985, 1.586915, -1.037598,riding
A, 664942, -0.970581, 0.250732, 0.025513, -1.708985, -1.220703, 1.220703,riding
B, 278495, -0.921265, -0.055908, -0.371338, -1.281738, 1.342773, -0.976563,riding
A, 664962, -0.970093, 0.250977, 0.027222, -0.976563, -1.281738, 0.793457,riding
B, 278515, -0.919922, -0.058472, -0.373047, -0.976563, 1.037598, -0.976563,riding
A, 664982, -0.968018, 0.262207, 0.024048, -1.770020, -0.976563, 0.549316,riding
B, 278535, -0.916260, -0.056641, -0.384155, -1.586915, 0.549316, -1.403809,riding
A, 665002, -0.962891, 0.288940, 0.024170, -1.953125, -0.976563, 0.061035,riding
B, 278555, -0.911377, -0.052002, -0.396362, -1.464844, 0.061035, -1.403809,riding
A, 665022, -0.958130, 0.313599, 0.035034, -0.915528, -0.915528, -0.976563,riding
B, 278575, -0.908325, -0.050293, -0.403809, -0.427246, -0.732422, -1.281738,riding
A, 665042, -0.959106, 0.307251, 0.030762, -0.122070, -0.915528, -1.647950,riding
B, 278595, -0.910156, -0.052856, -0.400146, 0.244141, -1.342773, -1.220703,riding
A, 665062, -0.960083, 0.299316, 0.025269, -0.244141, -0.793457, -2.380371,riding
B, 278615, -0.911255, -0.054810, -0.395264, 0.183106, -1.892090, -1.403809,riding
A, 665082, -0.961304, 0.296997, 0.026978, -0.366211, -0.732422, -3.051759,riding
B, 278635, -0.911743, -0.054443, -0.392578, 0.244141, -2.563477, -1.464844,riding
A, 665102, -0.962891, 0.285034, 0.027344, 0.305176, -0.671387, -3.784181,riding
B, 278655, -0.913696, -0.056641, -0.389282, 0.854492, -3.051759, -1.464844,riding
A, 665122, -0.966064, 0.272705, 0.019897, 0.183106, -0.549316, -4.272461,riding
B, 278675, -0.914307, -0.059937, -0.386719, 0.732422, -3.540040, -1.586915,riding
A, 665142, -0.967773, 0.263428, 0.017334, 0.549316, -0.610352, -4.577637,riding
B, 278695, -0.917725, -0.056885, -0.382202, 1.342773, -4.150391, -1.525879,riding
A, 665162, -0.968750, 0.255615, 0.020264, 0.732422, -0.610352, -5.065918,riding
B, 278715, -0.918701, -0.061646, -0.376221, 1.586915, -4.516602, -1.525879,riding
A, 665182, -0.970337, 0.246826, 0.013672, 1.220703, -0.671387, -5.432129,riding
B, 278735, -0.923584, -0.067261, -0.363159, 2.319336, -4.638672, -1.281738,riding
B, 278755, -0.927246, -0.070190, -0.350464, 2.380371, -4.943848, -1.220703,riding
B, 278775, -0.929321, -0.069946, -0.343872, 2.136230, -5.004883, -1.281738,riding
B, 278795, -0.930054, -0.071777, -0.343384, 2.014160, -5.126953, -1.342773,riding
B, 278815, -0.928833, -0.068848, -0.346802, 2.075195, -5.187988, -1.281738,riding
B, 278835, -0.932373, -0.068359, -0.338379, 2.990724, -5.126953, -0.915528,riding
B, 278855, -0.934448, -0.077026, -0.330933, 2.990724, -5.065918, -0.854492,riding
A, 665202, -0.976440, 0.209839, 0.001587, 1.831055, -0.671387, -5.798342,riding
A, 665222, -0.979736, 0.193604, -0.001221, 1.342773, -0.793457, -6.042482,riding
A, 665242, -0.980835, 0.189209, 0.006470, 1.281738, -0.793457, -5.920412,riding
A, 665262, -0.980835, 0.187744, 0.010498, 1.342773, -0.793457, -5.920412,riding
A, 665282, -0.981689, 0.185059, 0.003540, 1.892090, -0.854492, -6.042482,riding
A, 665302, -0.984009, 0.172119, -0.004883, 2.441406, -1.037598, -5.981447,riding
A, 665322, -0.985596, 0.162354, -0.008179, 2.075195, -1.037598, -5.981447,riding
B, 278875, -0.937500, -0.080078, -0.321411, 2.929688, -5.004883, -0.793457,riding
A, 665342, -0.989258, 0.147461, -0.014038, 2.624512, -1.220703, -5.920412,riding
B, 278895, -0.940430, -0.083252, -0.311035, 3.234864, -4.821777, -0.549316,riding
B, 278915, -0.942871, -0.089966, -0.305176, 2.807618, -4.638672, -0.488281,riding
B, 278935, -0.944214, -0.090698, -0.301392, 2.380371, -4.333496, -0.427246,riding
B, 278955, -0.948120, -0.087158, -0.296631, 2.258301, -4.028320, -0.305176,riding
B, 278975, -0.949585, -0.086670, -0.289063, 2.380371, -3.356935, 0.061035,riding
B, 278995, -0.952271, -0.088257, -0.281616, 1.831055, -2.868653, 0.061035,riding
B, 279015, -0.954468, -0.089722, -0.276367, 1.525879, -2.380371, 0.122070,riding
A, 665362, -0.992676, 0.125000, -0.024048, 2.441406, -1.342773, -5.737307,riding
A, 665382, -0.996460, 0.107422, -0.027710, 1.770020, -1.586915, -5.249023,riding
A, 665402, -0.999512, 0.098022, -0.016113, 1.770020, -1.708985, -4.821777,riding
A, 665422, -1.000488, 0.086304, -0.022095, 1.953125, -1.892090, -4.394531,riding
A, 665442, -1.003174, 0.072388, -0.023315, 1.708985, -2.075195, -3.845216,riding
A, 665462, -1.003784, 0.065063, -0.021118, 1.281738, -2.136230, -3.173829,riding
A, 665482, -1.005371, 0.058105, -0.014648, 0.915528, -2.197266, -2.685547,riding
B, 279035, -0.956909, -0.087891, -0.272461, 0.976563, -1.831055, 0.122070,riding
A, 665502, -1.006592, 0.051636, -0.009888, 0.366211, -2.197266, -2.014160,riding
B, 279055, -0.958496, -0.081665, -0.269775, 0.427246, -1.281738, 0.122070,riding
A, 665522, -1.007446, 0.047607, -0.007446, -0.183106, -2.136230, -1.281738,riding
B, 279075, -0.957642, -0.082520, -0.270996, -0.183106, -0.671387, 0.000000,riding
A, 665542, -1.007202, 0.051514, -0.011963, -0.854492, -2.136230, -0.610352,riding
B, 279095, -0.955200, -0.087769, -0.276367, -0.671387, 0.183106, 0.061035,riding
A, 665562, -1.006226, 0.057617, -0.026611, -0.610352, -2.319336, 0.427246,riding
B, 279115, -0.953857, -0.090820, -0.278320, -0.854492, 0.793457, 0.244141,riding
A, 665582, -1.004761, 0.062744, -0.023071, -1.464844, -2.380371, 1.159668,riding
B, 279135, -0.953857, -0.085571, -0.278442, -1.647950, 1.281738, 0.183106,riding
A, 665602, -1.000854, 0.083374, -0.012695, -2.075195, -2.502441, 1.708985,riding
B, 279155, -0.952881, -0.081177, -0.284180, -2.136230, 1.708985, 0.122070,riding
A, 665622, -0.996826, 0.099243, -0.005981, -2.197266, -2.563477, 2.014160,riding
B, 279175, -0.949951, -0.080566, -0.290405, -2.380371, 2.136230, 0.244141,riding
A, 665642, -0.996094, 0.106445, -0.002075, -2.136230, -2.563477, 2.319336,riding
B, 279195, -0.947510, -0.076416, -0.296021, -2.441406, 2.502441, 0.305176,riding
A, 665662, -0.994385, 0.113525, 0.002441, -2.502441, -2.624512, 2.685547,riding
B, 279215, -0.944946, -0.071655, -0.304810, -2.746582, 2.746582, 0.183106,riding
A, 665682, -0.990967, 0.130371, 0.006470, -2.807618, -2.624512, 2.990724,riding
B, 279235, -0.940552, -0.066528, -0.318604, -2.868653, 3.112794, 0.244141,riding
A, 665702, -0.989624, 0.145020, 0.013916, -2.563477, -2.685547, 3.295899,riding
B, 279255, -0.938843, -0.066650, -0.323730, -2.868653, 3.234864, 0.244141,riding
A, 665722, -0.983154, 0.173340, 0.015259, -3.112794, -2.502441, 3.540040,riding
B, 279275, -0.936035, -0.063599, -0.328247, -3.295899, 3.234864, 0.000000,riding
A, 665742, -0.979004, 0.191284, 0.022339, -2.685547, -2.563477, 3.295899,riding
B, 279295, -0.934204, -0.057983, -0.333130, -2.929688, 3.234864, 0.122070,riding
A, 665762, -0.979126, 0.199585, 0.036133, -2.380371, -2.563477, 3.051759,riding
B, 279315, -0.933472, -0.054199, -0.340454, -2.624512, 3.173829, 0.122070,riding
A, 665782, -0.976196, 0.210449, 0.040039, -2.075195, -2.380371, 2.868653,riding
B, 279335, -0.928101, -0.050659, -0.349731, -2.380371, 2.990724, 0.061035,riding
A, 665802, -0.976196, 0.210693, 0.034180, -1.159668, -2.380371, 2.563477,riding
B, 279355, -0.927246, -0.049438, -0.354858, -1.403809, 2.868653, 0.183106,riding
A, 665822, -0.977783, 0.207642, 0.032471, -1.403809, -2.258301, 2.624512,riding
B, 279375, -0.927734, -0.051758, -0.355957, -1.831055, 2.685547, -0.122070,riding
A, 665842, -0.974854, 0.219727, 0.038696, -1.647950, -2.136230, 2.502441,riding
B, 279395, -0.926880, -0.050903, -0.358154, -1.586915, 2.380371, -0.183106,riding
A, 665862, -0.971191, 0.234985, 0.047363, -1.403809, -1.953125, 2.197266,riding
B, 279415, -0.924927, -0.045654, -0.361572, -1.586915, 2.136230, -0.366211,riding
A, 665882, -0.968506, 0.246704, 0.049805, -1.281738, -1.770020, 1.708985,riding
B, 279435, -0.924316, -0.039917, -0.363159, -1.159668, 1.892090, -0.488281,riding
A, 665902, -0.968750, 0.251953, 0.055176, -1.281738, -1.525879, 1.037598,riding
B, 279455, -0.922241, -0.041260, -0.369263, -1.098633, 1.525879, -0.671387,riding
A, 665922, -0.966675, 0.261841, 0.060547, -1.281738, -1.220703, 0.732422,riding
B, 279475, -0.918945, -0.039429, -0.378418, -1.159668, 1.037598, -1.037598,riding
A, 665942, -0.965576, 0.268677, 0.058716, -0.549316, -0.976563, 0.183106,riding
B, 279495, -0.916626, -0.037109, -0.382813, -0.183106, 0.549316, -1.098633,riding
A, 665962, -0.966064, 0.266479, 0.052490, -0.305176, -0.793457, -0.122070,riding
B, 279515, -0.918457, -0.041504, -0.381226, -0.122070, 0.061035, -1.342773,riding
A, 665982, -0.965698, 0.270996, 0.045898, -0.244141, -0.610352, -0.732422,riding
B, 279535, -0.918579, -0.044922, -0.377075, 0.183106, -0.427246, -1.464844,riding
A, 666002, -0.966919, 0.266846, 0.039185, 0.061035, -0.488281, -1.281738,riding
B, 279555, -0.921509, -0.050903, -0.372437, 0.305176, -0.793457, -1.586915,riding
A, 666022, -0.968750, 0.257202, 0.028687, 0.305176, -0.427246, -1.892090,riding
B, 279575, -0.921387, -0.052612, -0.369263, 0.732422, -1.220703, -1.586915,riding
A, 666042, -0.971313, 0.242310, 0.026733, 0.183106, -0.366211, -2.319336,riding
B, 279595, -0.921021, -0.053711, -0.369019, 0.549316, -1.586915, -1.831055,riding
A, 666062, -0.973511, 0.232788, 0.025024, 0.305176, -0.366211, -2.624512,riding
B, 279615, -0.923340, -0.054565, -0.365967, 0.976563, -1.770020, -1.708985,riding
A, 666082, -0.978760, 0.205200, 0.012817, 0.671387, -0.366211, -2.685547,riding
B, 279635, -0.926758, -0.066650, -0.355957, 1.037598, -2.075195, -1.770020,riding
A, 666102, -0.978882, 0.208862, 0.008423, 0.244141, -0.244141, -2.685547,riding
B, 279655, -0.927734, -0.063354, -0.351318, 0.854492, -2.197266, -1.831055,riding
A, 666122, -0.978760, 0.209106, 0.006226, 0.732422, -0.427246, -2.929688,riding
B, 279675, -0.929932, -0.066162, -0.346436, 1.342773, -2.258301, -1.586915,riding
A, 666142, -0.980469, 0.195679, 0.003296, 0.915528, -0.488281, -3.173829,riding
B, 279695, -0.931030, -0.072144, -0.341919, 1.403809, -2.380371, -1.586915,riding
A, 666162, -0.981934, 0.189697, -0.002319, 0.366211, -0.427246, -3.234864,riding
B, 279715, -0.931641, -0.072388, -0.341553, 0.854492, -2.502441, -1.647950,riding
A, 666182, -0.982666, 0.184692, -0.006470, 0.610352, -0.549316, -3.234864,riding
B, 279735, -0.931519, -0.071777, -0.341919, 1.159668, -2.441406, -1.464844,riding
A, 666202, -0.984985, 0.175415, -0.000977, 0.671387, -0.732422, -3.112794,riding
B, 279755, -0.931396, -0.071533, -0.342896, 0.976563, -2.502441, -1.464844,riding
A, 666222, -0.983643, 0.179565, 0.005859, 0.305176, -0.671387, -2.990724,riding
B, 279775, -0.931519, -0.067017, -0.341431, 1.098633, -2.441406, -1.342773,riding
A, 666242, -0.982910, 0.182129, 0.006958, 0.915528, -0.793457, -3.112794,riding
B, 279795, -0.934204, -0.068848, -0.333618, 1.708985, -2.380371, -1.098633,riding
A, 666262, -0.988281, 0.161255, -0.001465, 1.464844, -0.915528, -3.173829,riding
B, 279815, -0.937866, -0.072754, -0.323364, 1.831055, -2.258301, -0.976563,riding
A, 666282, -0.990112, 0.144165, -0.011108, 1.525879, -1.037598, -3.112794,riding
B, 279835, -0.940430, -0.079956, -0.316528, 1.892090, -2.136230, -0.854492,riding
A, 666302, -0.991943, 0.134033, -0.011841, 0.427246, -0.915528, -2.746582,riding
B, 279855, -0.939575, -0.082275, -0.316895, 0.854492, -2.075195, -1.159668,riding
A, 666322, -0.990845, 0.143066, -0.016113, 0.061035, -1.037598, -2.502441,riding
B, 279875, -0.938843, -0.079346, -0.322388, 0.488281, -1.892090, -1.098633,riding
A, 666342, -0.991455, 0.140259, -0.019653, 0.732422, -1.342773, -2.258301,riding
B, 279895, -0.937744, -0.083130, -0.321045, 0.854492, -1.525879, -0.732422,riding
A, 666362, -0.992188, 0.136108, -0.016846, 0.183106, -1.403809, -1.892090,riding
B, 279915, -0.940552, -0.079712, -0.316650, 0.305176, -1.342773, -0.732422,riding
A, 666382, -0.992554, 0.135620, -0.011841, 0.305176, -1.525879, -1.831055,riding
B, 279935, -0.943237, -0.077393, -0.309326, 0.732422, -1.037598, -0.488281,riding
A, 666402, -0.993530, 0.126709, -0.008545, 0.183106, -1.586915, -1.464844,riding
B, 279955, -0.944214, -0.082397, -0.307129, -0.061035, -0.915528, -0.610352,riding
A, 666422, -0.992065, 0.135620, -0.008545, -0.549316, -1.586915, -1.098633,riding
B, 279975, -0.942505, -0.079102, -0.313110, -0.366211, -0.671387, -0.549316,riding
A, 666442, -0.992188, 0.134888, -0.006592, -0.427246, -1.647950, -0.976563,riding
B, 279995, -0.940430, -0.075073, -0.318237, -0.305176, -0.427246, -0.427246,riding
A, 666462, -0.993774, 0.131104, -0.004150, -0.366211, -1.831055, -0.610352,riding
B, 280015, -0.939819, -0.076416, -0.320190, -0.488281, -0.183106, -0.427246,riding
A, 666482, -0.990356, 0.141846, 0.002686, -1.281738, -1.708985, -0.183106,riding
B, 280035, -0.938232, -0.071167, -0.322632, -0.976563, 0.000000, -0.549316,riding
A, 666502, -0.987427, 0.159058, 0.006226, -0.488281, -1.892090, -0.122070,riding
B, 280055, -0.938599, -0.068726, -0.323364, -0.305176, 0.244141, -0.244141,riding
A, 666522, -0.987915, 0.155762, 0.008057, -0.549316, -1.831055, -0.122070,riding
B, 280075, -0.938599, -0.071411, -0.320557, -0.671387, 0.305176, -0.366211,riding
A, 666542, -0.986816, 0.161499, 0.005615, -0.915528, -1.831055, -0.061035,riding
B, 280095, -0.938599, -0.069336, -0.324341, -0.671387, 0.305176, -0.366211,riding
A, 666562, -0.987427, 0.160767, 0.006836, -0.671387, -1.831055, -0.061035,riding
B, 280115, -0.937378, -0.069092, -0.327393, -0.671387, 0.488281, -0.305176,riding
A, 666582, -0.987427, 0.158936, 0.009766, -0.976563, -1.831055, 0.183106,riding
B, 280135, -0.935913, -0.066528, -0.331787, -0.976563, 0.488281, -0.427246,riding
A, 666602, -0.985962, 0.163818, 0.014648, -0.732422, -1.892090, 0.366211,riding
B, 280155, -0.935425, -0.065674, -0.331299, -0.671387, 0.671387, -0.366211,riding
A, 666622, -0.985962, 0.165039, 0.013672, -0.671387, -1.831055, 0.366211,riding
B, 280175, -0.937378, -0.066895, -0.328979, -0.610352, 0.793457, -0.366211,riding
A, 666642, -0.984985, 0.165771, 0.013184, -0.854492, -1.770020, 0.549316,riding
B, 280195, -0.936523, -0.066895, -0.329346, -0.854492, 0.793457, -0.427246,riding
A, 666662, -0.983887, 0.176636, 0.009521, -0.915528, -1.708985, 0.488281,riding
B, 280215, -0.935791, -0.064209, -0.331665, -0.732422, 0.793457, -0.366211,riding
A, 666682, -0.982666, 0.178833, 0.013428, -0.854492, -1.770020, 0.427246,riding
B, 280235, -0.933228, -0.066650, -0.337402, -0.915528, 0.793457, -0.427246,riding
A, 666702, -0.982300, 0.187134, 0.022217, -1.464844, -1.647950, 0.549316,riding
B, 280255, -0.931885, -0.059937, -0.344482, -1.281738, 0.793457, -0.671387,riding
A, 666722, -0.979858, 0.200073, 0.027344, -1.220703, -1.586915, 0.488281,riding
B, 280275, -0.930298, -0.056519, -0.349365, -1.037598, 0.732422, -0.671387,riding
A, 666742, -0.979614, 0.197388, 0.023926, -0.305176, -1.647950, 0.244141,riding
B, 280295, -0.930298, -0.061768, -0.344849, -0.427246, 0.610352, -0.549316,riding
A, 666762, -0.980713, 0.196045, 0.021606, -1.098633, -1.403809, 0.305176,riding
B, 280315, -0.929932, -0.058228, -0.348633, -1.342773, 0.427246, -1.037598,riding
A, 666782, -0.974609, 0.222778, 0.029053, -1.037598, -1.403809, 0.000000,riding
B, 280335, -0.928345, -0.053101, -0.352173, -0.732422, 0.366211, -0.915528,riding
A, 666802, -0.977051, 0.212036, 0.025635, -0.061035, -1.342773, -0.366211,riding
B, 280355, -0.928711, -0.060425, -0.351563, 0.000000, 0.244141, -0.732422,riding
A, 666822, -0.976440, 0.213013, 0.022949, -1.037598, -1.159668, -0.427246,riding
B, 280375, -0.926514, -0.060547, -0.355225, -0.732422, 0.000000, -1.098633,riding
A, 666842, -0.975342, 0.220947, 0.022827, -0.549316, -1.159668, -0.671387,riding
B, 280395, -0.927246, -0.052856, -0.358398, -0.305176, -0.183106, -1.037598,riding
A, 666862, -0.978271, 0.209961, 0.021606, 0.183106, -1.220703, -0.915528,riding
B, 280415, -0.928711, -0.063354, -0.351440, 0.244141, -0.366211, -0.976563,riding
A, 666882, -0.980103, 0.198730, 0.015015, 0.000000, -1.098633, -0.915528,riding
B, 280435, -0.929565, -0.066162, -0.344482, 0.244141, -0.427246, -0.976563,riding
A, 666902, -0.981079, 0.193604, 0.009033, -0.122070, -1.098633, -0.976563,riding
B, 280455, -0.931885, -0.063232, -0.341797, 0.000000, -0.549316, -1.098633,riding
A, 666922, -0.980835, 0.192017, 0.005493, -0.244141, -1.098633, -1.159668,riding
B, 280475, -0.931885, -0.066284, -0.340088, 0.183106, -0.549316, -0.976563,riding
A, 666942, -0.983154, 0.180664, 0.011719, -0.305176, -1.098633, -1.159668,riding
B, 280495, -0.932495, -0.069946, -0.339111, 0.061035, -0.610352, -1.037598,riding
A, 666962, -0.984497, 0.173218, 0.012573, 0.061035, -1.098633, -1.098633,riding
B, 280515, -0.933716, -0.062622, -0.338501, 0.183106, -0.488281, -0.976563,riding
A, 666982, -0.986572, 0.161865, 0.007080, 0.122070, -1.159668, -0.976563,riding
B, 280535, -0.935181, -0.065308, -0.335083, 0.366211, -0.427246, -0.915528,riding
A, 667002, -0.986816, 0.166138, 0.006592, -0.610352, -1.159668, -0.671387,riding
B, 280555, -0.934570, -0.068237, -0.335815, -0.305176, -0.366211, -1.098633,riding
A, 667022, -0.985107, 0.176025, 0.010620, -0.366211, -1.037598, -0.732422,riding
B, 280575, -0.933838, -0.068604, -0.334839, 0.122070, -0.183106, -1.037598,riding
A, 667042, -0.984985, 0.166626, 0.007813, 0.183106, -1.159668, -0.671387,riding
B, 280595, -0.935303, -0.068237, -0.331421, 0.122070, -0.183106, -0.915528,riding
A, 667062, -0.986572, 0.167969, 0.008911, -0.427246, -1.098633, -0.610352,riding
B, 280615, -0.935547, -0.064819, -0.333374, -0.183106, -0.061035, -1.037598,riding
A, 667082, -0.986694, 0.165161, 0.006836, 0.183106, -1.220703, -0.610352,riding
B, 280635, -0.935913, -0.071411, -0.331665, 0.305176, 0.122070, -0.854492,riding
A, 667102, -0.988647, 0.158691, 0.004883, -0.305176, -1.159668, -0.366211,riding
B, 280655, -0.934570, -0.073120, -0.334351, -0.305176, 0.122070, -1.037598,riding
A, 667122, -0.985474, 0.173950, 0.007935, -0.488281, -1.159668, -0.061035,riding
B, 280675, -0.933105, -0.063232, -0.339722, -0.244141, 0.305176, -0.976563,riding
A, 667142, -0.983032, 0.179810, 0.015747, -0.366211, -1.159668, -0.061035,riding
B, 280695, -0.932495, -0.063843, -0.339966, -0.122070, 0.305176, -0.915528,riding
A, 667162, -0.982422, 0.183960, 0.020630, -0.244141, -1.159668, 0.000000,riding
B, 280715, -0.931763, -0.064331, -0.340698, -0.122070, 0.305176, -1.037598,riding
A, 667182, -0.982422, 0.188354, 0.026123, -0.671387, -0.976563, -0.183106,riding
B, 280735, -0.933228, -0.058838, -0.341064, -0.427246, 0.366211, -1.281738,riding
A, 667202, -0.980225, 0.194580, 0.022949, -0.549316, -0.915528, -0.061035,riding
B, 280755, -0.931885, -0.059692, -0.345459, -0.244141, 0.244141, -1.220703,riding
A, 667222, -0.979492, 0.200928, 0.024902, -0.976563, -0.732422, -0.183106,riding
B, 280775, -0.927734, -0.060425, -0.353271, -0.610352, 0.183106, -1.464844,riding
A, 667242, -0.978027, 0.214355, 0.027222, -0.427246, -0.671387, -0.366211,riding
B, 280795, -0.927368, -0.056763, -0.356689, 0.061035, 0.183106, -1.342773,riding
A, 667262, -0.978882, 0.208130, 0.031494, 0.000000, -0.671387, -0.305176,riding
B, 280815, -0.926147, -0.057129, -0.359375, -0.366211, -0.183106, -1.770020,riding
A, 667282, -0.975342, 0.225098, 0.031250, -1.220703, -0.366211, -0.488281,riding
B, 280835, -0.923950, -0.051880, -0.365845, -0.854492, -0.488281, -2.136230,riding
A, 667302, -0.967896, 0.256958, 0.051514, -1.831055, 0.061035, -0.915528,riding
B, 280855, -0.920654, -0.049072, -0.373535, -1.098633, -0.793457, -2.441406,riding
A, 667322, -0.963135, 0.277954, 0.056763, -1.708985, 0.366211, -1.525879,riding
B, 280875, -0.918823, -0.044434, -0.379272, -0.915528, -1.281738, -2.685547,riding
A, 667342, -0.962769, 0.284424, 0.053223, -0.366211, 0.427246, -2.258301,riding
B, 280895, -0.916626, -0.042603, -0.383423, 0.305176, -1.647950, -2.624512,riding
A, 667362, -0.965820, 0.269653, 0.034790, 0.732422, 0.549316, -3.051759,riding
B, 280915, -0.917358, -0.053711, -0.381470, 1.342773, -2.014160, -2.502441,riding
A, 667382, -0.971069, 0.247803, 0.007324, 1.281738, 0.488281, -3.295899,riding
B, 280935, -0.918335, -0.066040, -0.375244, 1.892090, -2.441406, -2.380371,riding
A, 667402, -0.975830, 0.222778, -0.005859, 1.770020, 0.366211, -3.662110,riding
B, 280955, -0.924561, -0.076538, -0.356689, 2.441406, -2.746582, -2.136230,riding
A, 667422, -0.980469, 0.201538, -0.008789, 1.525879, 0.305176, -3.723145,riding
B, 280975, -0.930420, -0.079346, -0.342651, 2.075195, -2.807618, -2.197266,riding
A, 667442, -0.984619, 0.179932, -0.016357, 1.708985, 0.122070, -3.906251,riding
B, 280995, -0.934937, -0.084839, -0.330078, 2.868653, -2.807618, -1.770020,riding
A, 667462, -0.988892, 0.154663, -0.028076, 2.441406, -0.122070, -3.845216,riding
B, 281015, -0.936768, -0.094360, -0.321411, 2.868653, -2.624512, -1.586915,riding
A, 667482, -0.994141, 0.127808, -0.029175, 1.037598, -0.183106, -3.295899,riding
B, 281035, -0.938599, -0.095093, -0.318115, 1.770020, -2.502441, -1.770020,riding
A, 667502, -0.992432, 0.135132, -0.011475, -0.549316, -0.122070, -2.746582,riding
B, 281055, -0.937500, -0.085571, -0.321411, 0.366211, -2.380371, -2.136230,riding
A, 667522, -0.988403, 0.155518, -0.000732, -0.732422, -0.061035, -2.563477,riding
B, 281075, -0.936646, -0.076294, -0.326294, 0.305176, -2.075195, -2.075195,riding
A, 667542, -0.987671, 0.159424, -0.001953, 0.427246, -0.244141, -2.563477,riding
B, 281095, -0.938721, -0.078735, -0.322632, 1.342773, -1.892090, -1.708985,riding
A, 667562, -0.989746, 0.147217, -0.004272, 0.976563, -0.366211, -2.502441,riding
B, 281115, -0.938843, -0.082153, -0.319214, 1.403809, -1.708985, -1.708985,riding
A, 667582, -0.990601, 0.147217, -0.015015, 0.671387, -0.305176, -2.380371,riding
B, 281135, -0.939697, -0.086670, -0.317993, 1.403809, -1.464844, -1.525879,riding
A, 667602, -0.992432, 0.133057, -0.024048, 1.464844, -0.549316, -2.197266,riding
B, 281155, -0.940552, -0.091309, -0.314697, 1.831055, -1.281738, -1.220703,riding
A, 667622, -0.996826, 0.117065, -0.031250, 0.732422, -0.549316, -1.892090,riding
B, 281175, -0.942749, -0.096313, -0.309937, 0.976563, -0.976563, -1.342773,riding
A, 667642, -0.999390, 0.104492, -0.054565, 0.793457, -1.037598, -1.159668,riding
B, 281195, -0.942749, -0.105103, -0.305298, 1.220703, -0.671387, -0.976563,riding
A, 667662, -1.000366, 0.100342, -0.053101, -0.366211, -1.098633, -0.610352,riding
B, 281215, -0.946167, -0.108398, -0.299683, -0.244141, -0.122070, -1.037598,riding
A, 667682, -0.998413, 0.108643, -0.057129, -0.366211, -1.464844, -0.244141,riding
B, 281235, -0.945313, -0.105957, -0.299805, -0.183106, 0.305176, -0.610352,riding
A, 667702, -0.999268, 0.104004, -0.053223, -0.671387, -1.647950, 0.122070,riding
B, 281255, -0.944580, -0.107666, -0.301270, -0.854492, 0.610352, -0.488281,riding
A, 667722, -0.996582, 0.110718, -0.049683, -1.770020, -1.770020, 0.610352,riding
B, 281275, -0.941650, -0.101440, -0.307739, -1.708985, 0.915528, -0.549316,riding
A, 667742, -0.996338, 0.118652, -0.034302, -1.342773, -2.075195, 0.976563,riding
B, 281295, -0.942261, -0.093506, -0.309937, -1.281738, 1.342773, -0.122070,riding
A, 667762, -0.997070, 0.113403, -0.023438, -0.915528, -2.319336, 1.342773,riding
B, 281315, -0.941772, -0.092285, -0.310547, -1.159668, 1.647950, 0.122070,riding
A, 667782, -0.995117, 0.115479, -0.017090, -1.647950, -2.258301, 1.831055,riding
B, 281335, -0.941284, -0.087158, -0.312256, -2.075195, 2.075195, -0.061035,riding
A, 667802, -0.993164, 0.129883, -0.003174, -2.075195, -2.258301, 2.258301,riding
B, 281355, -0.940918, -0.077637, -0.316528, -2.563477, 2.319336, -0.183106,riding
A, 667822, -0.989746, 0.150024, 0.003052, -1.953125, -2.197266, 2.380371,riding
B, 281375, -0.938599, -0.076050, -0.321533, -2.075195, 2.563477, -0.061035,riding
A, 667842, -0.987671, 0.152710, -0.003174, -1.220703, -2.319336, 2.502441,riding
B, 281395, -0.935669, -0.079712, -0.327515, -1.586915, 2.807618, 0.183106,riding
A, 667862, -0.986694, 0.169922, -0.004761, -2.319336, -2.197266, 2.929688,riding
B, 281415, -0.931030, -0.080322, -0.339478, -2.563477, 2.746582, -0.183106,riding
A, 667882, -0.981201, 0.196655, -0.001465, -2.929688, -2.136230, 2.929688,riding
B, 281435, -0.926636, -0.074829, -0.352661, -3.051759, 2.685547, -0.366211,riding
A, 667902, -0.975586, 0.222778, -0.010376, -1.220703, -2.502441, 2.502441,riding
B, 281455, -0.924561, -0.074463, -0.359985, -1.586915, 2.868653, 0.244141,riding
A, 667922, -0.976929, 0.214355, -0.010742, -0.427246, -2.624512, 2.563477,riding
B, 281475, -0.924438, -0.079590, -0.360840, -1.586915, 2.502441, 0.305176,riding
A, 667942, -0.975098, 0.229736, -0.007202, -2.014160, -2.502441, 2.197266,riding
B, 281495, -0.920166, -0.074463, -0.364990, -1.831055, 2.197266, 0.244141,riding
A, 667962, -0.970825, 0.243774, 0.002563, -0.915528, -2.746582, 2.014160,riding
B, 281515, -0.922119, -0.068481, -0.366943, -1.342773, 2.197266, 0.427246,riding
A, 667982, -0.973877, 0.233398, 0.011841, -0.915528, -2.624512, 1.525879,riding
B, 281535, -0.922119, -0.068359, -0.367188, -0.793457, 1.770020, 0.610352,riding
A, 668002, -0.974609, 0.225464, 0.009521, -1.525879, -2.502441, 1.281738,riding
B, 281555, -0.920288, -0.069946, -0.370239, -1.586915, 1.586915, 0.244141,riding
A, 668022, -0.970703, 0.248047, 0.021851, -2.746582, -2.258301, 1.403809,riding
B, 281575, -0.918335, -0.063232, -0.377930, -2.563477, 1.159668, -0.244141,riding
A, 668042, -0.968506, 0.266113, 0.041138, -2.380371, -2.136230, 0.915528,riding
B, 281595, -0.916260, -0.053833, -0.383179, -2.380371, 0.854492, -0.366211,riding
A, 668062, -0.965820, 0.272827, 0.045166, -1.708985, -1.953125, 0.244141,riding
B, 281615, -0.916992, -0.047485, -0.382568, -1.281738, 0.366211, -0.305176,riding
A, 668082, -0.965942, 0.266479, 0.043945, -1.098633, -1.892090, -0.183106,riding
B, 281635, -0.920410, -0.047852, -0.378662, -0.915528, 0.061035, -0.427246,riding
A, 668102, -0.968628, 0.253784, 0.036621, 0.183106, -1.953125, -0.854492,riding
B, 281655, -0.917725, -0.055176, -0.376953, 0.366211, -0.305176, -0.183106,riding
A, 668122, -0.971069, 0.247803, 0.045166, -1.708985, -1.342773, -0.793457,riding
B, 281675, -0.918213, -0.054932, -0.381714, -1.953125, -0.610352, -1.342773,riding
A, 668142, -0.966675, 0.268677, 0.036255, -1.464844, -1.159668, -1.098633,riding
B, 281695, -0.916626, -0.047729, -0.384644, -0.427246, -1.037598, -0.976563,riding
A, 668162, -0.967896, 0.258911, 0.038574, -0.305176, -1.281738, -1.831055,riding
B, 281715, -0.917358, -0.052734, -0.380249, -0.244141, -1.281738, -1.098633,riding
A, 668182, -0.968018, 0.259033, 0.041504, -0.610352, -0.854492, -2.319336,riding
B, 281735, -0.918091, -0.050903, -0.377075, 0.122070, -1.770020, -1.342773,riding
A, 668202, -0.970825, 0.246704, 0.043945, 0.427246, -0.793457, -2.685547,riding
B, 281755, -0.922119, -0.052490, -0.369629, 0.915528, -1.953125, -1.281738,riding
A, 668222, -0.974365, 0.224731, 0.029419, 0.732422, -0.671387, -2.868653,riding
B, 281775, -0.923584, -0.058228, -0.365601, 0.976563, -2.319336, -1.464844,riding
A, 668242, -0.976807, 0.220459, 0.019043, -0.305176, -0.427246, -2.990724,riding
B, 281795, -0.923584, -0.060547, -0.364136, 0.305176, -2.380371, -1.831055,riding
A, 668262, -0.975708, 0.221802, 0.016968, 0.244141, -0.488281, -3.051759,riding
B, 281815, -0.924683, -0.064819, -0.363037, 0.915528, -2.624512, -1.708985,riding
A, 668282, -0.975830, 0.219238, 0.025513, -0.122070, -0.244141, -3.234864,riding
B, 281835, -0.923462, -0.062866, -0.362427, 0.488281, -2.746582, -2.014160,riding
A, 668302, -0.974976, 0.224243, 0.020874, 0.183106, -0.122070, -3.479005,riding
B, 281855, -0.926147, -0.061035, -0.359131, 1.037598, -2.807618, -1.892090,riding
A, 668322, -0.977417, 0.208252, 0.004517, 1.159668, -0.244141, -3.601075,riding
B, 281875, -0.927124, -0.078613, -0.352417, 1.281738, -2.990724, -1.831055,riding
A, 668342, -0.980835, 0.199585, -0.008789, 0.305176, -0.183106, -3.723145,riding
B, 281895, -0.927856, -0.076782, -0.350464, 1.037598, -3.112794, -1.892090,riding
A, 668362, -0.984009, 0.185791, -0.027222, 1.953125, -0.610352, -4.089355,riding
B, 281915, -0.930664, -0.084717, -0.341431, 2.563477, -2.868653, -1.159668,riding
A, 668382, -0.989868, 0.151611, -0.029663, 2.136230, -0.793457, -3.784181,riding
B, 281935, -0.935181, -0.094116, -0.330811, 2.441406, -2.807618, -1.037598,riding
A, 668402, -0.992310, 0.139404, -0.035645, 0.793457, -0.854492, -3.356935,riding
B, 281955, -0.934448, -0.096069, -0.327515, 1.281738, -2.746582, -1.220703,riding
A, 668422, -0.990601, 0.147217, -0.025757, 0.427246, -0.976563, -3.051759,riding
B, 281975, -0.935791, -0.089355, -0.327637, 0.854492, -2.502441, -1.220703,riding
A, 668442, -0.987427, 0.160400, -0.010254, -0.244141, -0.976563, -2.685547,riding
B, 281995, -0.936157, -0.082153, -0.330688, 0.427246, -2.319336, -1.220703,riding
A, 668462, -0.985596, 0.177124, -0.015869, 0.305176, -1.098633, -2.807618,riding
B, 282015, -0.932129, -0.086792, -0.336182, 1.159668, -2.258301, -0.793457,riding
A, 668482, -0.984863, 0.178711, -0.019409, 0.793457, -1.281738, -2.868653,riding
B, 282035, -0.932129, -0.082642, -0.337769, 1.037598, -2.197266, -0.793457,riding
A, 668502, -0.986694, 0.172852, -0.012085, 0.854492, -1.403809, -2.868653,riding
B, 282055, -0.934692, -0.078003, -0.331909, 1.647950, -2.014160, -0.427246,riding
A, 668522, -0.991089, 0.142822, -0.013428, 2.502441, -1.770020, -2.746582,riding
B, 282075, -0.935547, -0.087036, -0.325806, 2.624512, -1.831055, 0.000000,riding
A, 668542, -0.992554, 0.137207, -0.018066, 0.732422, -1.525879, -2.258301,riding
B, 282095, -0.937134, -0.093384, -0.324707, 1.098633, -1.708985, -0.427246,riding
A, 668562, -0.989014, 0.156006, -0.011353, -0.610352, -1.403809, -1.831055,riding
B, 282115, -0.936401, -0.083252, -0.326050, -0.183106, -1.770020, -0.854492,riding
A, 668582, -0.984497, 0.173096, -0.000977, -0.183106, -1.586915, -1.953125,riding
B, 282135, -0.935181, -0.076538, -0.331787, 0.183106, -1.525879, -0.610352,riding
A, 668602, -0.985474, 0.177002, 0.001465, -0.549316, -1.464844, -2.014160,riding
B, 282155, -0.933960, -0.082397, -0.333740, -0.305176, -1.525879, -0.793457,riding
A, 668622, -0.984253, 0.176880, -0.004395, -0.488281, -1.464844, -1.953125,riding
B, 282175, -0.933472, -0.078247, -0.335693, -0.122070, -1.464844, -0.732422,riding
A, 668642, -0.985840, 0.171631, -0.001953, -0.610352, -1.403809, -2.014160,riding
B, 282195, -0.933838, -0.073853, -0.335815, -0.366211, -1.464844, -0.793457,riding
A, 668662, -0.984985, 0.172119, 0.004761, -0.793457, -1.525879, -1.831055,riding
B, 282215, -0.933838, -0.072144, -0.336914, -0.244141, -1.342773, -0.732422,riding
A, 668682, -0.984619, 0.171509, 0.008301, -0.183106, -1.525879, -1.770020,riding
B, 282235, -0.933960, -0.077637, -0.335571, 0.000000, -1.342773, -0.732422,riding
A, 668702, -0.982910, 0.180298, 0.016113, -0.732422, -1.220703, -1.708985,riding
B, 282255, -0.934082, -0.069702, -0.334961, -0.427246, -1.403809, -0.915528,riding
A, 668722, -0.983398, 0.177979, 0.025635, -0.183106, -1.342773, -1.831055,riding
B, 282275, -0.936646, -0.060181, -0.330688, 0.305176, -1.220703, -0.854492,riding
A, 668742, -0.986084, 0.165649, 0.025757, 0.183106, -1.220703, -1.892090,riding
B, 282295, -0.938354, -0.070435, -0.327637, 0.488281, -1.220703, -0.915528,riding
A, 668762, -0.988281, 0.152588, 0.012207, 0.122070, -0.915528, -1.831055,riding
B, 282315, -0.937256, -0.077759, -0.324463, 0.488281, -1.037598, -0.976563,riding
A, 668782, -0.990723, 0.142212, -0.012451, 0.183106, -0.976563, -1.525879,riding
B, 282335, -0.937622, -0.083130, -0.323242, 0.305176, -0.854492, -1.037598,riding
A, 668802, -0.990967, 0.143066, -0.020508, -0.732422, -1.037598, -1.098633,riding
B, 282355, -0.937012, -0.084595, -0.326172, -0.488281, -0.854492, -1.220703,riding
A, 668822, -0.987305, 0.163574, -0.012085, -1.159668, -1.098633, -0.915528,riding
B, 282375, -0.934570, -0.083252, -0.329102, -0.671387, -0.732422, -1.159668,riding
A, 668842, -0.985962, 0.176758, -0.004639, -0.610352, -1.159668, -0.915528,riding
B, 282395, -0.931763, -0.082520, -0.335938, -0.610352, -0.732422, -1.159668,riding
A, 668862, -0.982788, 0.191040, -0.005615, -1.159668, -1.098633, -1.037598,riding
B, 282415, -0.930908, -0.072266, -0.340820, -0.793457, -0.854492, -1.220703,riding
A, 668882, -0.979370, 0.201294, 0.012207, -0.244141, -1.281738, -1.464844,riding
B, 282435, -0.931274, -0.066895, -0.340698, 0.183106, -0.732422, -0.915528,riding
A, 668902, -0.982788, 0.180298, 0.018311, 0.183106, -1.159668, -1.464844,riding
B, 282455, -0.932495, -0.075562, -0.338135, 0.305176, -0.915528, -0.976563,riding
A, 668922, -0.983765, 0.180420, 0.004761, -0.549316, -0.976563, -1.464844,riding
B, 282475, -0.931641, -0.074219, -0.339600, -0.183106, -0.915528, -1.159668,riding
A, 668942, -0.984375, 0.178833, -0.012085, 0.610352, -1.220703, -1.525879,riding
B, 282495, -0.933228, -0.077881, -0.337280, 0.854492, -0.793457, -0.732422,riding
A, 668962, -0.986694, 0.162354, -0.027710, 0.671387, -1.403809, -1.464844,riding
B, 282515, -0.933472, -0.093018, -0.329712, 0.854492, -0.854492, -0.549316,riding
A, 668982, -0.988159, 0.162231, -0.031006, -0.244141, -1.342773, -1.281738,riding
B, 282535, -0.936035, -0.091797, -0.325317, -0.061035, -0.793457, -0.671387,riding
A, 669002, -0.987305, 0.163208, -0.026123, -0.122070, -1.525879, -1.220703,riding
B, 282555, -0.936890, -0.087769, -0.323730, 0.000000, -0.671387, -0.488281,riding
A, 669022, -0.988281, 0.158569, -0.025146, -0.366211, -1.708985, -1.220703,riding
B, 282575, -0.936279, -0.087891, -0.323730, -0.244141, -0.610352, -0.488281,riding
A, 669042, -0.989014, 0.152832, -0.009033, -0.976563, -1.770020, -0.915528,riding
B, 282595, -0.935181, -0.085327, -0.326904, -0.732422, -0.549316, -0.549316,riding
A, 669062, -0.986450, 0.163086, 0.004639, -1.525879, -1.586915, -0.610352,riding
B, 282615, -0.933960, -0.077393, -0.332520, -1.159668, -0.549316, -0.732422,riding
A, 669082, -0.981812, 0.187744, 0.008423, -1.464844, -1.586915, -0.610352,riding
B, 282635, -0.930908, -0.069702, -0.342773, -1.220703, -0.549316, -0.793457,riding
A, 669102, -0.979492, 0.200195, 0.014282, -0.793457, -1.708985, -0.854492,riding
B, 282655, -0.930420, -0.068726, -0.344238, -0.671387, -0.610352, -0.549316,riding
A, 669122, -0.978516, 0.198242, 0.020996, -0.732422, -1.525879, -0.976563,riding
B, 282675, -0.931641, -0.069824, -0.341431, -0.732422, -0.793457, -0.854492,riding
A, 669142, -0.978516, 0.207886, 0.024048, -1.281738, -1.281738, -1.220703,riding
B, 282695, -0.930420, -0.062744, -0.344116, -0.793457, -0.915528, -1.037598,riding
A, 669162, -0.977783, 0.209595, 0.025269, -0.549316, -1.220703, -1.525879,riding
B, 282715, -0.930542, -0.060181, -0.346069, 0.122070, -0.976563, -0.854492,riding
A, 669182, -0.981079, 0.195923, 0.021240, 0.061035, -1.220703, -1.770020,riding
B, 282735, -0.930176, -0.067749, -0.344482, 0.366211, -1.098633, -0.915528,riding
A, 669202, -0.984009, 0.181152, 0.015137, 0.305176, -1.220703, -1.831055,riding
B, 282755, -0.933350, -0.070190, -0.337769, 0.671387, -1.037598, -0.854492,riding
A, 669222, -0.986816, 0.161499, 0.019775, 0.183106, -0.976563, -1.525879,riding
B, 282775, -0.936035, -0.068237, -0.329956, 0.610352, -1.098633, -1.037598,riding
A, 669242, -0.987061, 0.160645, 0.018188, 0.305176, -0.976563, -1.525879,riding
B, 282795, -0.937744, -0.067017, -0.324097, 0.671387, -0.915528, -1.159668,riding
A, 669262, -0.987671, 0.155396, 0.014404, 0.244141, -0.793457, -1.464844,riding
B, 282815, -0.938232, -0.076782, -0.321411, 0.549316, -0.793457, -1.342773,riding
A, 669282, -0.987427, 0.159912, -0.001953, -0.366211, -0.549316, -1.159668,riding
B, 282835, -0.935547, -0.086426, -0.327515, -0.183106, -0.854492, -1.525879,riding
A, 669302, -0.984985, 0.179932, -0.026733, -0.610352, -0.610352, -1.281738,riding
B, 282855, -0.931641, -0.093506, -0.336304, 0.000000, -0.793457, -1.342773,riding
A, 669322, -0.985352, 0.180176, -0.054321, 0.427246, -1.098633, -1.342773,riding
B, 282875, -0.928955, -0.106689, -0.337891, 0.488281, -0.793457, -0.854492,riding
A, 669342, -0.986572, 0.176514, -0.073486, -1.037598, -1.159668, -1.220703,riding
B, 282895, -0.928711, -0.111328, -0.339111, -0.793457, -0.976563, -0.915528,riding
A, 669362, -0.983521, 0.194702, -0.092529, -0.549316, -1.831055, -1.403809,riding
B, 282915, -0.928467, -0.115234, -0.342163, -0.061035, -0.976563, -0.183106,riding
A, 669382, -0.984863, 0.183228, -0.085571, -0.122070, -2.563477, -1.525879,riding
B, 282935, -0.928955, -0.109985, -0.336060, -0.854492, -1.220703, 0.183106,riding
A, 669402, -0.980835, 0.195923, -0.022095, -1.525879, -2.807618, -1.464844,riding
A, 669422, -0.978760, 0.202637, 0.037964, -1.159668, -2.746582, -1.708985,riding
A, 669442, -0.977295, 0.204590, 0.067017, -0.671387, -2.380371, -2.075195,riding
A, 669462, -0.979004, 0.193359, 0.050415, 0.976563, -2.258301, -2.319336,riding
A, 669482, -0.985718, 0.164063, 0.022949, 1.770020, -2.258301, -2.380371,riding
A, 669502, -0.988037, 0.149780, 0.019287, 0.427246, -1.892090, -1.953125,riding
B, 282955, -0.931519, -0.086304, -0.338623, -1.342773, -1.342773, 0.244141,riding
B, 282975, -0.931519, -0.056519, -0.341553, -0.976563, -1.464844, 0.244141,riding
B, 282995, -0.932495, -0.042114, -0.343140, -0.427246, -1.464844, 0.061035,riding
B, 283015, -0.932983, -0.050537, -0.341431, 1.098633, -1.464844, 0.366211,riding
B, 283035, -0.933960, -0.069214, -0.333252, 1.708985, -1.464844, 0.427246,riding
B, 283055, -0.939209, -0.066284, -0.320679, 0.122070, -1.403809, -0.427246,riding
A, 669522, -0.988770, 0.151123, 0.013184, 0.061035, -1.708985, -1.831055,riding
B, 283075, -0.942749, -0.072998, -0.313110, 0.732422, -1.220703, -0.183106,riding
A, 669542, -0.991089, 0.139893, -0.009644, 0.854492, -1.892090, -1.831055,riding
B, 283095, -0.941650, -0.090454, -0.308838, 0.732422, -1.037598, -0.122070,riding
A, 669562, -0.992798, 0.128418, -0.017212, -0.732422, -1.708985, -1.342773,riding
A, 669582, -0.989746, 0.145752, 0.001953, -0.854492, -1.770020, -1.037598,riding
A, 669602, -0.986328, 0.165649, 0.007935, -1.342773, -1.647950, -0.976563,riding
A, 669622, -0.983398, 0.182373, -0.001099, -0.854492, -1.770020, -0.915528,riding
A, 669642, -0.981567, 0.192261, -0.010010, -0.976563, -1.770020, -1.098633,riding
A, 669662, -0.980103, 0.200439, -0.014526, -0.793457, -1.892090, -1.159668,riding
B, 283115, -0.941284, -0.086304, -0.311523, -0.488281, -0.915528, -0.488281,riding
B, 283135, -0.939941, -0.075928, -0.319458, -0.610352, -0.854492, -0.427246,riding
B, 283155, -0.935669, -0.071899, -0.329834, -1.037598, -0.793457, -0.671387,riding
B, 283175, -0.931885, -0.075195, -0.336304, -0.671387, -0.793457, -0.488281,riding
B, 283195, -0.930786, -0.081177, -0.339600, -0.549316, -0.915528, -0.366211,riding
B, 283215, -0.928955, -0.083496, -0.341309, -0.915528, -1.098633, -0.427246,riding
A, 669682, -0.977417, 0.213745, -0.016235, -1.586915, -1.831055, -1.403809,riding
B, 283235, -0.927734, -0.080566, -0.346802, -1.342773, -1.403809, -0.488281,riding
A, 669702, -0.975342, 0.226685, -0.015747, -1.464844, -2.014160, -1.892090,riding
B, 283255, -0.924438, -0.081299, -0.352539, -0.915528, -1.647950, -0.244141,riding
A, 669722, -0.973999, 0.231201, -0.015015, -1.037598, -2.136230, -2.136230,riding
B, 283275, -0.924438, -0.078857, -0.357300, -0.793457, -1.953125, -0.183106,riding
A, 669742, -0.973022, 0.233643, 0.007690, -1.159668, -2.258301, -2.685547,riding
B, 283295, -0.923462, -0.069580, -0.359741, -0.854492, -2.319336, -0.183106,riding
A, 669762, -0.973755, 0.225098, 0.029419, -0.488281, -2.319336, -3.051759,riding
B, 283315, -0.924927, -0.062256, -0.354858, -0.244141, -2.563477, -15.625004,riding
A, 669782, -0.974731, 0.220581, 0.040771, -1.098633, -1.892090, -3.417970,riding
B, 283335, -0.930298, -0.054565, -0.344727, -0.610352, -2.990724, -0.488281,riding
A, 669802, -0.976685, 0.208862, 0.037476, 0.061035, -1.953125, -3.784181,riding
B, 283355, -0.933594, -0.052490, -0.336426, 0.854492, -3.173829, -0.122070,riding
A, 669822, -0.983154, 0.180298, 0.031250, 0.732422, -1.831055, -4.211426,riding
B, 283375, -0.936035, -0.061401, -0.326538, 1.037598, -3.173829, -0.305176,riding
A, 669842, -0.986572, 0.154175, 0.023926, 0.305176, -1.647950, -3.967286,riding
B, 283395, -0.938965, -0.065430, -0.318970, 0.671387, -3.295899, -0.488281,riding
A, 669862, -0.989136, 0.139526, 0.018433, -0.122070, -1.464844, -3.845216,riding
B, 283415, -0.941895, -0.069580, -0.313110, 0.183106, -3.173829, -0.793457,riding
A, 669882, -0.992065, 0.132813, 0.002686, -0.244141, -1.342773, -3.601075,riding
B, 283435, -0.941895, -0.072144, -0.307617, 0.671387, -2.990724, -0.671387,riding
A, 669902, -0.995483, 0.114868, -0.009888, 0.793457, -1.708985, -3.601075,riding
B, 283455, -0.948120, -0.085571, -0.291504, 1.281738, -2.502441, -0.244141,riding
A, 669922, -1.000854, 0.082642, -0.029541, 1.770020, -2.075195, -2.990724,riding
B, 283475, -0.953491, -0.092651, -0.279297, 1.953125, -2.014160, 0.244141,riding
A, 669942, -1.006592, 0.055420, -0.031372, 1.159668, -2.136230, -2.380371,riding
B, 283495, -0.955200, -0.094604, -0.272583, 1.037598, -1.586915, 0.183106,riding
A, 669962, -1.007080, 0.052246, -0.032593, -0.061035, -2.197266, -1.708985,riding
B, 283515, -0.955933, -0.093018, -0.271729, 0.061035, -1.037598, 0.122070,riding
A, 669982, -1.007568, 0.052856, -0.025391, 0.244141, -2.502441, -0.976563,riding
B, 283535, -0.956543, -0.091187, -0.272217, 0.183106, -0.427246, 0.366211,riding
A, 670002, -1.006592, 0.050415, -0.013916, -0.610352, -2.441406, -0.244141,riding
B, 283555, -0.955688, -0.086670, -0.273682, -0.671387, 0.122070, 0.244141,riding
A, 670022, -1.004883, 0.065063, -0.015869, -0.610352, -2.502441, 0.305176,riding
B, 283575, -0.955933, -0.081909, -0.276123, -0.732422, 0.732422, 0.427246,riding
A, 670042, -1.006836, 0.056641, -0.028564, 0.366211, -2.807618, 0.732422,riding
B, 283595, -0.956543, -0.097290, -0.269775, -0.122070, 1.647950, 0.976563,riding
A, 670062, -1.008789, 0.042603, -0.044067, -0.244141, -2.990724, 1.464844,riding
B, 283615, -0.956787, -0.101807, -0.266968, -1.220703, 2.136230, 0.915528,riding
A, 670082, -1.008667, 0.044922, -0.046875, -1.281738, -3.173829, 2.258301,riding
B, 283635, -0.956665, -0.094238, -0.270508, -2.136230, 2.746582, 0.976563,riding
A, 670102, -1.002563, 0.065430, -0.031250, -2.136230, -3.479005, 3.356935,riding
B, 283655, -0.953491, -0.090576, -0.278320, -2.502441, 3.234864, 1.098633,riding
A, 670122, -0.997437, 0.093994, -0.008667, -3.479005, -3.479005, 3.967286,riding
B, 283675, -0.948486, -0.082153, -0.294434, -3.845216, 3.601075, 0.854492,riding
A, 670142, -0.989624, 0.138062, 0.017578, -2.929688, -3.479005, 4.211426,riding
B, 283695, -0.942749, -0.063721, -0.312256, -3.479005, 3.967286, 1.037598,riding
A, 670162, -0.985107, 0.159546, 0.036499, -1.831055, -3.662110, 4.272461,riding
B, 283715, -0.936401, -0.050903, -0.328369, -2.746582, 4.150391, 1.159668,riding
A, 670182, -0.981201, 0.176392, 0.043213, -2.990724, -3.234864, 4.394531,riding
B, 283735, -0.934692, -0.049561, -0.336792, -3.662110, 4.028320, 0.610352,riding
A, 670202, -0.975830, 0.208984, 0.039063, -2.624512, -3.173829, 4.150391,riding
B, 283755, -0.929810, -0.047363, -0.346069, -2.502441, 3.967286, 0.915528,riding
A, 670222, -0.973633, 0.218262, 0.044922, -1.403809, -3.234864, 3.784181,riding
B, 283775, -0.927368, -0.046753, -0.352661, -2.014160, 3.845216, 0.854492,riding
A, 670242, -0.970093, 0.233032, 0.049194, -1.464844, -2.990724, 3.601075,riding
B, 283795, -0.924072, -0.042847, -0.362549, -2.014160, 3.479005, 0.671387,riding
A, 670262, -0.969238, 0.246948, 0.048462, -0.854492, -2.807618, 2.807618,riding
B, 283815, -0.921997, -0.041748, -0.367432, -1.403809, 3.234864, 0.671387,riding
A, 670282, -0.969238, 0.245483, 0.050537, -1.892090, -2.441406, 2.624512,riding
B, 283835, -0.921143, -0.045288, -0.368286, -1.831055, 2.807618, 0.244141,riding
A, 670302, -0.964600, 0.269531, 0.057983, -1.770020, -2.258301, 2.258301,riding
B, 283855, -0.919922, -0.035034, -0.376465, -1.403809, 2.136230, 0.061035,riding
A, 670322, -0.964722, 0.274414, 0.054077, -0.183106, -2.319336, 1.403809,riding
B, 283875, -0.917358, -0.040649, -0.378906, -0.549316, 1.770020, 0.122070,riding
A, 670342, -0.963623, 0.273560, 0.049316, -1.037598, -1.892090, 1.037598,riding
B, 283895, -0.917480, -0.042725, -0.382690, -1.037598, 1.159668, -0.366211,riding
A, 670362, -0.961548, 0.288208, 0.052002, -0.732422, -1.831055, 0.366211,riding
B, 283915, -0.914429, -0.035645, -0.389893, -0.610352, 0.671387, -0.427246,riding
A, 670382, -0.959717, 0.296753, 0.064453, -0.976563, -1.586915, -0.061035,riding
B, 283935, -0.913574, -0.032593, -0.395020, -0.793457, 0.000000, -0.793457,riding
A, 670402, -0.959595, 0.302979, 0.057861, -0.183106, -1.403809, -1.037598,riding
B, 283955, -0.913574, -0.038818, -0.391235, 0.305176, -0.549316, -0.671387,riding
A, 670422, -0.963013, 0.278809, 0.043457, 0.366211, -1.220703, -1.708985,riding
B, 283975, -0.917236, -0.048706, -0.379395, 0.244141, -1.037598, -0.915528,riding
A, 670442, -0.965454, 0.268799, 0.027832, -0.183106, -1.037598, -2.380371,riding
B, 283995, -0.919678, -0.048706, -0.376831, 0.183106, -1.892090, -1.159668,riding
A, 670462, -0.966064, 0.265869, 0.027466, -0.122070, -1.037598, -2.929688,riding
B, 284015, -0.918823, -0.052002, -0.377930, 0.366211, -2.319336, -1.159668,riding
A, 670482, -0.968506, 0.256226, 0.033203, -0.305176, -0.915528, -3.295899,riding
B, 284035, -0.918335, -0.051636, -0.374878, 0.122070, -2.807618, -1.403809,riding
A, 670502, -0.968018, 0.259277, 0.036621, -0.366211, -0.732422, -3.662110,riding
B, 284055, -0.920654, -0.045410, -0.374512, 0.305176, -3.173829, -1.403809,riding
A, 670522, -0.969604, 0.245605, 0.037476, 0.183106, -0.732422, -4.211426,riding
B, 284075, -0.923340, -0.046509, -0.366699, 0.854492, -3.479005, -1.403809,riding
A, 670542, -0.971558, 0.234009, 0.035889, 0.061035, -0.610352, -4.394531,riding
B, 284095, -0.925537, -0.050659, -0.359863, 0.793457, -3.906251, -1.586915,riding
A, 670562, -0.973755, 0.225708, 0.027344, 0.549316, -0.549316, -4.943848,riding
B, 284115, -0.928955, -0.057007, -0.348267, 1.647950, -4.150391, -1.342773,riding
A, 670582, -0.979370, 0.196045, 0.016968, 0.976563, -0.610352, -5.187988,riding
B, 284135, -0.932739, -0.062012, -0.338379, 1.281738, -4.272461, -1.525879,riding
A, 670602, -0.982300, 0.176270, 0.012695, 0.366211, -0.549316, -5.065918,riding
B, 284155, -0.933105, -0.061768, -0.337158, 0.976563, -4.394531, -1.647950,riding
A, 670622, -0.983887, 0.173584, 0.011108, -0.183106, -0.427246, -4.943848,riding
B, 284175, -0.933105, -0.062866, -0.333862, 0.671387, -4.333496, -1.708985,riding
A, 670642, -0.987183, 0.156982, 0.006104, 0.366211, -0.549316, -4.882813,riding
B, 284195, -0.936646, -0.069946, -0.324951, 1.159668, -4.211426, -1.525879,riding
A, 670662, -0.985962, 0.159912, -0.000488, -0.122070, -0.671387, -4.699707,riding
B, 284215, -0.937866, -0.067871, -0.321655, 0.671387, -4.272461, -1.647950,riding
A, 670682, -0.985718, 0.159668, 0.013672, 0.061035, -0.732422, -4.821777,riding
B, 284235, -0.939087, -0.062744, -0.319214, 0.732422, -4.150391, -1.525879,riding
A, 670702, -0.985840, 0.155151, 0.023193, -0.183106, -0.610352, -4.699707,riding
B, 284255, -0.938232, -0.061157, -0.323608, 0.183106, -4.089355, -1.831055,riding
A, 670722, -0.985962, 0.161621, 0.015991, -0.183106, -0.488281, -4.638672,riding
B, 284275, -0.938599, -0.063477, -0.322510, 1.464844, -3.906251, -1.342773,riding
A, 670742, -0.990967, 0.136597, -0.006470, 1.220703, -0.854492, -4.638672,riding
B, 284295, -0.941284, -0.077393, -0.311401, 1.159668, -3.784181, -1.281738,riding
A, 670762, -0.993408, 0.122925, -0.018921, -0.427246, -0.732422, -4.150391,riding
B, 284315, -0.943237, -0.081299, -0.305420, 0.122070, -3.723145, -1.525879,riding
A, 670782, -0.991943, 0.130493, -0.012817, -1.098633, -0.793457, -3.906251,riding
B, 284335, -0.946411, -0.081787, -0.300415, -0.305176, -3.417970, -1.464844,riding
A, 670802, -0.994995, 0.117432, -0.032715, 0.061035, -1.220703, -3.845216,riding
B, 284355, -0.946289, -0.085083, -0.294678, 0.427246, -3.295899, -0.976563,riding
A, 670822, -0.998901, 0.095215, -0.032227, 0.427246, -1.708985, -3.601075,riding
B, 284375, -0.949829, -0.086060, -0.287231, 0.488281, -2.807618, -0.549316,riding
A, 670842, -1.000610, 0.087891, -0.013672, -0.427246, -1.708985, -3.112794,riding
B, 284395, -0.951172, -0.076416, -0.288330, 0.061035, -2.319336, -0.427246,riding
A, 670862, -1.002686, 0.077759, -0.006836, -0.427246, -1.831055, -2.563477,riding
B, 284415, -0.951050, -0.078979, -0.286255, -0.122070, -1.953125, -0.366211,riding
A, 670882, -1.002808, 0.078857, -0.015747, 0.000000, -2.014160, -2.136230,riding
B, 284435, -0.951172, -0.078857, -0.283203, 0.427246, -1.403809, 0.061035,riding
A, 670902, -1.003906, 0.066895, -0.014038, 0.305176, -2.258301, -1.525879,riding
B, 284455, -0.954712, -0.081543, -0.275757, 0.000000, -0.976563, 0.122070,riding
A, 670922, -1.002319, 0.078247, -0.011841, -0.732422, -2.197266, -0.915528,riding
B, 284475, -0.953491, -0.076904, -0.279053, -0.610352, -0.610352, 0.000000,riding
B, 284495, -0.953979, -0.071655, -0.281738, -0.610352, -0.061035, 0.183106,riding
B, 284515, -0.951050, -0.064331, -0.289063, -1.159668, 0.427246, 0.000000,riding
B, 284535, -0.948120, -0.062622, -0.296753, -1.159668, 0.732422, 0.000000,riding
B, 284555, -0.945435, -0.060791, -0.303833, -1.342773, 1.037598, -0.061035,riding
B, 284575, -0.943359, -0.057373, -0.309326, -1.220703, 1.220703, 0.000000,riding
B, 284595, -0.943604, -0.057251, -0.310425, -1.098633, 1.342773, -0.061035,riding
A, 670942, -0.999268, 0.087280, 0.001587, -0.549316, -2.380371, -0.671387,riding
A, 670962, -0.998535, 0.091553, 0.014771, -1.281738, -2.258301, 0.000000,riding
A, 670982, -0.996948, 0.102417, 0.018799, -1.098633, -2.258301, 0.488281,riding
A, 671002, -0.994385, 0.115845, 0.020386, -1.342773, -2.197266, 0.854492,riding
A, 671022, -0.990479, 0.135986, 0.022583, -1.098633, -2.197266, 1.037598,riding
A, 671042, -0.987427, 0.145386, 0.026489, -1.037598, -2.197266, 1.159668,riding
A, 671062, -0.987915, 0.150269, 0.027710, -0.732422, -2.136230, 1.037598,riding
B, 284615, -0.943970, -0.056885, -0.308228, -0.793457, 1.525879, 0.000000,riding
A, 671082, -0.989502, 0.139038, 0.025757, -0.488281, -2.136230, 1.098633,riding
B, 284635, -0.944336, -0.059937, -0.307251, -0.671387, 1.586915, 0.000000,riding
B, 284655, -0.941284, -0.055786, -0.316650, -0.732422, 1.831055, -0.122070,riding
B, 284675, -0.938599, -0.057129, -0.319580, -0.732422, 1.953125, -0.122070,riding
B, 284695, -0.938354, -0.055542, -0.323853, -0.915528, 2.014160, -0.244141,riding
B, 284715, -0.937744, -0.051758, -0.326538, -0.976563, 1.953125, -0.366211,riding
B, 284735, -0.937866, -0.050171, -0.324219, -0.183106, 2.075195, -0.183106,riding
B, 284755, -0.939087, -0.052612, -0.324097, -0.061035, 1.953125, -0.244141,riding
A, 671102, -0.990234, 0.140991, 0.023071, -0.854492, -2.014160, 1.281738,riding
A, 671122, -0.988647, 0.142700, 0.022583, -0.366211, -2.075195, 1.403809,riding
A, 671142, -0.986694, 0.155273, 0.026611, -0.793457, -1.953125, 1.831055,riding
A, 671162, -0.982910, 0.173584, 0.034180, -0.854492, -1.831055, 1.831055,riding
A, 671182, -0.981445, 0.180786, 0.036133, 0.061035, -1.892090, 1.525879,riding
A, 671202, -0.982300, 0.173706, 0.036499, 0.183106, -1.831055, 1.464844,riding
A, 671222, -0.979858, 0.183472, 0.041748, -0.244141, -1.647950, 1.464844,riding
B, 284775, -0.933594, -0.045288, -0.339722, -0.305176, 1.770020, -0.549316,riding
A, 671242, -0.978760, 0.203247, 0.046875, -0.549316, -1.342773, 1.403809,riding
B, 284795, -0.930176, -0.044556, -0.351318, -0.732422, 1.708985, -0.915528,riding
A, 671262, -0.976318, 0.211548, 0.043701, -0.549316, -1.220703, 1.159668,riding
B, 284815, -0.929443, -0.046631, -0.351685, -0.366211, 1.464844, -0.915528,riding
A, 671282, -0.976929, 0.209473, 0.040649, -1.037598, -0.915528, 1.159668,riding
B, 284835, -0.928223, -0.049927, -0.351563, -1.159668, 1.159668, -1.403809,riding
A, 671302, -0.971558, 0.235596, 0.038574, -1.159668, -0.854492, 0.854492,riding
B, 284855, -0.927124, -0.045898, -0.354004, -0.427246, 0.915528, -1.281738,riding
A, 671322, -0.971069, 0.241577, 0.040039, -0.671387, -0.610352, 0.061035,riding
B, 284875, -0.926147, -0.047852, -0.354492, -0.366211, 0.488281, -1.464844,riding
A, 671342, -0.971680, 0.243408, 0.024780, -0.427246, -0.610352, -0.488281,riding
B, 284895, -0.924438, -0.051025, -0.359253, -0.183106, 0.183106, -1.464844,riding
A, 671362, -0.972900, 0.232300, 0.016479, -0.488281, -0.610352, -0.854492,riding
B, 284915, -0.924805, -0.057373, -0.361084, -0.183106, -0.366211, -1.586915,riding
A, 671382, -0.973511, 0.230347, 0.015625, -0.488281, -0.610352, -1.098633,riding
B, 284935, -0.924683, -0.058228, -0.361938, 0.061035, -0.671387, -1.464844,riding
A, 671402, -0.974487, 0.227173, 0.014160, 0.000000, -0.732422, -1.403809,riding
B, 284955, -0.925659, -0.062134, -0.356567, 0.427246, -0.976563, -1.342773,riding
A, 671422, -0.977051, 0.218262, 0.005859, 0.183106, -0.732422, -1.708985,riding
B, 284975, -0.930298, -0.064209, -0.345459, 0.549316, -1.098633, -1.281738,riding
A, 671442, -0.978882, 0.199829, 0.001709, 0.488281, -0.915528, -1.953125,riding
B, 284995, -0.932861, -0.066528, -0.336914, 0.549316, -1.342773, -1.159668,riding
A, 671462, -0.980835, 0.195557, 0.011353, -0.610352, -0.854492, -2.014160,riding
B, 285015, -0.932251, -0.062134, -0.337524, -0.122070, -1.525879, -1.403809,riding
A, 671482, -0.978882, 0.196777, 0.020264, -0.122070, -0.854492, -2.258301,riding
B, 285035, -0.932495, -0.061035, -0.340088, 0.549316, -1.586915, -1.159668,riding
A, 671502, -0.984741, 0.172241, 0.010376, 0.183106, -0.854492, -2.258301,riding
B, 285055, -0.933960, -0.064575, -0.334717, 0.549316, -1.708985, -1.220703,riding
A, 671522, -0.985596, 0.168579, -0.001099, 0.122070, -0.976563, -2.136230,riding
B, 285075, -0.934570, -0.067993, -0.333130, 0.427246, -1.708985, -1.098633,riding
A, 671542, -0.985107, 0.174316, -0.004028, -0.122070, -1.037598, -2.075195,riding
B, 285095, -0.934814, -0.070313, -0.330566, 0.244141, -1.708985, -1.159668,riding
A, 671562, -0.983765, 0.177124, -0.003784, 0.244141, -1.220703, -2.258301,riding
B, 285115, -0.936646, -0.072510, -0.326538, 0.671387, -1.647950, -0.915528,riding
A, 671582, -0.986328, 0.163574, -0.003540, 0.122070, -1.281738, -2.197266,riding
B, 285135, -0.938232, -0.074707, -0.321533, 0.366211, -1.708985, -0.854492,riding
A, 671602, -0.986328, 0.163696, 0.000244, -0.427246, -1.342773, -2.319336,riding
B, 285155, -0.938721, -0.066772, -0.322144, 0.000000, -1.647950, -0.915528,riding
A, 671622, -0.987183, 0.157104, 0.010742, 0.000000, -1.403809, -2.258301,riding
B, 285175, -0.939697, -0.066528, -0.320313, 0.427246, -1.464844, -0.671387,riding
A, 671642, -0.991821, 0.139282, 0.008545, 0.244141, -1.464844, -2.136230,riding
B, 285195, -0.940186, -0.069580, -0.317749, 0.122070, -1.403809, -0.732422,riding
A, 671662, -0.991333, 0.139648, 0.003418, -0.366211, -1.464844, -1.586915,riding
B, 285215, -0.941406, -0.065552, -0.317017, -0.061035, -1.220703, -0.732422,riding
A, 671682, -0.989990, 0.140869, 0.016602, -0.427246, -1.525879, -1.342773,riding
B, 285235, -0.942993, -0.061646, -0.312378, -0.183106, -1.098633, -0.732422,riding
A, 671702, -0.988770, 0.143677, 0.028931, -0.366211, -1.464844, -1.342773,riding
B, 285255, -0.943726, -0.058594, -0.310669, -0.061035, -0.854492, -0.732422,riding
A, 671722, -0.990356, 0.137695, 0.036865, -0.305176, -1.281738, -1.220703,riding
B, 285275, -0.944824, -0.056030, -0.308105, -0.061035, -0.732422, -0.854492,riding
A, 671742, -0.991089, 0.130737, 0.038574, -0.244141, -1.159668, -1.159668,riding
B, 285295, -0.946899, -0.049072, -0.307495, 0.000000, -0.427246, -0.915528,riding
A, 671762, -0.995117, 0.111084, 0.039917, 0.061035, -1.098633, -0.854492,riding
B, 285315, -0.946533, -0.053955, -0.304565, -0.061035, -0.061035, -1.159668,riding
A, 671782, -0.994507, 0.111206, 0.045776, -0.671387, -0.793457, -0.305176,riding
B, 285335, -0.946289, -0.048584, -0.307251, -0.183106, 0.305176, -1.342773,riding
A, 671802, -0.994141, 0.114624, 0.050903, -0.183106, -0.671387, 0.061035,riding
B, 285355, -0.946045, -0.048584, -0.306152, 0.000000, 0.610352, -1.525879,riding
A, 671822, -0.991455, 0.122192, 0.041016, -0.488281, -0.427246, 0.366211,riding
B, 285375, -0.945435, -0.051025, -0.304932, -0.061035, 0.915528, -1.708985,riding
A, 671842, -0.992065, 0.124146, 0.032349, -0.183106, -0.305176, 0.671387,riding
B, 285395, -0.946655, -0.057861, -0.302734, 0.122070, 1.220703, -1.708985,riding
A, 671862, -0.990723, 0.133179, 0.033203, -1.098633, 0.000000, 0.976563,riding
B, 285415, -0.944824, -0.058838, -0.307007, -0.610352, 1.342773, -2.136230,riding
A, 671882, -0.989258, 0.140869, 0.033569, -0.915528, 0.122070, 1.098633,riding
B, 285435, -0.941528, -0.055664, -0.317017, -0.549316, 1.647950, -2.258301,riding
A, 671902, -0.988281, 0.143799, 0.031616, -1.281738, 0.305176, 1.403809,riding
B, 285455, -0.937744, -0.057861, -0.325928, -1.159668, 1.708985, -2.624512,riding
A, 671922, -0.986084, 0.164307, 0.032959, -2.136230, 0.549316, 1.647950,riding
B, 285475, -0.934814, -0.054932, -0.335815, -1.525879, 1.770020, -2.868653,riding
A, 671942, -0.981079, 0.187256, 0.030273, -1.586915, 0.549316, 1.647950,riding
B, 285495, -0.932617, -0.054810, -0.338989, -0.854492, 1.770020, -2.746582,riding
A, 671962, -0.980225, 0.193359, 0.027344, -1.159668, 0.610352, 1.525879,riding
B, 285515, -0.932373, -0.061035, -0.337769, -0.793457, 1.708985, -2.868653,riding
A, 671982, -0.978760, 0.201660, 0.018799, -1.464844, 0.854492, 1.342773,riding
B, 285535, -0.931763, -0.065552, -0.338501, -0.915528, 1.586915, -2.929688,riding
A, 672002, -0.977051, 0.208740, 0.006592, -1.525879, 0.854492, 1.098633,riding
B, 285555, -0.929077, -0.070313, -0.345825, -1.159668, 1.403809, -3.051759,riding
A, 672022, -0.975830, 0.221069, -0.008423, -1.098633, 0.671387, 0.671387,riding
B, 285575, -0.924194, -0.072998, -0.358032, -0.427246, 1.098633, -2.746582,riding
A, 672042, -0.977417, 0.218994, -0.005127, -0.976563, 0.549316, 0.427246,riding
B, 285595, -0.923218, -0.076050, -0.360962, -0.671387, 0.915528, -2.746582,riding
A, 672062, -0.975830, 0.224854, -0.014160, -0.549316, 0.427246, 0.305176,riding
B, 285615, -0.923340, -0.077271, -0.361450, 0.061035, 0.671387, -2.380371,riding
A, 672082, -0.976563, 0.218506, -0.018311, -0.366211, 0.244141, 0.061035,riding
B, 285635, -0.924561, -0.084229, -0.355957, -0.183106, 0.427246, -2.319336,riding
A, 672102, -0.976318, 0.228027, -0.027344, -1.220703, 0.244141, -0.061035,riding
B, 285655, -0.925049, -0.086060, -0.354248, -0.671387, 0.122070, -2.380371,riding
A, 672122, -0.974854, 0.230103, -0.035400, -0.366211, -0.183106, -0.549316,riding
B, 285675, -0.923706, -0.090576, -0.353516, 0.061035, -0.122070, -1.892090,riding
A, 672142, -0.977051, 0.223511, -0.042603, -0.610352, -0.305176, -0.976563,riding
B, 285695, -0.924683, -0.096436, -0.353760, -0.183106, -0.427246, -1.586915,riding
A, 672162, -0.978638, 0.215454, -0.053223, -0.427246, -0.793457, -1.098633,riding
B, 285715, -0.924316, -0.096069, -0.357056, -0.183106, -0.732422, -1.281738,riding
A, 672182, -0.978760, 0.214355, -0.048706, -0.610352, -1.220703, -1.342773,riding
B, 285735, -0.922485, -0.090698, -0.359253, -0.244141, -0.915528, -0.976563,riding
A, 672202, -0.977783, 0.215820, -0.026733, 0.061035, -1.586915, -1.586915,riding
B, 285755, -0.924194, -0.087769, -0.355835, 0.244141, -1.037598, -0.610352,riding
A, 672222, -0.979736, 0.206543, -0.027954, 0.488281, -1.708985, -1.770020,riding
B, 285775, -0.927002, -0.088257, -0.348267, 0.610352, -1.220703, -0.305176,riding
A, 672242, -0.981567, 0.197266, -0.035522, 0.427246, -1.953125, -1.953125,riding
B, 285795, -0.928955, -0.090088, -0.340942, 0.549316, -1.342773, -0.122070,riding
A, 672262, -0.984131, 0.183960, -0.034058, 0.183106, -2.197266, -2.014160,riding
B, 285815, -0.931274, -0.091187, -0.336060, 0.305176, -1.403809, 0.000000,riding
A, 672282, -0.983032, 0.185425, -0.028076, -0.610352, -2.197266, -1.953125,riding
B, 285835, -0.929932, -0.087769, -0.342163, -0.366211, -1.586915, 0.061035,riding
A, 672302, -0.982178, 0.189941, -0.023193, -0.061035, -2.441406, -2.075195,riding
B, 285855, -0.929321, -0.082642, -0.344604, 0.305176, -1.586915, 0.427246,riding
A, 672322, -0.983765, 0.183472, -0.018921, 0.122070, -2.624512, -2.075195,riding
B, 285875, -0.929688, -0.082397, -0.343384, -0.122070, -1.647950, 0.488281,riding
A, 672342, -0.983398, 0.187622, -0.021118, -0.183106, -2.746582, -2.014160,riding
B, 285895, -0.930542, -0.083740, -0.342285, 0.000000, -1.708985, 0.732422,riding
A, 672362, -0.983154, 0.189453, -0.024048, 0.305176, -3.112794, -2.197266,riding
B, 285915, -0.930664, -0.086060, -0.337891, 0.244141, -1.770020, 0.976563,riding
A, 672382, -0.983398, 0.186279, -0.022949, 0.183106, -3.234864, -2.319336,riding
B, 285935, -0.932373, -0.083008, -0.334839, 0.122070, -1.831055, 1.098633,riding
A, 672402, -0.983765, 0.184937, -0.020386, 0.244141, -3.479005, -2.380371,riding
B, 285955, -0.931763, -0.082275, -0.334961, 0.183106, -1.892090, 1.281738,riding
A, 672422, -0.982666, 0.185791, -0.016235, -0.183106, -3.540040, -2.502441,riding
B, 285975, -0.931396, -0.077515, -0.338501, -0.061035, -1.892090, 1.403809,riding
A, 672442, -0.984497, 0.173340, -0.012695, 0.732422, -3.845216, -2.685547,riding
B, 285995, -0.934448, -0.076172, -0.332397, 0.610352, -1.892090, 1.831055,riding
A, 672462, -0.988525, 0.151123, -0.007202, 0.488281, -3.906251, -2.380371,riding
B, 286015, -0.936646, -0.077393, -0.326172, -0.061035, -1.831055, 1.708985,riding
A, 672482, -0.988403, 0.156250, -0.008667, -0.366211, -3.906251, -2.075195,riding
B, 286035, -0.937134, -0.073608, -0.325195, -0.549316, -1.770020, 1.586915,riding
A, 672502, -0.987427, 0.157471, 0.002563, -0.122070, -4.028320, -2.075195,riding
B, 286055, -0.939697, -0.068726, -0.320435, -0.366211, -1.647950, 1.770020,riding
A, 672522, -0.986938, 0.152100, 0.023926, -0.610352, -3.906251, -1.953125,riding
B, 286075, -0.941772, -0.059326, -0.318237, -1.037598, -1.647950, 1.403809,riding
A, 672542, -0.984863, 0.158203, 0.051758, -0.793457, -3.662110, -1.892090,riding
B, 286095, -0.940308, -0.043701, -0.321533, -0.732422, -1.464844, 1.281738,riding
A, 672562, -0.986572, 0.150269, 0.066650, -0.915528, -3.295899, -1.770020,riding
B, 286115, -0.941162, -0.039551, -0.324829, -1.037598, -1.342773, 0.854492,riding
A, 672582, -0.985352, 0.155762, 0.078979, -1.342773, -2.868653, -1.525879,riding
B, 286135, -0.939209, -0.031250, -0.328247, -1.159668, -1.281738, 0.427246,riding
A, 672602, -0.982544, 0.172241, 0.085327, -0.976563, -2.502441, -1.342773,riding
B, 286155, -0.939087, -0.026733, -0.332886, -0.732422, -1.220703, 0.183106,riding
A, 672622, -0.982422, 0.174805, 0.080200, -0.122070, -2.258301, -1.525879,riding
B, 286175, -0.938477, -0.030518, -0.329468, 0.000000, -1.098633, 0.061035,riding
A, 672642, -0.982178, 0.169922, 0.078003, -0.305176, -1.892090, -1.525879,riding
B, 286195, -0.940308, -0.033813, -0.324829, -0.183106, -1.098633, -0.427246,riding
A, 672662, -0.983276, 0.167236, 0.080444, -0.366211, -1.464844, -1.586915,riding
B, 286215, -0.941162, -0.030640, -0.322021, -0.061035, -1.098633, -0.732422,riding
A, 672682, -0.984863, 0.161621, 0.082397, -0.366211, -1.037598, -1.647950,riding
B, 286235, -0.941528, -0.031372, -0.322510, 0.183106, -0.976563, -1.281738,riding
A, 672702, -0.985229, 0.156006, 0.078491, -0.061035, -0.793457, -1.525879,riding
B, 286255, -0.940918, -0.033813, -0.322998, 0.366211, -0.793457, -1.525879,riding
A, 672722, -0.988525, 0.141724, 0.062622, 0.549316, -0.305176, -1.342773,riding
B, 286275, -0.942383, -0.039063, -0.319824, 0.915528, -0.610352, -1.586915,riding
A, 672742, -0.991211, 0.129272, 0.055542, 0.061035, 0.000000, -0.976563,riding
B, 286295, -0.943481, -0.044067, -0.314575, 0.488281, -0.427246, -2.075195,riding
A, 672762, -0.990234, 0.135986, 0.056885, -0.122070, 0.183106, -0.671387,riding
B, 286315, -0.944946, -0.041260, -0.311523, 0.488281, -0.183106, -2.258301,riding
A, 672782, -0.989868, 0.134155, 0.059082, 0.061035, 0.488281, -0.549316,riding
B, 286335, -0.945923, -0.045532, -0.308228, 0.671387, 0.061035, -2.502441,riding
A, 672802, -0.989746, 0.136597, 0.050537, -0.244141, 0.854492, -0.305176,riding
B, 286355, -0.944458, -0.049194, -0.311157, 0.122070, 0.244141, -3.051759,riding
A, 672822, -0.987915, 0.151123, 0.044922, -0.793457, 1.098633, -0.122070,riding
B, 286375, -0.940186, -0.047119, -0.323975, 0.000000, 0.427246, -3.295899,riding
A, 672842, -0.985229, 0.159058, 0.043213, -0.671387, 1.220703, -0.061035,riding
B, 286395, -0.938110, -0.052246, -0.327271, 0.183106, 0.488281, -3.356935,riding
A, 672862, -0.986206, 0.160156, 0.036377, -0.549316, 1.464844, 0.061035,riding
B, 286415, -0.937256, -0.056885, -0.329468, 0.061035, 0.549316, -3.601075,riding
A, 672882, -0.983643, 0.166992, 0.035278, -0.854492, 1.708985, 0.183106,riding
B, 286435, -0.937012, -0.054321, -0.328979, -0.061035, 0.549316, -3.845216,riding
A, 672902, -0.981689, 0.179443, 0.034912, -0.366211, 1.770020, 0.061035,riding
B, 286455, -0.936646, -0.053345, -0.329712, 0.305176, 0.610352, -3.845216,riding
A, 672922, -0.983521, 0.172974, 0.022949, 0.122070, 1.831055, -0.061035,riding
B, 286475, -0.935913, -0.062500, -0.328613, 0.793457, 0.610352, -3.723145,riding
A, 672942, -0.984009, 0.171753, 0.010254, -0.488281, 1.953125, -0.061035,riding
B, 286495, -0.934692, -0.071655, -0.331787, 0.244141, 0.610352, -4.089355,riding
A, 672962, -0.984375, 0.173584, 0.000977, -0.305176, 1.953125, 0.000000,riding
B, 286515, -0.934814, -0.073730, -0.332886, 0.610352, 0.610352, -3.906251,riding
A, 672982, -0.984375, 0.169067, -0.007690, 0.183106, 1.770020, -0.061035,riding
B, 286535, -0.933594, -0.081299, -0.332153, 0.976563, 0.732422, -3.723145,riding
A, 673002, -0.987061, 0.161377, -0.018677, 0.122070, 1.770020, 0.061035,riding
B, 286555, -0.934082, -0.088379, -0.330322, 0.793457, 0.732422, -3.662110,riding
A, 673022, -0.988892, 0.157227, -0.034668, 0.549316, 1.525879, 0.183106,riding
B, 286575, -0.935547, -0.094727, -0.325073, 1.159668, 0.854492, -3.234864,riding
A, 673042, -0.989746, 0.150269, -0.042603, -0.061035, 1.342773, 0.366211,riding
B, 286595, -0.935425, -0.100586, -0.324341, 0.000000, 0.854492, -3.479005,riding
A, 673062, -0.984619, 0.178711, -0.046265, -1.892090, 1.281738, 0.549316,riding
B, 286615, -0.932617, -0.099121, -0.330200, -1.342773, 0.793457, -3.662110,riding
A, 673082, -0.984985, 0.181763, -0.050659, -0.488281, 0.732422, 0.305176,riding
B, 286635, -0.930908, -0.104492, -0.334839, 0.122070, 0.915528, -2.685547,riding
A, 673102, -0.987305, 0.172485, -0.057739, -0.671387, 0.549316, 0.366211,riding
B, 286655, -0.928711, -0.107788, -0.338013, -0.610352, 0.854492, -2.624512,riding
A, 673122, -0.986328, 0.182617, -0.062622, -1.953125, 0.366211, 0.610352,riding
B, 286675, -0.927124, -0.105835, -0.346313, -1.525879, 0.732422, -2.624512,riding
A, 673142, -0.981934, 0.199585, -0.062744, -1.586915, -0.061035, 0.549316,riding
B, 286695, -0.924438, -0.107666, -0.349365, -0.976563, 0.671387, -2.075195,riding
A, 673162, -0.980469, 0.208252, -0.059082, -1.159668, -0.427246, 0.366211,riding
B, 286715, -0.925171, -0.108887, -0.349609, -0.915528, 0.549316, -1.708985,riding
A, 673182, -0.979004, 0.215576, -0.063110, -0.854492, -0.854492, 0.061035,riding
B, 286735, -0.925293, -0.105103, -0.348633, -0.549316, 0.366211, -1.281738,riding
A, 673202, -0.979126, 0.212402, -0.063965, -0.610352, -1.220703, -0.244141,riding
B, 286755, -0.924194, -0.109741, -0.350830, -0.671387, 0.061035, -0.732422,riding
A, 673222, -0.979736, 0.211914, -0.066528, -0.854492, -1.586915, -0.488281,riding
B, 286775, -0.924438, -0.109497, -0.352905, -0.427246, 0.000000, -0.366211,riding
A, 673242, -0.982300, 0.198486, -0.061890, -0.183106, -2.197266, -0.671387,riding
B, 286795, -0.924805, -0.108154, -0.350098, -0.183106, -0.183106, 0.122070,riding
A, 673262, -0.983521, 0.193604, -0.066162, -0.183106, -2.502441, -0.549316,riding
B, 286815, -0.925659, -0.107300, -0.348877, -0.305176, -0.305176, 0.366211,riding
A, 673282, -0.981934, 0.198975, -0.061401, -0.610352, -2.868653, -0.610352,riding
B, 286835, -0.924927, -0.107056, -0.349121, -0.671387, -0.427246, 0.610352,riding
A, 673302, -0.978149, 0.214233, -0.047852, -1.159668, -3.051759, -0.732422,riding
B, 286855, -0.925293, -0.101318, -0.351074, -1.220703, -0.610352, 0.732422,riding
A, 673322, -0.976685, 0.223389, -0.040649, -0.366211, -3.417970, -1.159668,riding
B, 286875, -0.924683, -0.096558, -0.351929, -0.488281, -0.732422, 1.220703,riding
A, 673342, -0.978394, 0.213745, -0.031860, -0.122070, -3.662110, -1.464844,riding
B, 286895, -0.924927, -0.089600, -0.352173, -0.793457, -1.098633, 1.342773,riding
A, 673362, -0.977783, 0.214478, -0.023682, -0.854492, -3.662110, -1.586915,riding
B, 286915, -0.924072, -0.083740, -0.355103, -0.732422, -1.281738, 1.525879,riding
A, 673382, -0.977783, 0.210327, -0.016479, -0.061035, -3.967286, -1.831055,riding
B, 286935, -0.926025, -0.083618, -0.354980, -0.244141, -1.464844, 1.770020,riding
A, 673402, -0.978271, 0.206665, -0.008545, -0.305176, -3.967286, -1.831055,riding
B, 286955, -0.925537, -0.077759, -0.354126, -0.732422, -1.647950, 1.647950,riding
A, 673422, -0.977905, 0.210693, -0.004761, 0.122070, -4.089355, -2.136230,riding
B, 286975, -0.928589, -0.075195, -0.349854, -0.183106, -1.708985, 1.892090,riding
A, 673442, -0.980591, 0.194946, 0.000854, 0.366211, -4.211426, -2.380371,riding
B, 286995, -0.929932, -0.077393, -0.341064, 0.183106, -1.831055, 2.014160,riding
A, 673462, -0.981689, 0.189087, 0.011230, -0.549316, -3.967286, -2.319336,riding
B, 287015, -0.931641, -0.073120, -0.338867, -0.610352, -2.075195, 1.586915,riding
A, 673482, -0.979248, 0.195923, 0.016113, -0.427246, -3.967286, -2.563477,riding
B, 287035, -0.929932, -0.060181, -0.342651, -0.244141, -2.075195, 1.770020,riding
A, 673502, -0.981567, 0.186768, 0.028931, 0.000000, -3.967286, -2.563477,riding
B, 287055, -0.931763, -0.057861, -0.341675, -0.305176, -2.136230, 1.586915,riding
A, 673522, -0.982300, 0.181030, 0.041382, -0.427246, -3.723145, -2.563477,riding
B, 287075, -0.933228, -0.052612, -0.341064, -0.549316, -2.197266, 1.281738,riding
A, 673542, -0.981201, 0.182983, 0.052979, -0.671387, -3.356935, -2.502441,riding
B, 287095, -0.935059, -0.046143, -0.336792, -0.549316, -2.136230, 1.037598,riding
A, 673562, -0.981567, 0.181519, 0.056763, -0.061035, -3.234864, -2.563477,riding
B, 287115, -0.937134, -0.044067, -0.332764, 0.122070, -2.197266, 0.915528,riding
A, 673582, -0.984009, 0.166260, 0.065796, 0.061035, -2.807618, -2.624512,riding
B, 287135, -0.938965, -0.044434, -0.326416, 0.244141, -2.075195, 0.732422,riding
A, 673602, -0.984009, 0.162720, 0.072510, -0.427246, -2.380371, -2.563477,riding
B, 287155, -0.938721, -0.037598, -0.326416, -0.244141, -2.075195, -0.061035,riding
A, 673622, -0.983887, 0.165649, 0.070679, -0.244141, -2.014160, -2.563477,riding
B, 287175, -0.939331, -0.037964, -0.328125, 0.244141, -1.892090, -0.183106,riding
A, 673642, -0.985962, 0.151855, 0.067871, 0.488281, -1.770020, -2.441406,riding
B, 287195, -0.940796, -0.041382, -0.322998, 0.610352, -1.770020, -0.427246,riding
A, 673662, -0.988403, 0.142456, 0.073242, -0.122070, -1.281738, -2.258301,riding
B, 287215, -0.943481, -0.037109, -0.318237, 0.305176, -1.586915, -0.915528,riding
A, 673682, -0.988892, 0.138672, 0.070190, 0.549316, -1.037598, -2.075195,riding
B, 287235, -0.944580, -0.039185, -0.312866, 0.915528, -1.342773, -1.037598,riding
A, 673702, -0.992065, 0.127686, 0.065674, 0.244141, -0.671387, -1.831055,riding
B, 287255, -0.945313, -0.045898, -0.310303, 0.549316, -1.159668, -1.464844,riding
A, 673722, -0.991577, 0.130127, 0.056030, -0.244141, -0.244141, -1.525879,riding
B, 287275, -0.945313, -0.047729, -0.310059, 0.305176, -0.915528, -1.892090,riding
A, 673742, -0.991577, 0.129639, 0.051147, 0.244141, -0.061035, -1.220703,riding
B, 287295, -0.945190, -0.051636, -0.311401, 0.610352, -0.488281, -2.136230,riding
A, 673762, -0.991821, 0.129272, 0.041504, -0.244141, 0.305176, -0.854492,riding
B, 287315, -0.943726, -0.054443, -0.311279, 0.366211, -0.244141, -2.441406,riding
A, 673782, -0.990723, 0.131592, 0.034790, -0.122070, 0.549316, -0.610352,riding
B, 287335, -0.942627, -0.058716, -0.312622, 0.488281, 0.000000, -2.502441,riding
A, 673802, -0.991699, 0.127930, 0.025513, 0.183106, 0.549316, -0.366211,riding
B, 287355, -0.943726, -0.063843, -0.311157, 0.732422, 0.244141, -2.563477,riding
A, 673822, -0.991089, 0.132935, 0.023193, -0.976563, 0.915528, 0.061035,riding
B, 287375, -0.942261, -0.065918, -0.314209, -0.366211, 0.366211, -3.051759,riding
A, 673842, -0.989014, 0.149048, 0.015991, -1.037598, 1.037598, 0.183106,riding
B, 287395, -0.939697, -0.065918, -0.318237, -0.366211, 0.549316, -3.112794,riding
A, 673862, -0.987915, 0.154297, 0.006836, -0.793457, 0.976563, 0.244141,riding
B, 287415, -0.936768, -0.077515, -0.323975, -0.244141, 0.732422, -3.112794,riding
A, 673882, -0.986572, 0.157593, -0.006592, -0.854492, 0.976563, 0.366211,riding
B, 287435, -0.937012, -0.082153, -0.326416, -0.061035, 0.854492, -2.929688,riding
A, 673902, -0.987061, 0.158691, -0.021606, -0.305176, 0.732422, 0.366211,riding
B, 287455, -0.935669, -0.087891, -0.326416, 0.305176, 0.976563, -2.685547,riding
A, 673922, -0.988525, 0.154419, -0.030884, -0.549316, 0.610352, 0.610352,riding
B, 287475, -0.934570, -0.093872, -0.328125, -0.610352, 0.976563, -2.807618,riding
A, 673942, -0.985962, 0.173462, -0.042236, -1.464844, 0.427246, 0.732422,riding
B, 287495, -0.932617, -0.096436, -0.332275, -0.976563, 1.037598, -2.624512,riding
A, 673962, -0.984741, 0.182861, -0.043945, -1.281738, 0.122070, 0.671387,riding
B, 287515, -0.930298, -0.098389, -0.336670, -0.854492, 0.976563, -2.319336,riding
A, 673982, -0.981445, 0.192627, -0.044556, -1.525879, -0.122070, 0.610352,riding
B, 287535, -0.929443, -0.096924, -0.340942, -1.098633, 0.915528, -2.197266,riding
A, 674002, -0.981567, 0.197144, -0.041626, -1.159668, -0.427246, 0.427246,riding
B, 287555, -0.928101, -0.094849, -0.346069, -0.793457, 0.732422, -1.708985,riding
A, 674022, -0.980835, 0.199585, -0.038818, -1.037598, -0.671387, 0.366211,riding
B, 287575, -0.926636, -0.096069, -0.347656, -0.854492, 0.610352, -1.464844,riding
A, 674042, -0.979736, 0.204346, -0.035522, -1.159668, -0.854492, 0.244141,riding
B, 287595, -0.925537, -0.093750, -0.350220, -0.976563, 0.427246, -1.281738,riding
A, 674062, -0.979492, 0.212036, -0.034912, -1.220703, -1.037598, 0.122070,riding
B, 287615, -0.926147, -0.088867, -0.351807, -0.854492, 0.244141, -1.159668,riding
A, 674082, -0.978882, 0.213745, -0.027100, -1.098633, -1.281738, -0.122070,riding
B, 287635, -0.926025, -0.087646, -0.351929, -0.854492, 0.061035, -0.915528,riding
A, 674102, -0.977417, 0.217529, -0.017944, -0.976563, -1.464844, -0.427246,riding
B, 287655, -0.925049, -0.085815, -0.352051, -0.732422, -0.122070, -0.854492,riding
A, 674122, -0.976685, 0.218872, -0.007935, -0.610352, -1.525879, -0.793457,riding
B, 287675, -0.926514, -0.079468, -0.352783, -0.610352, -0.305176, -0.671387,riding
A, 674142, -0.979492, 0.209839, -0.010010, 0.183106, -1.770020, -0.976563,riding
B, 287695, -0.926514, -0.080566, -0.351196, 0.122070, -0.549316, -0.366211,riding
A, 674162, -0.979248, 0.206055, -0.006348, -0.915528, -1.647950, -1.037598,riding
B, 287715, -0.926270, -0.080566, -0.354492, -0.793457, -0.793457, -0.732422,riding
A, 674182, -0.977051, 0.218994, 0.000244, -0.610352, -1.708985, -1.281738,riding
B, 287735, -0.925659, -0.072998, -0.354370, -0.061035, -0.854492, -0.488281,riding
A, 674202, -0.978149, 0.208130, 0.003174, 0.549316, -1.831055, -1.586915,riding
B, 287755, -0.928223, -0.075806, -0.346191, 0.671387, -0.976563, -0.183106,riding
A, 674222, -0.981689, 0.194824, -0.003052, 0.183106, -1.708985, -1.647950,riding
B, 287775, -0.930786, -0.078247, -0.343018, 0.183106, -1.098633, -0.366211,riding
A, 674242, -0.981934, 0.191650, -0.002563, -0.183106, -1.770020, -1.708985,riding
B, 287795, -0.931030, -0.077148, -0.340698, 0.000000, -1.220703, -0.427246,riding
A, 674262, -0.981689, 0.190430, 0.002075, -0.061035, -1.770020, -1.831055,riding
B, 287815, -0.930176, -0.075073, -0.342651, 0.122070, -1.342773, -0.366211,riding
A, 674282, -0.981689, 0.192627, 0.010254, -0.427246, -1.647950, -1.770020,riding
B, 287835, -0.929810, -0.070313, -0.344727, -0.183106, -1.403809, -0.610352,riding
A, 674302, -0.980835, 0.193237, 0.011841, 0.305176, -1.708985, -1.953125,riding
B, 287855, -0.931641, -0.068237, -0.342529, 0.610352, -1.403809, -0.366211,riding
A, 674322, -0.983032, 0.179932, 0.010498, 0.488281, -1.708985, -2.075195,riding
B, 287875, -0.933838, -0.072876, -0.335693, 0.671387, -1.403809, -0.427246,riding
A, 674342, -0.984375, 0.176392, 0.010376, -0.183106, -1.464844, -1.892090,riding
B, 287895, -0.933960, -0.073364, -0.334961, 0.000000, -1.525879, -0.732422,riding
A, 674362, -0.982544, 0.189697, 0.009033, -0.488281, -1.403809, -2.075195,riding
B, 287915, -0.932861, -0.069824, -0.336426, -0.061035, -1.464844, -0.793457,riding
A, 674382, -0.983765, 0.177734, 0.003174, 0.671387, -1.586915, -2.197266,riding
B, 287935, -0.933228, -0.075195, -0.334595, 0.854492, -1.464844, -0.427246,riding
A, 674402, -0.987915, 0.161865, 0.003540, -0.061035, -1.342773, -2.075195,riding
B, 287955, -0.934692, -0.075317, -0.331543, 0.122070, -1.464844, -0.854492,riding
A, 674422, -0.986206, 0.166382, 0.003296, -0.183106, -1.342773, -1.892090,riding
B, 287975, -0.935303, -0.071899, -0.331299, 0.183106, -1.403809, -0.793457,riding
A, 674442, -0.985962, 0.167603, 0.004150, 0.000000, -1.342773, -1.831055,riding
B, 287995, -0.935425, -0.075928, -0.330688, 0.427246, -1.281738, -0.732422,riding
A, 674462, -0.986694, 0.160156, -0.000977, 0.305176, -1.342773, -1.831055,riding
B, 288015, -0.937134, -0.078979, -0.325562, 0.549316, -1.220703, -0.671387,riding
A, 674482, -0.989136, 0.151001, -0.008057, 0.549316, -1.403809, -1.770020,riding
B, 288035, -0.939209, -0.079956, -0.320801, 0.732422, -1.037598, -0.549316,riding
A, 674502, -0.992188, 0.133911, -0.008789, 0.549316, -1.525879, -1.586915,riding
B, 288055, -0.940918, -0.081543, -0.314697, 0.793457, -0.854492, -0.488281,riding
A, 674522, -0.993652, 0.126221, -0.006958, -0.122070, -1.464844, -1.220703,riding
B, 288075, -0.942749, -0.083130, -0.313354, -0.061035, -0.610352, -0.671387,riding
A, 674542, -0.993530, 0.129150, -0.008057, -0.305176, -1.464844, -0.854492,riding
B, 288095, -0.940552, -0.082764, -0.315674, -0.244141, -0.305176, -0.732422,riding
A, 674562, -0.992065, 0.136597, -0.000854, -1.098633, -1.342773, -0.488281,riding
B, 288115, -0.939331, -0.075684, -0.319702, -0.976563, -0.183106, -0.976563,riding
A, 674582, -0.989502, 0.154663, 0.002563, -1.037598, -1.342773, -0.305176,riding
B, 288135, -0.937866, -0.074829, -0.322876, -0.427246, 0.000000, -0.732422,riding
A, 674602, -0.987549, 0.154297, 0.002197, -0.305176, -1.464844, -0.305176,riding
B, 288155, -0.938232, -0.081177, -0.322510, -0.183106, 0.183106, -0.671387,riding
A, 674622, -0.989136, 0.152466, -0.002075, -0.732422, -1.342773, -0.122070,riding
B, 288175, -0.936768, -0.080322, -0.324097, -0.793457, 0.244141, -0.915528,riding
A, 674642, -0.985352, 0.172729, 0.000366, -1.342773, -1.281738, 0.061035,riding
B, 288195, -0.935181, -0.073608, -0.331299, -1.098633, 0.244141, -0.976563,riding
A, 674662, -0.982544, 0.188965, 0.005493, -1.342773, -1.281738, 0.061035,riding
B, 288215, -0.930176, -0.075195, -0.342651, -1.037598, 0.183106, -1.037598,riding
A, 674682, -0.979980, 0.199463, 0.005127, -0.854492, -1.281738, -0.183106,riding
B, 288235, -0.929688, -0.073242, -0.344727, -0.366211, 0.183106, -0.793457,riding
A, 674702, -0.980591, 0.196167, 0.003174, -0.366211, -1.342773, -0.305176,riding
B, 288255, -0.929932, -0.074219, -0.343872, -0.366211, 0.061035, -0.793457,riding
A, 674722, -0.979614, 0.201416, -0.001709, -0.854492, -1.281738, -0.305176,riding
B, 288275, -0.929199, -0.075562, -0.346069, -0.549316, -0.122070, -0.915528,riding
A, 674742, -0.978882, 0.208130, 0.000000, -0.488281, -1.403809, -0.671387,riding
B, 288295, -0.928345, -0.076538, -0.347290, -0.244141, -0.244141, -0.732422,riding
A, 674762, -0.979248, 0.207764, -0.000244, -0.366211, -1.342773, -0.854492,riding
B, 288315, -0.928467, -0.076538, -0.348145, -0.122070, -0.366211, -0.793457,riding
A, 674782, -0.980713, 0.195923, -0.004395, 0.244141, -1.464844, -1.098633,riding
B, 288335, -0.929932, -0.076416, -0.343506, 0.366211, -0.427246, -0.549316,riding
A, 674802, -0.983276, 0.182617, -0.003540, -0.793457, -1.342773, -0.976563,riding
B, 288355, -0.929932, -0.075928, -0.341553, -0.549316, -0.610352, -0.854492,riding
A, 674822, -0.981201, 0.193726, 0.001099, -0.427246, -1.403809, -1.098633,riding
B, 288375, -0.930542, -0.075928, -0.342407, -0.061035, -0.610352, -0.671387,riding
A, 674842, -0.983765, 0.185669, -0.002197, -0.061035, -1.464844, -1.220703,riding
B, 288395, -0.930786, -0.079956, -0.339111, 0.122070, -0.671387, -0.610352,riding
A, 674862, -0.983521, 0.182129, -0.010742, -0.183106, -1.525879, -1.220703,riding
B, 288415, -0.932007, -0.079468, -0.337402, 0.000000, -0.732422, -0.671387,riding
A, 674882, -0.983276, 0.181885, -0.006470, -0.366211, -1.586915, -1.220703,riding
B, 288435, -0.931763, -0.078125, -0.336914, -0.122070, -0.793457, -0.610352,riding
A, 674902, -0.984253, 0.182739, 0.000366, -0.427246, -1.586915, -1.220703,riding
B, 288455, -0.932983, -0.076294, -0.336670, -0.183106, -0.793457, -0.732422,riding
A, 674922, -0.983154, 0.184814, 0.003784, -0.427246, -1.525879, -1.342773,riding
B, 288475, -0.931641, -0.074707, -0.338623, -0.122070, -0.915528, -0.671387,riding
A, 674942, -0.982544, 0.185913, 0.000732, -0.122070, -1.525879, -1.403809,riding
B, 288495, -0.932495, -0.074707, -0.336792, 0.183106, -0.854492, -0.549316,riding
A, 674962, -0.984497, 0.174927, -0.002197, 0.000000, -1.586915, -1.342773,riding
B, 288515, -0.933716, -0.079224, -0.334961, 0.122070, -0.854492, -0.549316,riding
A, 674982, -0.985840, 0.171265, 0.000000, -0.244141, -1.525879, -1.281738,riding
B, 288535, -0.934082, -0.078125, -0.333008, -0.061035, -0.854492, -0.610352,riding
A, 675002, -0.985474, 0.171631, 0.003052, -0.183106, -1.586915, -1.342773,riding
B, 288555, -0.934570, -0.074951, -0.331665, 0.061035, -0.793457, -0.610352,riding
A, 675022, -0.986328, 0.166626, 0.005615, -0.122070, -1.525879, -1.281738,riding
B, 288575, -0.936279, -0.072876, -0.328979, 0.122070, -0.732422, -0.610352,riding
A, 675042, -0.987427, 0.159546, 0.003418, -0.061035, -1.525879, -1.281738,riding
B, 288595, -0.937012, -0.075073, -0.326538, 0.061035, -0.610352, -0.610352,riding
A, 675062, -0.988770, 0.154541, 0.004150, -0.305176, -1.464844, -1.037598,riding
B, 288615, -0.936401, -0.076416, -0.328125, -0.305176, -0.488281, -0.793457,riding
A, 675082, -0.987061, 0.161987, 0.002441, -0.549316, -1.403809, -0.854492,riding
B, 288635, -0.934937, -0.073975, -0.331299, -0.183106, -0.488281, -0.732422,riding
A, 675102, -0.986084, 0.166748, 0.004883, -0.488281, -1.342773, -0.793457,riding
B, 288655, -0.935181, -0.074219, -0.330811, -0.244141, -0.305176, -0.793457,riding
A, 675122, -0.986206, 0.166260, 0.004517, -0.061035, -1.403809, -0.793457,riding
B, 288675, -0.936157, -0.076904, -0.328979, 0.122070, -0.244141, -0.671387,riding
A, 675142, -0.986328, 0.163330, 0.003784, -0.610352, -1.342773, -0.671387,riding
B, 288695, -0.934937, -0.075684, -0.330078, -0.610352, -0.305176, -1.037598,riding
A, 675162, -0.983032, 0.180054, 0.004761, -0.427246, -1.281738, -0.671387,riding
B, 288715, -0.934692, -0.070557, -0.334351, -0.305176, -0.244141, -0.854492,riding
A, 675182, -0.984619, 0.174805, 0.003052, -0.061035, -1.342773, -0.732422,riding
B, 288735, -0.933350, -0.078369, -0.334473, 0.000000, -0.183106, -0.793457,riding
A, 675202, -0.985962, 0.171997, 0.003052, -0.610352, -1.159668, -0.610352,riding
B, 288755, -0.932495, -0.075928, -0.336060, -0.488281, -0.244141, -1.037598,riding
A, 675222, -0.983276, 0.183228, -0.001343, -0.610352, -1.220703, -0.671387,riding
B, 288775, -0.931763, -0.072876, -0.339355, -0.244141, -0.244141, -0.915528,riding
A, 675242, -0.982544, 0.184082, 0.002075, -0.366211, -1.342773, -0.671387,riding
B, 288795, -0.931396, -0.077026, -0.339233, -0.244141, -0.305176, -0.915528,riding
A, 675262, -0.980957, 0.191772, 0.007446, -0.854492, -1.159668, -0.671387,riding
B, 288815, -0.931152, -0.074463, -0.341187, -0.549316, -0.366211, -1.037598,riding
A, 675282, -0.981323, 0.197876, 0.012451, -0.427246, -1.159668, -0.854492,riding
B, 288835, -0.932251, -0.069092, -0.341431, -0.122070, -0.427246, -0.976563,riding
A, 675302, -0.980835, 0.189575, 0.005127, 0.000000, -1.159668, -1.098633,riding
B, 288855, -0.931641, -0.073730, -0.338745, 0.305176, -0.427246, -0.854492,riding
A, 675322, -0.985107, 0.177856, -0.000732, 0.000000, -1.220703, -1.037598,riding
B, 288875, -0.930542, -0.080444, -0.340576, -0.854492, -0.610352, -1.281738,riding
A, 675342, -0.979980, 0.201172, -0.002075, -0.976563, -1.037598, -0.976563,riding
B, 288895, -0.929077, -0.074097, -0.346802, -0.366211, -0.671387, -1.098633,riding
A, 675362, -0.979736, 0.202637, 0.000854, -0.305176, -1.220703, -1.281738,riding
B, 288915, -0.928101, -0.075317, -0.347046, -0.061035, -0.732422, -0.976563,riding
A, 675382, -0.981079, 0.199097, -0.000488, -0.061035, -1.220703, -1.464844,riding
B, 288935, -0.931152, -0.077393, -0.342407, 0.244141, -0.732422, -0.915528,riding
A, 675402, -0.982544, 0.184692, 0.000610, -0.061035, -1.159668, -1.342773,riding
B, 288955, -0.931641, -0.079102, -0.338135, 0.122070, -0.976563, -0.976563,riding
A, 675422, -0.983276, 0.185669, -0.003540, -0.366211, -1.159668, -1.647950,riding
B, 288975, -0.931519, -0.075317, -0.337402, 0.061035, -0.915528, -0.976563,riding
A, 675442, -0.984985, 0.176147, -0.004028, 0.244141, -1.281738, -1.525879,riding
B, 288995, -0.934082, -0.079224, -0.333984, 0.427246, -0.976563, -0.793457,riding
A, 675462, -0.986084, 0.169434, -0.003418, -0.427246, -1.220703, -1.464844,riding
B, 289015, -0.934204, -0.079102, -0.334351, 0.000000, -0.976563, -0.915528,riding
A, 675482, -0.987671, 0.171265, -0.008179, 0.061035, -1.281738, -1.525879,riding
B, 289035, -0.934937, -0.081909, -0.329590, 0.610352, -0.793457, -0.610352,riding
A, 675502, -0.988403, 0.155029, -0.008789, -0.183106, -1.342773, -1.281738,riding
B, 289055, -0.937500, -0.082397, -0.324463, 0.061035, -0.732422, -0.793457,riding
A, 675522, -0.988281, 0.155029, -0.002319, -0.549316, -1.342773, -1.037598,riding
B, 289075, -0.937744, -0.077637, -0.323975, -0.244141, -0.671387, -0.854492,riding
A, 675542, -0.988281, 0.157837, -0.003418, -0.366211, -1.281738, -1.098633,riding
B, 289095, -0.936768, -0.081177, -0.325562, -0.122070, -0.488281, -0.793457,riding
A, 675562, -0.989136, 0.156250, -0.007690, -0.366211, -1.342773, -0.915528,riding
B, 289115, -0.937378, -0.081543, -0.325439, -0.183106, -0.427246, -0.793457,riding
A, 675582, -0.988770, 0.151367, -0.006470, -0.427246, -1.464844, -0.732422,riding
B, 289135, -0.936768, -0.078491, -0.326538, -0.488281, -0.305176, -0.854492,riding
A, 675602, -0.987305, 0.159546, 0.003052, -0.976563, -1.342773, -0.549316,riding
B, 289155, -0.935059, -0.075806, -0.328735, -0.549316, -0.183106, -0.854492,riding
A, 675622, -0.986816, 0.165649, 0.006958, -0.549316, -1.342773, -0.488281,riding
B, 289175, -0.936279, -0.076904, -0.330200, -0.366211, -0.061035, -0.854492,riding
A, 675642, -0.985840, 0.166382, -0.001831, -0.366211, -1.342773, -0.488281,riding
B, 289195, -0.934204, -0.079834, -0.330322, -0.122070, 0.000000, -0.732422,riding
A, 675662, -0.985962, 0.166626, -0.006714, -0.549316, -1.342773, -0.305176,riding
B, 289215, -0.934448, -0.079956, -0.332275, -0.610352, 0.061035, -0.854492,riding
A, 675682, -0.983765, 0.181152, -0.002075, -0.915528, -1.342773, -0.244141,riding
B, 289235, -0.931152, -0.078735, -0.336792, -0.671387, 0.000000, -0.854492,riding
A, 675702, -0.982422, 0.191040, -0.005493, -0.671387, -1.403809, -0.427246,riding
B, 289255, -0.931763, -0.079224, -0.341064, -0.610352, 0.000000, -0.854492,riding
A, 675722, -0.983887, 0.184204, -0.010376, -0.061035, -1.525879, -0.549316,riding
B, 289275, -0.932129, -0.082520, -0.338013, -0.061035, 0.000000, -0.549316,riding
A, 675742, -0.984253, 0.178955, -0.012329, -0.366211, -1.525879, -0.488281,riding
B, 289295, -0.931885, -0.081787, -0.335815, -0.244141, -0.061035, -0.610352,riding
A, 675762, -0.984741, 0.178711, -0.010010, -0.061035, -1.708985, -0.549316,riding
B, 289315, -0.932007, -0.083130, -0.335815, 0.061035, 0.000000, -0.427246,riding
A, 675782, -0.984009, 0.178589, -0.006592, -0.671387, -1.586915, -0.427246,riding
B, 289335, -0.931763, -0.081421, -0.338379, -0.671387, -0.061035, -0.610352,riding
A, 675802, -0.983276, 0.183350, -0.008789, -0.305176, -1.708985, -0.549316,riding
B, 289355, -0.931641, -0.076904, -0.337036, 0.000000, 0.000000, -0.366211,riding
A, 675822, -0.987061, 0.168457, -0.006104, 0.305176, -1.892090, -0.610352,riding
B, 289375, -0.933716, -0.081665, -0.331909, 0.122070, 0.061035, -0.244141,riding
A, 675842, -0.985840, 0.167969, 0.000854, -1.037598, -1.647950, -0.244141,riding
B, 289395, -0.932495, -0.073364, -0.339111, -0.976563, 0.000000, -0.610352,riding
A, 675862, -0.982544, 0.188599, 0.000977, -0.366211, -1.770020, -0.427246,riding
B, 289415, -0.931396, -0.074341, -0.340454, -0.183106, 0.000000, -0.366211,riding
A, 675882, -0.982544, 0.182495, -0.003784, -0.244141, -1.831055, -0.427246,riding
B, 289435, -0.931152, -0.080688, -0.340576, -0.244141, 0.000000, -0.366211,riding
A, 675902, -0.981323, 0.190063, 0.003540, -1.098633, -1.647950, -0.305176,riding
B, 289455, -0.930420, -0.075439, -0.343750, -1.037598, -0.183106, -0.671387,riding
A, 675922, -0.977173, 0.207764, 0.014282, -1.037598, -1.647950, -0.488281,riding
B, 289475, -0.928467, -0.067383, -0.349609, -0.793457, -0.244141, -0.671387,riding
A, 675942, -0.977173, 0.213745, 0.017822, -0.549316, -1.586915, -0.732422,riding
B, 289495, -0.927856, -0.067017, -0.351929, -0.305176, -0.366211, -0.610352,riding
A, 675962, -0.977661, 0.209961, 0.013916, -0.122070, -1.525879, -0.976563,riding
B, 289515, -0.926025, -0.069702, -0.352173, 0.000000, -0.488281, -0.610352,riding
A, 675982, -0.978516, 0.209839, 0.011475, -0.427246, -1.403809, -1.159668,riding
B, 289535, -0.926758, -0.068970, -0.351563, -0.061035, -0.793457, -0.732422,riding
A, 676002, -0.976807, 0.210327, 0.011475, -0.305176, -1.403809, -1.220703,riding
B, 289555, -0.927490, -0.068481, -0.353149, -0.366211, -0.976563, -0.976563,riding
A, 676022, -0.976685, 0.215698, 0.016968, -0.610352, -1.281738, -1.464844,riding
B, 289575, -0.927368, -0.066040, -0.351929, 0.305176, -1.037598, -0.793457,riding
A, 676042, -0.980225, 0.196899, 0.013794, 0.488281, -1.281738, -1.892090,riding
B, 289595, -0.928711, -0.072632, -0.346191, 0.671387, -1.159668, -0.671387,riding
A, 676062, -0.982056, 0.190918, 0.002441, 0.061035, -1.159668, -1.892090,riding
B, 289615, -0.931030, -0.073975, -0.341919, 0.366211, -1.281738, -0.976563,riding
A, 676082, -0.983154, 0.182983, 0.000000, 0.183106, -1.220703, -1.892090,riding
B, 289635, -0.931519, -0.075073, -0.339966, 0.549316, -1.342773, -0.854492,riding
A, 676102, -0.984375, 0.182007, -0.001465, -0.244141, -1.159668, -1.892090,riding
B, 289655, -0.932251, -0.078003, -0.339111, 0.122070, -1.342773, -1.037598,riding
A, 676122, -0.984863, 0.176025, -0.009399, 0.488281, -1.342773, -1.892090,riding
B, 289675, -0.932739, -0.083618, -0.334473, 0.671387, -1.220703, -0.732422,riding
A, 676142, -0.986938, 0.164551, -0.013794, 0.122070, -1.342773, -1.831055,riding
B, 289695, -0.934326, -0.084106, -0.330200, 0.183106, -1.220703, -0.854492,riding
A, 676162, -0.985962, 0.165161, -0.018799, -0.061035, -1.403809, -1.708985,riding
B, 289715, -0.935425, -0.084595, -0.328857, 0.427246, -1.159668, -0.610352,riding
A, 676182, -0.987305, 0.160645, -0.016357, -0.122070, -1.525879, -1.586915,riding
B, 289735, -0.935425, -0.085205, -0.329712, -0.122070, -1.098633, -0.732422,riding
A, 676202, -0.987427, 0.161987, -0.012207, -0.061035, -1.647950, -1.525879,riding
B, 289755, -0.935059, -0.081543, -0.329346, 0.122070, -0.976563, -0.549316,riding
A, 676222, -0.987671, 0.155884, -0.008179, -0.305176, -1.647950, -1.464844,riding
B, 289775, -0.936890, -0.082031, -0.327393, 0.000000, -0.915528, -0.488281,riding
A, 676242, -0.988403, 0.153442, -0.003540, -0.244141, -1.647950, -1.220703,riding
B, 289795, -0.937500, -0.078857, -0.325928, -0.061035, -0.732422, -0.427246,riding
A, 676262, -0.989258, 0.152466, -0.005127, -0.305176, -1.647950, -1.037598,riding
B, 289815, -0.937012, -0.080811, -0.326904, -0.183106, -0.610352, -0.427246,riding
A, 676282, -0.988159, 0.156250, -0.010864, -0.488281, -1.770020, -0.854492,riding
B, 289835, -0.935669, -0.081299, -0.327393, -0.366211, -0.488281, -0.488281,riding
A, 676302, -0.987671, 0.163086, -0.007935, -0.732422, -1.770020, -0.793457,riding
B, 289855, -0.936768, -0.078003, -0.328003, -0.427246, -0.366211, -0.427246,riding
A, 676322, -0.986328, 0.163330, -0.002563, -0.305176, -1.892090, -0.732422,riding
B, 289875, -0.935913, -0.079712, -0.328247, -0.244141, -0.244141, -0.366211,riding
A, 676342, -0.986816, 0.162109, 0.001465, -0.549316, -1.831055, -0.671387,riding
B, 289895, -0.935913, -0.077515, -0.328003, -0.427246, -0.183106, -0.366211,riding
A, 676362, -0.986572, 0.165405, 0.001831, -0.732422, -1.708985, -0.549316,riding
B, 289915, -0.935181, -0.074829, -0.331665, -0.610352, -0.122070, -0.427246,riding
A, 676382, -0.985596, 0.171021, 0.000122, -0.671387, -1.831055, -0.427246,riding
B, 289935, -0.934448, -0.075317, -0.333984, -0.549316, -0.061035, -0.427246,riding
A, 676402, -0.984863, 0.174561, 0.003296, -0.732422, -1.770020, -0.366211,riding
B, 289955, -0.932861, -0.076050, -0.336548, -0.610352, -0.061035, -0.427246,riding
A, 676422, -0.984131, 0.182007, 0.005981, -0.793457, -1.708985, -0.366211,riding
B, 289975, -0.933472, -0.072388, -0.336914, -0.671387, -0.061035, -0.488281,riding
A, 676442, -0.982056, 0.185303, 0.008057, -0.671387, -1.708985, -0.366211,riding
B, 289995, -0.932617, -0.070435, -0.338135, -0.488281, -0.061035, -0.488281,riding
A, 676462, -0.982910, 0.182373, 0.005005, -0.305176, -1.770020, -0.549316,riding
B, 290015, -0.931763, -0.073120, -0.337158, -0.122070, -0.061035, -0.305176,riding
A, 676482, -0.983521, 0.179810, 0.005615, -0.610352, -1.647950, -0.488281,riding
B, 290035, -0.932617, -0.076294, -0.338745, -0.610352, -0.122070, -0.549316,riding
A, 676502, -0.981812, 0.188232, 0.002808, -0.793457, -1.647950, -0.427246,riding
B, 290055, -0.931030, -0.072510, -0.343628, -0.488281, -0.183106, -0.488281,riding
A, 676522, -0.982788, 0.191772, 0.001465, -0.549316, -1.770020, -0.610352,riding
B, 290075, -0.930786, -0.073242, -0.342529, -0.244141, -0.183106, -0.427246,riding
A, 676542, -0.982910, 0.187622, 0.003662, -0.366211, -1.770020, -0.549316,riding
B, 290095, -0.931641, -0.074219, -0.339844, -0.427246, -0.244141, -0.549316,riding
B, 290115, -0.931396, -0.068481, -0.340454, -0.366211, -0.305176, -0.549316,riding
B, 290135, -0.932373, -0.066162, -0.339966, -0.244141, -0.305176, -0.610352,riding
B, 290155, -0.933105, -0.070679, -0.340454, -0.244141, -0.366211, -0.610352,riding
B, 290175, -0.931519, -0.075562, -0.341431, -0.122070, -0.427246, -0.610352,riding
B, 290195, -0.930542, -0.070923, -0.341064, -0.244141, -0.366211, -0.671387,riding
B, 290215, -0.933228, -0.075317, -0.337646, 0.000000, -0.366211, -0.610352,riding
A, 676562, -0.981567, 0.192139, 0.013428, -0.549316, -1.647950, -0.732422,riding
A, 676582, -0.982544, 0.186768, 0.015259, -0.427246, -1.586915, -0.854492,riding
A, 676602, -0.983643, 0.183716, 0.009644, -0.488281, -1.464844, -0.854492,riding
A, 676622, -0.983643, 0.181274, 0.004883, -0.305176, -1.525879, -0.793457,riding
A, 676642, -0.984009, 0.184326, 0.004395, -0.610352, -1.403809, -0.854492,riding
A, 676662, -0.983398, 0.184448, 0.000977, -0.122070, -1.525879, -0.793457,riding
A, 676682, -0.984009, 0.177368, -0.005005, -0.183106, -1.586915, -0.854492,riding
B, 290235, -0.934204, -0.080322, -0.334717, -0.061035, -0.427246, -0.549316,riding
A, 676702, -0.984863, 0.175415, -0.008423, -0.305176, -1.586915, -0.915528,riding
B, 290255, -0.933594, -0.079834, -0.332642, -0.122070, -0.305176, -0.488281,riding
B, 290275, -0.934570, -0.078125, -0.331665, -0.122070, -0.305176, -0.427246,riding
B, 290295, -0.934570, -0.075439, -0.335327, -0.610352, -0.244141, -0.549316,riding
B, 290315, -0.933472, -0.074829, -0.333862, 0.244141, -0.061035, -0.244141,riding
B, 290335, -0.935669, -0.077148, -0.326904, -0.549316, 0.061035, -0.549316,riding
B, 290355, -0.938232, -0.072021, -0.326294, -0.366211, 0.244141, -0.366211,riding
B, 290375, -0.937866, -0.078735, -0.324219, -0.122070, 0.427246, -0.183106,riding
A, 676722, -0.986450, 0.167480, -0.008911, -0.122070, -1.708985, -0.793457,riding
A, 676742, -0.986328, 0.171631, -0.000488, -0.732422, -1.708985, -0.671387,riding
A, 676762, -0.987305, 0.161499, 0.001587, 0.244141, -1.892090, -0.671387,riding
A, 676782, -0.989136, 0.152344, -0.001709, -0.488281, -1.708985, -0.427246,riding
A, 676802, -0.987793, 0.156982, -0.000366, -0.549316, -1.831055, -0.122070,riding
A, 676822, -0.988037, 0.155396, -0.001587, -0.183106, -1.831055, -0.183106,riding
A, 676842, -0.990112, 0.146118, -0.003174, -0.488281, -1.831055, 0.122070,riding
B, 290395, -0.938477, -0.079468, -0.324097, -0.610352, 0.549316, -0.305176,riding
A, 676862, -0.988892, 0.149902, -0.001587, -1.098633, -1.770020, 0.305176,riding
B, 290415, -0.936401, -0.074097, -0.327759, -0.976563, 0.732422, -0.427246,riding
A, 676882, -0.988770, 0.157593, -0.000122, -0.915528, -1.831055, 0.488281,riding
B, 290435, -0.936157, -0.072388, -0.331177, -0.793457, 0.915528, -0.366211,riding
A, 676902, -0.989868, 0.154663, 0.003174, -0.854492, -1.831055, 0.793457,riding
B, 290455, -0.934570, -0.076904, -0.331055, -1.037598, 1.159668, -0.366211,riding
A, 676922, -0.986938, 0.165283, 0.004150, -1.403809, -1.770020, 0.976563,riding
B, 290475, -0.935181, -0.071655, -0.331665, -1.281738, 1.220703, -0.488281,riding
A, 676942, -0.986206, 0.170654, -0.000122, -0.610352, -1.953125, 1.037598,riding
B, 290495, -0.934082, -0.073486, -0.332886, -0.732422, 1.342773, -0.183106,riding
A, 676962, -0.986084, 0.173096, 0.000610, -1.464844, -1.831055, 1.098633,riding
B, 290515, -0.932251, -0.076660, -0.337402, -1.464844, 1.403809, -0.488281,riding
A, 676982, -0.983643, 0.178223, -0.000488, -1.098633, -1.892090, 1.098633,riding
B, 290535, -0.932129, -0.073242, -0.339111, -1.037598, 1.464844, -0.244141,riding
A, 677002, -0.985596, 0.168823, 0.001831, -0.915528, -1.953125, 1.159668,riding
B, 290555, -0.931885, -0.073975, -0.338989, -1.098633, 1.586915, -0.244141,riding
A, 677022, -0.985718, 0.174805, -0.000122, -1.586915, -1.892090, 1.403809,riding
B, 290575, -0.931030, -0.071899, -0.342285, -1.586915, 1.586915, -0.366211,riding
A, 677042, -0.982544, 0.189087, 0.002563, -0.854492, -2.136230, 1.525879,riding
B, 290595, -0.927856, -0.071533, -0.353882, -0.610352, 1.708985, 0.000000,riding
A, 677062, -0.981079, 0.200806, -0.004272, -0.122070, -2.136230, 1.403809,riding
B, 290615, -0.915894, -0.089722, -0.374756, -0.488281, 1.281738, 0.183106,riding
A, 677082, -0.969727, 0.261963, -0.028076, -2.624512, -1.770020, 1.831055,riding
B, 290635, -0.910767, -0.077148, -0.396118, -2.563477, 1.098633, -0.488281,riding
A, 677102, -0.960693, 0.312500, -0.045410, 1.525879, -3.051759, 1.098633,riding
B, 290655, -0.910278, -0.068359, -0.395996, 1.159668, 0.793457, 1.220703,riding
A, 677122, -0.965210, 0.287354, -0.040283, 2.014160, -3.540040, -0.366211,riding
B, 290675, -0.921997, -0.099731, -0.362305, 1.464844, 0.610352, 1.586915,riding
A, 677142, -0.974731, 0.231445, -0.019653, 1.098633, -3.479005, -1.586915,riding
B, 290695, -0.940308, -0.089966, -0.310791, 0.671387, 0.244141, 1.464844,riding
A, 677162, -0.985352, 0.165161, 0.004761, -0.427246, -3.356935, -2.075195,riding
B, 290715, -0.948120, -0.069580, -0.296143, -1.220703, 0.061035, 0.793457,riding
A, 677182, -0.996704, 0.108887, 0.038086, -1.831055, -3.051759, -1.953125,riding
B, 290735, -0.937256, -0.058105, -0.332397, -1.403809, 0.488281, 0.732422,riding
A, 677202, -1.006104, 0.062500, 0.045044, -0.549316, -2.868653, -0.610352,riding
B, 290755, -0.930664, -0.063843, -0.352539, -0.793457, 1.159668, 0.732422,riding
A, 677222, -1.006836, 0.058716, 0.044800, -1.464844, -2.319336, 1.647950,riding
B, 290775, -0.929688, -0.040405, -0.361206, -2.014160, 1.647950, 0.122070,riding
A, 677242, -0.992798, 0.125977, 0.027588, -0.976563, -2.563477, 2.990724,riding
B, 290795, -0.934692, -0.035522, -0.344727, -0.854492, 2.197266, 0.488281,riding
A, 677262, -0.976807, 0.207153, 0.042480, -0.793457, -2.563477, 3.112794,riding
B, 290815, -0.939575, -0.059326, -0.320557, -0.976563, 2.258301, 0.305176,riding
A, 677282, -0.967529, 0.258667, 0.040405, -0.915528, -2.075195, 2.136230,riding
B, 290835, -0.936768, -0.069702, -0.326660, -1.098633, 1.953125, 0.000000,riding
A, 677302, -0.963745, 0.281006, 0.016235, -1.098633, -1.770020, 0.732422,riding
B, 290855, -0.921997, -0.049561, -0.370728, -0.915528, 1.525879, -0.061035,riding
A, 677322, -0.969360, 0.252686, 0.003540, -0.549316, -2.136230, -0.061035,riding
B, 290875, -0.914673, -0.056030, -0.388184, -0.610352, 1.464844, 0.122070,riding
A, 677342, -0.979248, 0.212891, 0.006714, -0.671387, -2.258301, 0.122070,riding
B, 290895, -0.913818, -0.068359, -0.392944, -0.732422, 1.220703, 0.061035,riding
A, 677362, -0.981567, 0.197021, 0.015625, -0.732422, -2.197266, 0.671387,riding
B, 290915, -0.917969, -0.062256, -0.380981, -0.793457, 1.220703, 0.061035,riding
A, 677382, -0.981812, 0.191040, 0.007935, -0.183106, -2.258301, 0.915528,riding
B, 290935, -0.929199, -0.052490, -0.350464, -0.244141, 1.403809, 0.305176,riding
A, 677402, -0.982422, 0.179199, 0.008423, -0.122070, -2.563477, 1.037598,riding
B, 290955, -0.936646, -0.063477, -0.326050, -0.427246, 1.403809, 0.305176,riding
A, 677422, -0.981445, 0.187012, 0.029663, -1.098633, -2.136230, 0.976563,riding
B, 290975, -0.932129, -0.067871, -0.338013, -1.098633, 1.220703, -0.061035,riding
A, 677442, -0.978027, 0.219971, 0.019897, -0.854492, -1.892090, 0.854492,riding
B, 290995, -0.916504, -0.054565, -0.386597, -0.976563, 1.281738, -0.061035,riding
A, 677462, -0.974976, 0.234375, 0.001465, -0.366211, -2.136230, 0.976563,riding
B, 291015, -0.911743, -0.050171, -0.396240, -0.366211, 1.281738, 0.183106,riding
A, 677482, -0.974976, 0.233032, -0.002930, 0.549316, -2.563477, 0.915528,riding
B, 291035, -0.916870, -0.065063, -0.380493, 0.366211, 1.220703, 0.610352,riding
A, 677502, -0.975220, 0.225952, 0.000854, 0.000000, -2.563477, 0.793457,riding
B, 291055, -0.927002, -0.074219, -0.353516, -0.366211, 1.037598, 0.366211,riding
A, 677522, -0.974731, 0.223999, 0.003906, -0.732422, -2.441406, 0.244141,riding
B, 291075, -0.933350, -0.065430, -0.335815, -0.671387, 0.976563, 0.366211,riding
A, 677542, -0.980713, 0.198486, 0.008667, -1.098633, -2.441406, -0.183106,riding
B, 291095, -0.932739, -0.062988, -0.340332, -1.159668, 0.793457, 0.244141,riding
A, 677562, -0.983765, 0.186035, 0.009521, -1.525879, -2.441406, -0.061035,riding
B, 291115, -0.917114, -0.061646, -0.386597, -1.525879, 0.854492, 0.183106,riding
A, 677582, -0.984863, 0.182251, 0.012085, -1.525879, -2.441406, 0.610352,riding
B, 291135, -0.913452, -0.053345, -0.397705, -1.464844, 1.098633, 0.244141,riding
A, 677602, -0.980469, 0.199219, 0.011963, -0.732422, -2.746582, 1.525879,riding
B, 291155, -0.920532, -0.052124, -0.377197, -0.854492, 1.220703, 0.610352,riding
A, 677622, -0.975830, 0.216431, 0.022339, -1.403809, -2.746582, 1.403809,riding
B, 291175, -0.931152, -0.055786, -0.344727, -1.403809, 1.220703, 0.305176,riding
A, 677642, -0.973633, 0.221436, 0.042480, -1.525879, -2.563477, 0.793457,riding
B, 291195, -0.937256, -0.052002, -0.327515, -1.586915, 1.037598, 0.122070,riding
A, 677662, -0.975952, 0.211426, 0.046265, -1.586915, -2.258301, 0.183106,riding
B, 291215, -0.932373, -0.046631, -0.343628, -1.586915, 1.037598, 0.000000,riding
A, 677682, -0.981445, 0.189819, 0.043945, -1.892090, -2.014160, 0.183106,riding
B, 291235, -0.922363, -0.043335, -0.373535, -1.831055, 1.098633, -0.244141,riding
A, 677702, -0.982422, 0.182007, 0.035767, -1.281738, -2.075195, 0.854492,riding
B, 291255, -0.914063, -0.040405, -0.397827, -1.037598, 1.403809, -0.061035,riding
A, 677722, -0.981079, 0.191406, 0.031860, -0.671387, -2.136230, 1.770020,riding
B, 291275, -0.919189, -0.044556, -0.385986, -0.549316, 1.586915, 0.061035,riding
A, 677742, -0.978638, 0.209351, 0.020630, 0.183106, -2.319336, 1.831055,riding
B, 291295, -0.928833, -0.056519, -0.351563, 0.061035, 1.770020, 0.305176,riding
A, 677762, -0.976318, 0.215454, 0.018799, 0.122070, -2.319336, 1.647950,riding
B, 291315, -0.935425, -0.060913, -0.331421, -0.488281, 1.647950, 0.122070,riding
A, 677782, -0.973145, 0.232056, 0.027954, -1.647950, -1.892090, 0.854492,riding
B, 291335, -0.929199, -0.052979, -0.349487, -1.525879, 1.403809, -0.305176,riding
A, 677802, -0.976318, 0.222656, 0.007202, -0.549316, -2.136230, 0.305176,riding
B, 291355, -0.919189, -0.052979, -0.378540, -0.793457, 1.525879, 0.000000,riding
A, 677822, -0.983398, 0.186646, -0.003662, -0.427246, -2.319336, 0.732422,riding
B, 291375, -0.916016, -0.061157, -0.388550, -0.671387, 1.708985, 0.366211,riding
A, 677842, -0.983154, 0.180420, 0.009155, -0.671387, -2.441406, 1.770020,riding
B, 291395, -0.915527, -0.055298, -0.389893, -1.281738, 1.647950, 0.122070,riding
A, 677862, -0.976685, 0.218018, 0.023560, -0.854492, -2.441406, 2.197266,riding
B, 291415, -0.918701, -0.047119, -0.383789, -0.976563, 1.770020, 0.244141,riding
A, 677882, -0.971924, 0.240723, 0.029297, -1.098633, -2.380371, 1.831055,riding
B, 291435, -0.924194, -0.043579, -0.361694, -1.159668, 1.770020, 0.183106,riding
A, 677902, -0.969849, 0.244019, 0.025146, -0.549316, -2.563477, 1.342773,riding
B, 291455, -0.927246, -0.051758, -0.354858, -0.854492, 1.647950, 0.244141,riding
A, 677922, -0.973022, 0.235107, 0.034790, -1.281738, -2.258301, 0.915528,riding
B, 291475, -0.921021, -0.052490, -0.372070, -1.464844, 1.464844, 0.000000,riding
A, 677942, -0.975586, 0.225098, 0.023682, -0.915528, -2.197266, 0.610352,riding
B, 291495, -0.913818, -0.048706, -0.392944, -0.976563, 1.525879, 0.122070,riding
A, 677962, -0.974976, 0.226563, 0.017334, -1.647950, -2.136230, 1.464844,riding
B, 291515, -0.909180, -0.046143, -0.407837, -1.342773, 1.586915, 0.061035,riding
A, 677982, -0.975098, 0.230347, 0.011719, -0.305176, -2.563477, 1.525879,riding
B, 291535, -0.916626, -0.057251, -0.386597, -0.976563, 1.586915, 0.305176,riding
A, 678002, -0.972778, 0.236938, 0.019409, -2.502441, -2.075195, 1.708985,riding
B, 291555, -0.921509, -0.051514, -0.370239, -2.258301, 1.281738, -0.183106,riding
A, 678022, -0.969116, 0.259155, 0.016724, -1.403809, -2.502441, 0.915528,riding
B, 291575, -0.922485, -0.050415, -0.369629, -1.525879, 1.281738, 0.183106,riding
A, 678042, -0.971313, 0.241577, 0.027832, -1.464844, -2.441406, 0.427246,riding
B, 291595, -0.919556, -0.048096, -0.374268, -1.525879, 1.159668, 0.183106,riding
A, 678062, -0.974976, 0.228760, 0.027100, -1.708985, -2.319336, 0.427246,riding
B, 291615, -0.913452, -0.052368, -0.393799, -1.892090, 1.098633, 0.122070,riding
A, 678082, -0.973389, 0.233398, 0.022461, -2.319336, -2.197266, 0.671387,riding
B, 291635, -0.909302, -0.044678, -0.409058, -2.319336, 1.037598, -0.122070,riding
A, 678102, -0.973267, 0.234009, 0.029663, -1.220703, -2.502441, 0.976563,riding
B, 291655, -0.913940, -0.036743, -0.395874, -1.159668, 1.098633, 0.305176,riding
A, 678122, -0.972046, 0.234497, 0.043579, -2.197266, -2.380371, 1.342773,riding
B, 291675, -0.917114, -0.042358, -0.385620, -2.258301, 0.915528, -0.122070,riding
A, 678142, -0.963135, 0.273438, 0.040894, -2.441406, -2.197266, 0.671387,riding
B, 291695, -0.916260, -0.039917, -0.383301, -2.258301, 0.732422, -0.244141,riding
A, 678162, -0.960693, 0.308105, 0.029785, -0.122070, -2.746582, -0.366211,riding
B, 291715, -0.916504, -0.040527, -0.393555, 0.000000, 0.671387, 0.488281,riding
A, 678182, -0.964600, 0.263184, 0.041260, -0.244141, -2.624512, -0.671387,riding
B, 291735, -0.910767, -0.025269, -0.398926, 0.122070, 0.183106, 0.549316,riding
A, 678202, -0.974365, 0.226318, 0.064575, -0.488281, -2.380371, -0.793457,riding
B, 291755, -0.909058, -0.040039, -0.407593, -0.610352, 0.244141, 0.183106,riding
A, 678222, -0.972534, 0.235718, 0.045166, -0.488281, -2.075195, -0.305176,riding
B, 291775, -0.908325, -0.034180, -0.412231, -0.427246, 0.183106, 0.122070,riding
A, 678242, -0.971313, 0.237671, 0.030640, -0.549316, -2.075195, 0.061035,riding
B, 291795, -0.912354, -0.029785, -0.400269, -0.732422, 0.122070, -0.061035,riding
A, 678262, -0.968872, 0.252686, 0.024292, -0.610352, -2.319336, 0.183106,riding
B, 291815, -0.915405, -0.041992, -0.388672, -0.671387, 0.000000, 0.000000,riding
A, 678282, -0.967529, 0.261230, 0.047974, -1.342773, -2.136230, -0.183106,riding
B, 291835, -0.917725, -0.043823, -0.381470, -1.403809, -0.244141, -0.366211,riding
A, 678302, -0.967407, 0.258789, 0.046753, -1.464844, -1.647950, -1.098633,riding
B, 291855, -0.918823, -0.034668, -0.380249, -1.281738, -0.366211, -0.427246,riding
A, 678322, -0.971802, 0.239258, 0.032837, -1.281738, -1.831055, -1.525879,riding
B, 291875, -0.917480, -0.027710, -0.385986, -1.159668, -0.366211, -0.488281,riding
A, 678342, -0.975952, 0.218262, 0.045776, -1.525879, -1.831055, -1.037598,riding
B, 291895, -0.911377, -0.036621, -0.401001, -1.037598, -0.488281, -0.427246,riding
A, 678362, -0.974243, 0.226807, 0.050171, -2.075195, -1.464844, -0.488281,riding
B, 291915, -0.908081, -0.038574, -0.412476, -1.770020, -0.366211, -0.854492,riding
A, 678382, -0.971436, 0.240112, 0.036377, -1.586915, -1.464844, -0.122070,riding
B, 291935, -0.913208, -0.024414, -0.397461, -1.220703, -0.488281, -0.671387,riding
A, 678402, -0.967041, 0.258423, 0.036499, -0.915528, -1.892090, -0.366211,riding
B, 291955, -0.917969, -0.027100, -0.382324, -0.610352, -0.488281, -0.488281,riding
A, 678422, -0.964966, 0.270996, 0.056519, -0.854492, -1.831055, -0.915528,riding
B, 291975, -0.918457, -0.041748, -0.379639, -0.427246, -0.671387, -0.549316,riding
A, 678442, -0.966431, 0.267090, 0.053101, -0.061035, -1.525879, -1.647950,riding
B, 291995, -0.917603, -0.043823, -0.384766, 0.061035, -0.854492, -0.488281,riding
A, 678462, -0.971680, 0.240967, 0.038086, -0.427246, -1.342773, -2.014160,riding
B, 292015, -0.915894, -0.027588, -0.390991, -0.366211, -0.793457, -0.671387,riding
A, 678482, -0.980835, 0.198120, 0.038818, -0.488281, -1.708985, -1.403809,riding
B, 292035, -0.913452, -0.028320, -0.396729, 0.000000, -0.854492, -0.549316,riding
A, 678502, -0.976929, 0.216431, 0.053711, -1.464844, -1.342773, -0.549316,riding
B, 292055, -0.908936, -0.037231, -0.412231, -0.854492, -0.732422, -0.976563,riding
A, 678522, -0.972046, 0.237427, 0.043701, -0.549316, -1.281738, -0.366211,riding
B, 292075, -0.913330, -0.036621, -0.396484, -0.427246, -0.610352, -0.793457,riding
A, 678542, -0.968994, 0.255371, 0.020508, -0.244141, -1.403809, -0.488281,riding
B, 292095, -0.920532, -0.039063, -0.375610, 0.061035, -0.732422, -0.610352,riding
A, 678562, -0.967407, 0.257202, 0.020508, 0.000000, -1.708985, -1.281738,riding
B, 292115, -0.923218, -0.048340, -0.366333, 0.000000, -0.854492, -0.610352,riding
A, 678582, -0.968140, 0.256226, 0.037842, -1.098633, -1.464844, -1.831055,riding
B, 292135, -0.920654, -0.044556, -0.376587, -0.671387, -0.976563, -0.854492,riding
A, 678602, -0.971680, 0.240479, 0.033569, -1.098633, -1.281738, -2.075195,riding
B, 292155, -0.912476, -0.039551, -0.397461, -0.793457, -1.159668, -0.854492,riding
A, 678622, -0.973877, 0.229370, 0.018921, -1.586915, -1.403809, -1.831055,riding
B, 292175, -0.907593, -0.033813, -0.415894, -0.793457, -1.098633, -0.732422,riding
A, 678642, -0.975586, 0.220825, 0.027588, -1.037598, -1.770020, -1.281738,riding
B, 292195, -0.911865, -0.038452, -0.402588, -0.610352, -0.976563, -0.610352,riding
A, 678662, -0.973755, 0.229492, 0.049561, -0.549316, -1.647950, -0.854492,riding
B, 292215, -0.918823, -0.038818, -0.381958, -0.427246, -1.037598, -0.671387,riding
A, 678682, -0.968872, 0.246094, 0.039063, -0.610352, -1.464844, -1.159668,riding
B, 292235, -0.922119, -0.037964, -0.371582, -0.427246, -1.098633, -0.671387,riding
A, 678702, -0.968628, 0.249878, 0.027832, -0.915528, -1.525879, -1.525879,riding
B, 292255, -0.919678, -0.039063, -0.376465, -0.671387, -1.220703, -0.793457,riding
A, 678722, -0.967896, 0.256592, 0.036987, -1.892090, -1.403809, -1.770020,riding
B, 292275, -0.914307, -0.035767, -0.395386, -1.342773, -1.403809, -1.037598,riding
A, 678742, -0.968872, 0.252319, 0.039795, -0.915528, -1.525879, -2.014160,riding
B, 292295, -0.908936, -0.036743, -0.408691, -0.610352, -1.403809, -0.732422,riding
A, 678762, -0.973389, 0.234009, 0.035645, -0.061035, -1.586915, -1.892090,riding
B, 292315, -0.913330, -0.037476, -0.395996, 0.000000, -1.342773, -0.549316,riding
A, 678782, -0.975342, 0.220337, 0.027954, -0.305176, -1.586915, -1.525879,riding
B, 292335, -0.919556, -0.039673, -0.380493, -0.366211, -1.403809, -0.671387,riding
A, 678802, -0.974121, 0.224121, 0.030273, -0.793457, -1.647950, -1.525879,riding
B, 292355, -0.922607, -0.040039, -0.371094, -0.488281, -1.403809, -0.671387,riding
A, 678822, -0.975220, 0.220825, 0.043213, -0.610352, -1.586915, -1.831055,riding
B, 292375, -0.924927, -0.040649, -0.368042, -0.427246, -1.281738, -0.671387,riding
A, 678842, -0.977539, 0.204712, 0.032104, -0.732422, -1.525879, -1.831055,riding
B, 292395, -0.923584, -0.041748, -0.369629, -0.488281, -1.220703, -0.671387,riding
A, 678862, -0.978027, 0.203857, 0.030884, -1.220703, -1.525879, -1.525879,riding
B, 292415, -0.920288, -0.036011, -0.381226, -0.854492, -1.159668, -0.732422,riding
A, 678882, -0.976929, 0.215576, 0.040161, -1.342773, -1.525879, -1.159668,riding
B, 292435, -0.913696, -0.034668, -0.396851, -0.976563, -1.037598, -0.793457,riding
A, 678902, -0.973145, 0.232178, 0.043091, -1.159668, -1.586915, -0.915528,riding
B, 292455, -0.914185, -0.036865, -0.395142, -0.915528, -1.037598, -0.854492,riding
A, 678922, -0.969727, 0.250000, 0.045532, -1.281738, -1.464844, -1.037598,riding
B, 292475, -0.918823, -0.031860, -0.383667, -0.915528, -1.037598, -0.915528,riding
A, 678942, -0.967896, 0.253906, 0.044189, -0.976563, -1.464844, -1.403809,riding
B, 292495, -0.921021, -0.034058, -0.375366, -0.671387, -1.220703, -0.854492,riding
A, 678962, -0.968750, 0.253174, 0.039429, -0.976563, -1.403809, -1.892090,riding
B, 292515, -0.917480, -0.037598, -0.383301, -0.366211, -1.281738, -0.793457,riding
A, 678982, -0.971680, 0.242310, 0.035889, -0.488281, -1.464844, -2.075195,riding
B, 292535, -0.915161, -0.039551, -0.392090, -0.366211, -1.342773, -0.732422,riding
A, 679002, -0.975586, 0.223633, 0.036499, -0.732422, -1.464844, -1.892090,riding
B, 292555, -0.914795, -0.032715, -0.393311, -0.488281, -1.342773, -0.793457,riding
A, 679022, -0.974609, 0.219238, 0.046143, -0.488281, -1.586915, -1.647950,riding
B, 292575, -0.916626, -0.030396, -0.390747, -0.183106, -1.281738, -0.793457,riding
A, 679042, -0.975952, 0.221069, 0.049927, -0.305176, -1.525879, -1.464844,riding
B, 292595, -0.920288, -0.035889, -0.381714, 0.000000, -1.281738, -0.793457,riding
A, 679062, -0.974854, 0.222168, 0.052856, -0.427246, -1.342773, -1.403809,riding
B, 292615, -0.922974, -0.033813, -0.371582, -0.244141, -1.281738, -0.976563,riding
A, 679082, -0.973511, 0.225586, 0.044922, -0.610352, -1.159668, -1.586915,riding
B, 292635, -0.923828, -0.034302, -0.367920, -0.122070, -1.281738, -0.915528,riding
A, 679102, -0.973755, 0.227417, 0.029053, -0.366211, -1.220703, -1.708985,riding
B, 292655, -0.920654, -0.041138, -0.377686, -0.183106, -1.281738, -0.915528,riding
A, 679122, -0.973633, 0.232178, 0.024414, -0.915528, -1.281738, -1.708985,riding
B, 292675, -0.916748, -0.036743, -0.391846, -0.488281, -1.281738, -0.976563,riding
A, 679142, -0.974609, 0.233154, 0.031494, -0.122070, -1.525879, -1.708985,riding
B, 292695, -0.914551, -0.035522, -0.393555, 0.183106, -1.281738, -0.671387,riding
A, 679162, -0.975098, 0.221191, 0.038574, 0.244141, -1.647950, -1.647950,riding
B, 292715, -0.920776, -0.042603, -0.377319, 0.122070, -1.220703, -0.732422,riding
A, 679182, -0.974854, 0.220947, 0.043701, -1.098633, -1.220703, -1.464844,riding
B, 292735, -0.925903, -0.036499, -0.366577, -0.671387, -1.220703, -1.037598,riding
A, 679202, -0.973389, 0.227783, 0.041992, -0.671387, -1.220703, -1.708985,riding
B, 292755, -0.926025, -0.034668, -0.363647, -0.305176, -1.220703, -0.976563,riding
A, 679222, -0.974976, 0.218994, 0.046143, -0.915528, -1.220703, -1.953125,riding
B, 292775, -0.922485, -0.032227, -0.372437, -0.549316, -1.220703, -1.098633,riding
A, 679242, -0.974731, 0.222656, 0.049805, -0.610352, -1.220703, -1.770020,riding
B, 292795, -0.916748, -0.027344, -0.391846, -0.183106, -1.220703, -1.037598,riding
A, 679262, -0.975830, 0.214722, 0.048584, -0.549316, -1.098633, -1.586915,riding
B, 292815, -0.914429, -0.028564, -0.396606, -0.122070, -1.037598, -1.098633,riding
A, 679282, -0.976685, 0.212646, 0.049316, -0.305176, -1.159668, -1.159668,riding
B, 292835, -0.920776, -0.035645, -0.379150, 0.122070, -0.976563, -1.098633,riding
A, 679302, -0.974365, 0.221191, 0.050171, -0.183106, -1.037598, -1.037598,riding
B, 292855, -0.924683, -0.036499, -0.367920, 0.061035, -0.976563, -1.220703,riding
A, 679322, -0.971680, 0.236694, 0.055054, -0.305176, -0.793457, -1.281738,riding
B, 292875, -0.924316, -0.030151, -0.367310, 0.000000, -1.037598, -1.342773,riding
A, 679342, -0.968384, 0.245972, 0.050415, -0.244141, -0.793457, -1.708985,riding
B, 292895, -0.918945, -0.026978, -0.381592, 0.122070, -1.220703, -1.403809,riding
A, 679362, -0.971558, 0.241455, 0.047119, 0.061035, -0.793457, -2.197266,riding
B, 292915, -0.914673, -0.031616, -0.394775, 0.488281, -1.220703, -1.342773,riding
A, 679382, -0.973511, 0.230713, 0.044922, -0.061035, -0.610352, -1.770020,riding
B, 292935, -0.912476, -0.035645, -0.400513, 0.305176, -1.403809, -1.464844,riding
A, 679402, -0.972534, 0.235962, 0.038452, 0.793457, -0.793457, -1.708985,riding
B, 292955, -0.913330, -0.033081, -0.396606, 0.915528, -1.342773, -1.342773,riding
A, 679422, -0.970703, 0.237061, 0.035889, 0.793457, -0.854492, -1.770020,riding
B, 292975, -0.919312, -0.038940, -0.379272, 0.549316, -1.464844, -1.464844,riding
A, 679442, -0.969482, 0.250488, 0.036865, -0.122070, -0.671387, -1.831055,riding
B, 292995, -0.920898, -0.040161, -0.375732, 0.427246, -1.647950, -1.525879,riding
A, 679462, -0.969482, 0.251465, 0.035156, -0.122070, -0.549316, -2.380371,riding
B, 293015, -0.920044, -0.044434, -0.375610, 0.366211, -1.770020, -1.525879,riding
A, 679482, -0.973511, 0.231567, 0.024658, -0.122070, -0.610352, -2.746582,riding
B, 293035, -0.921875, -0.044189, -0.373901, 0.183106, -1.831055, -1.586915,riding
A, 679502, -0.977905, 0.207275, 0.021118, -0.732422, -0.671387, -2.685547,riding
B, 293055, -0.921143, -0.044312, -0.376099, -0.061035, -1.831055, -1.586915,riding
A, 679522, -0.981445, 0.190796, 0.032227, -0.610352, -0.671387, -2.258301,riding
B, 293075, -0.922485, -0.045654, -0.374268, -0.122070, -1.647950, -1.586915,riding
A, 679542, -0.981689, 0.190430, 0.034912, -0.427246, -0.671387, -1.770020,riding
B, 293095, -0.924805, -0.038574, -0.367310, -0.122070, -1.464844, -1.586915,riding
A, 679562, -0.978516, 0.201172, 0.037109, -1.098633, -0.549316, -1.525879,riding
B, 293115, -0.923706, -0.035034, -0.367676, -0.427246, -1.464844, -1.708985,riding
A, 679582, -0.974976, 0.222412, 0.041138, -0.305176, -0.732422, -1.586915,riding
B, 293135, -0.924316, -0.042603, -0.369263, 0.305176, -1.342773, -1.464844,riding
A, 679602, -0.974365, 0.224243, 0.039429, 0.000000, -0.549316, -1.831055,riding
B, 293155, -0.923218, -0.045166, -0.369507, 0.244141, -1.281738, -1.525879,riding
A, 679622, -0.976440, 0.216797, 0.030396, -0.488281, -0.427246, -1.831055,riding
B, 293175, -0.923340, -0.036011, -0.371216, -0.061035, -1.403809, -1.708985,riding
A, 679642, -0.974365, 0.225464, 0.033691, -0.427246, -0.610352, -1.770020,riding
B, 293195, -0.918457, -0.037354, -0.382568, 0.122070, -1.403809, -1.586915,riding
A, 679662, -0.972534, 0.241577, 0.031006, 0.549316, -0.732422, -1.892090,riding
B, 293215, -0.913940, -0.047607, -0.396118, 0.976563, -1.464844, -1.220703,riding
A, 679682, -0.972534, 0.240234, 0.017700, 1.281738, -0.793457, -1.892090,riding
B, 293235, -0.915161, -0.046143, -0.388428, 0.976563, -1.586915, -1.159668,riding
A, 679702, -0.970459, 0.249878, 0.006714, 0.854492, -1.159668, -2.075195,riding
B, 293255, -0.919067, -0.043335, -0.376831, 1.159668, -1.708985, -0.976563,riding
A, 679722, -0.970703, 0.247559, 0.019897, 1.098633, -1.281738, -2.502441,riding
B, 293275, -0.920532, -0.056885, -0.372925, 1.342773, -1.953125, -0.854492,riding
A, 679742, -0.973022, 0.237915, 0.020142, 1.220703, -1.159668, -2.929688,riding
B, 293295, -0.921631, -0.063843, -0.371948, 1.159668, -2.014160, -0.854492,riding
A, 679762, -0.974854, 0.226074, -0.000244, 0.061035, -0.976563, -2.929688,riding
B, 293315, -0.920654, -0.048096, -0.373413, 0.427246, -2.258301, -0.976563,riding
A, 679782, -0.978149, 0.213623, -0.003906, 0.305176, -1.586915, -3.051759,riding
B, 293335, -0.919678, -0.051025, -0.377930, 0.671387, -2.136230, -0.671387,riding
A, 679802, -0.978882, 0.208862, 0.016602, -0.183106, -1.586915, -2.624512,riding
B, 293355, -0.919312, -0.059326, -0.379150, 0.244141, -2.258301, -0.732422,riding
A, 679822, -0.979980, 0.205078, 0.026123, 0.366211, -1.586915, -2.624512,riding
B, 293375, -0.925293, -0.047241, -0.365356, 0.427246, -2.136230, -0.549316,riding
A, 679842, -0.979492, 0.200562, 0.018555, 0.122070, -1.586915, -2.502441,riding
B, 293395, -0.928223, -0.041382, -0.353882, 0.366211, -2.014160, -0.549316,riding
A, 679862, -0.980957, 0.195679, 0.015869, 0.061035, -1.770020, -2.502441,riding
B, 293415, -0.929688, -0.056396, -0.350464, 0.244141, -2.014160, -0.488281,riding
A, 679882, -0.981567, 0.198364, 0.027100, -0.732422, -1.586915, -2.441406,riding
B, 293435, -0.927246, -0.058105, -0.356812, -0.305176, -1.953125, -0.610352,riding
A, 679902, -0.981201, 0.197388, 0.025513, -0.244141, -1.647950, -2.502441,riding
B, 293455, -0.925537, -0.041504, -0.363159, -0.061035, -1.831055, -0.488281,riding
A, 679922, -0.981445, 0.183472, 0.029175, -0.244141, -1.831055, -2.197266,riding
B, 293475, -0.925903, -0.036865, -0.363281, 0.061035, -1.708985, -0.427246,riding
A, 679942, -0.982056, 0.184082, 0.043823, -0.549316, -1.770020, -1.831055,riding
B, 293495, -0.927124, -0.046265, -0.361328, -0.183106, -1.525879, -0.610352,riding
A, 679962, -0.980591, 0.193359, 0.049683, -0.488281, -1.525879, -1.525879,riding
B, 293515, -0.927734, -0.040283, -0.358643, -0.305176, -1.403809, -0.732422,riding
A, 679982, -0.977295, 0.206421, 0.041870, -0.427246, -1.464844, -1.708985,riding
B, 293535, -0.930542, -0.031738, -0.352661, 0.061035, -1.281738, -0.671387,riding
A, 680002, -0.978149, 0.197632, 0.040894, -0.305176, -1.525879, -1.831055,riding
B, 293555, -0.930420, -0.040039, -0.351440, -0.122070, -1.281738, -0.793457,riding
A, 680022, -0.980103, 0.197876, 0.042847, -0.488281, -1.403809, -1.953125,riding
B, 293575, -0.927979, -0.047485, -0.356812, 0.061035, -1.159668, -0.793457,riding
A, 680042, -0.981567, 0.188354, 0.042114, -0.244141, -1.159668, -1.708985,riding
B, 293595, -0.927124, -0.040894, -0.359985, -0.122070, -1.037598, -0.915528,riding
A, 680062, -0.982056, 0.184204, 0.037109, -0.366211, -1.281738, -1.281738,riding
B, 293615, -0.926147, -0.032959, -0.362183, 0.000000, -0.976563, -0.915528,riding
A, 680082, -0.982178, 0.186157, 0.042358, -0.549316, -1.220703, -1.098633,riding
B, 293635, -0.927490, -0.045532, -0.358032, -0.061035, -0.732422, -0.976563,riding
A, 680102, -0.982422, 0.187012, 0.037231, -0.183106, -1.098633, -0.976563,riding
B, 293655, -0.930420, -0.048950, -0.351440, -0.061035, -0.549316, -1.037598,riding
A, 680122, -0.980835, 0.191162, 0.026855, -0.610352, -0.976563, -0.793457,riding
B, 293675, -0.930542, -0.040894, -0.349487, -0.366211, -0.549316, -1.159668,riding
A, 680142, -0.979858, 0.197144, 0.030640, -0.671387, -1.159668, -0.976563,riding
B, 293695, -0.930664, -0.039551, -0.352417, -0.183106, -0.427246, -1.037598,riding
A, 680162, -0.981201, 0.189941, 0.040039, -0.366211, -1.098633, -1.037598,riding
B, 293715, -0.929565, -0.049072, -0.356567, -0.061035, -0.244141, -1.037598,riding
A, 680182, -0.982666, 0.182617, 0.038452, -0.732422, -0.854492, -0.671387,riding
B, 293735, -0.927490, -0.045410, -0.361206, -0.488281, -0.244141, -1.281738,riding
A, 680202, -0.980469, 0.196533, 0.027222, -0.793457, -0.854492, -0.366211,riding
B, 293755, -0.923706, -0.036987, -0.369141, -0.427246, -0.122070, -1.220703,riding
A, 680222, -0.974854, 0.222168, 0.038574, -0.915528, -0.976563, -0.305176,riding
B, 293775, -0.922241, -0.041748, -0.371094, -0.427246, -0.122070, -1.281738,riding
A, 680242, -0.972412, 0.234375, 0.042358, -0.549316, -0.793457, -0.488281,riding
B, 293795, -0.923462, -0.046997, -0.368652, -0.183106, -0.183106, -1.220703,riding
A, 680262, -0.973022, 0.229370, 0.028564, -0.366211, -0.793457, -0.854492,riding
B, 293815, -0.925049, -0.043701, -0.364258, -0.061035, -0.305176, -1.220703,riding
A, 680282, -0.975220, 0.220215, 0.020996, -0.732422, -0.854492, -1.037598,riding
B, 293835, -0.924072, -0.043579, -0.364990, -0.305176, -0.366211, -1.281738,riding
A, 680302, -0.976807, 0.217773, 0.018066, -0.549316, -1.037598, -1.037598,riding
B, 293855, -0.921509, -0.054443, -0.373291, -0.183106, -0.488281, -1.220703,riding
A, 680322, -0.976929, 0.218994, 0.023438, -0.793457, -0.915528, -0.915528,riding
B, 293875, -0.919922, -0.052246, -0.377686, -0.488281, -0.549316, -1.281738,riding
A, 680342, -0.976685, 0.220459, 0.020752, -0.244141, -1.037598, -0.915528,riding
B, 293895, -0.922363, -0.043823, -0.371460, 0.061035, -0.549316, -0.976563,riding
A, 680362, -0.978027, 0.213501, 0.019043, -0.549316, -1.159668, -0.854492,riding
B, 293915, -0.923584, -0.050659, -0.365601, -0.366211, -0.610352, -1.098633,riding
A, 680382, -0.976440, 0.220093, 0.021973, -0.671387, -1.220703, -0.915528,riding
B, 293935, -0.925415, -0.054688, -0.362305, -0.183106, -0.671387, -0.976563,riding
A, 680402, -0.976563, 0.214722, 0.022461, -0.549316, -1.098633, -1.220703,riding
B, 293955, -0.925049, -0.049561, -0.362427, -0.244141, -0.671387, -0.976563,riding
A, 680422, -0.975708, 0.220093, 0.019165, -0.854492, -1.159668, -1.281738,riding
B, 293975, -0.924072, -0.043823, -0.369019, -0.488281, -0.793457, -0.976563,riding
A, 680442, -0.977661, 0.215332, 0.022583, -0.488281, -1.281738, -1.281738,riding
B, 293995, -0.921143, -0.048828, -0.375122, -0.122070, -0.793457, -0.854492,riding
A, 680462, -0.978516, 0.213623, 0.027466, -0.671387, -1.281738, -1.220703,riding
B, 294015, -0.921143, -0.051636, -0.375244, -0.305176, -0.793457, -0.915528,riding
A, 680482, -0.975952, 0.218994, 0.033569, -0.732422, -1.281738, -1.098633,riding
B, 294035, -0.923218, -0.039063, -0.370972, -0.427246, -0.915528, -1.037598,riding
A, 680502, -0.973511, 0.231689, 0.033936, -0.671387, -1.220703, -1.281738,riding
B, 294055, -0.923706, -0.043335, -0.367798, -0.061035, -0.976563, -0.854492,riding
A, 680522, -0.975098, 0.225220, 0.027588, -0.244141, -1.281738, -1.586915,riding
B, 294075, -0.925171, -0.054932, -0.364624, -0.183106, -1.098633, -0.915528,riding
A, 680542, -0.976196, 0.226807, 0.016602, -0.488281, -1.281738, -1.647950,riding
B, 294095, -0.922852, -0.050903, -0.369141, -0.122070, -1.220703, -0.854492,riding
A, 680562, -0.976440, 0.220337, 0.015259, -0.427246, -1.403809, -1.953125,riding
B, 294115, -0.922485, -0.046143, -0.371094, 0.000000, -1.159668, -0.793457,riding
A, 680582, -0.979370, 0.205811, 0.024658, -0.427246, -1.525879, -1.770020,riding
B, 294135, -0.923096, -0.049561, -0.369995, -0.061035, -1.281738, -0.732422,riding
A, 680602, -0.978638, 0.212524, 0.025879, -0.488281, -1.464844, -1.525879,riding
B, 294155, -0.922729, -0.050293, -0.368774, -0.122070, -1.220703, -0.671387,riding
A, 680622, -0.977539, 0.213379, 0.025146, -0.427246, -1.525879, -1.647950,riding
B, 294175, -0.925537, -0.043091, -0.363770, -0.366211, -1.281738, -0.793457,riding
A, 680642, -0.975830, 0.217285, 0.029053, -0.488281, -1.525879, -1.708985,riding
B, 294195, -0.925293, -0.044067, -0.360229, -0.122070, -1.342773, -0.671387,riding
A, 680662, -0.977051, 0.214844, 0.035645, -0.549316, -1.464844, -1.831055,riding
B, 294215, -0.926147, -0.048828, -0.362427, -0.244141, -1.342773, -0.732422,riding
A, 680682, -0.976929, 0.211304, 0.031494, -0.488281, -1.342773, -1.953125,riding
B, 294235, -0.925293, -0.047241, -0.364258, -0.122070, -1.403809, -0.732422,riding
A, 680702, -0.978027, 0.207764, 0.018921, -0.427246, -1.403809, -1.892090,riding
B, 294255, -0.923828, -0.047241, -0.367554, -0.244141, -1.403809, -0.732422,riding
A, 680722, -0.977295, 0.214478, 0.016724, -0.610352, -1.586915, -1.770020,riding
B, 294275, -0.921997, -0.048462, -0.371338, -0.122070, -1.464844, -0.671387,riding
A, 680742, -0.976563, 0.218872, 0.021729, -0.488281, -1.586915, -1.892090,riding
B, 294295, -0.922119, -0.051636, -0.369873, -0.183106, -1.525879, -0.610352,riding
A, 680762, -0.975220, 0.221436, 0.021240, -0.061035, -1.770020, -2.075195,riding
B, 294315, -0.925537, -0.045898, -0.364014, 0.122070, -1.647950, -0.488281,riding
A, 680782, -0.977173, 0.213989, 0.025757, -0.244141, -1.831055, -2.319336,riding
B, 294335, -0.927124, -0.043945, -0.358398, 0.061035, -1.586915, -0.427246,riding
A, 680802, -0.978882, 0.203613, 0.032715, -0.366211, -1.770020, -2.197266,riding
B, 294355, -0.925903, -0.050171, -0.358521, -0.122070, -1.708985, -0.488281,riding
A, 680822, -0.978271, 0.205566, 0.031372, -0.427246, -1.586915, -2.197266,riding
B, 294375, -0.924316, -0.048462, -0.363892, -0.183106, -1.708985, -0.549316,riding
A, 680842, -0.977173, 0.206299, 0.033081, -0.183106, -1.708985, -2.197266,riding
B, 294395, -0.926147, -0.038452, -0.364014, 0.061035, -1.647950, -0.488281,riding
A, 680862, -0.977661, 0.202148, 0.039917, -0.305176, -1.708985, -2.136230,riding
B, 294415, -0.925537, -0.037476, -0.361450, 0.061035, -1.708985, -0.549316,riding
A, 680882, -0.978760, 0.203003, 0.041382, -0.183106, -1.586915, -2.075195,riding
B, 294435, -0.927734, -0.046509, -0.355591, -0.061035, -1.647950, -0.732422,riding
A, 680902, -0.979736, 0.200195, 0.038940, -0.244141, -1.403809, -2.075195,riding
B, 294455, -0.930298, -0.042236, -0.349976, 0.305176, -1.586915, -0.549316,riding
A, 680922, -0.981201, 0.188721, 0.028931, -0.488281, -1.464844, -2.014160,riding
B, 294475, -0.931030, -0.043579, -0.349854, -0.183106, -1.647950, -0.793457,riding
A, 680942, -0.977905, 0.205566, 0.027222, -0.427246, -1.464844, -2.075195,riding
B, 294495, -0.926514, -0.046875, -0.359619, -0.061035, -1.586915, -0.732422,riding
A, 680962, -0.979126, 0.203003, 0.030884, -0.244141, -1.464844, -2.136230,riding
B, 294515, -0.926392, -0.050415, -0.362793, 0.000000, -1.525879, -0.671387,riding
A, 680982, -0.978882, 0.201538, 0.034546, -0.305176, -1.464844, -1.953125,riding
B, 294535, -0.926636, -0.040527, -0.362427, 0.000000, -1.586915, -0.793457,riding
A, 681002, -0.976929, 0.206543, 0.051514, -0.732422, -1.342773, -1.953125,riding
B, 294555, -0.927734, -0.033691, -0.358643, -0.061035, -1.525879, -0.915528,riding
A, 681022, -0.978882, 0.200195, 0.052856, 0.000000, -1.342773, -2.014160,riding
B, 294575, -0.930420, -0.044434, -0.349976, 0.061035, -1.525879, -1.037598,riding
A, 681042, -0.979858, 0.194458, 0.052490, -1.159668, -0.854492, -1.892090,riding
B, 294595, -0.929810, -0.035278, -0.351318, -0.732422, -1.647950, -1.525879,riding
A, 681062, -0.976929, 0.206299, 0.059937, -1.403809, -0.732422, -2.014160,riding
B, 294615, -0.929688, -0.027466, -0.354736, -0.793457, -1.647950, -1.586915,riding
A, 681082, -0.975952, 0.212036, 0.057373, -1.403809, -0.488281, -2.136230,riding
B, 294635, -0.927490, -0.034180, -0.361938, -0.244141, -1.647950, -1.647950,riding
A, 681102, -0.981201, 0.192017, 0.052856, -1.159668, -0.244141, -2.075195,riding
B, 294655, -0.927490, -0.039917, -0.358765, -0.366211, -1.647950, -1.831055,riding
A, 681122, -0.980347, 0.191528, 0.024780, 0.000000, -0.488281, -2.075195,riding
B, 294675, -0.927612, -0.041260, -0.357666, 0.305176, -1.525879, -1.647950,riding
A, 681142, -0.983887, 0.174927, 0.023560, -1.220703, -0.366211, -1.831055,riding
B, 294695, -0.932739, -0.050415, -0.342285, -0.793457, -1.525879, -2.014160,riding
A, 681162, -0.983398, 0.179321, 0.022583, -1.281738, -0.366211, -1.708985,riding
B, 294715, -0.934570, -0.055420, -0.337891, -0.610352, -1.403809, -1.892090,riding
A, 681182, -0.984131, 0.180420, 0.014893, -1.525879, -0.183106, -1.770020,riding
B, 294735, -0.932373, -0.058105, -0.341553, -0.671387, -1.342773, -1.831055,riding
A, 681202, -0.984131, 0.178589, 0.004028, -0.732422, -0.671387, -1.708985,riding
B, 294755, -0.930664, -0.055054, -0.347534, -0.427246, -1.220703, -1.647950,riding
A, 681222, -0.982300, 0.190063, 0.009644, -0.610352, -0.854492, -1.586915,riding
B, 294775, -0.928467, -0.051880, -0.354858, -0.061035, -1.098633, -1.403809,riding
A, 681242, -0.982178, 0.186768, 0.018555, -0.244141, -0.854492, -1.464844,riding
B, 294795, -0.928833, -0.055420, -0.355591, 0.122070, -1.098633, -1.220703,riding
A, 681262, -0.983887, 0.180664, 0.014038, 0.061035, -0.976563, -1.525879,riding
B, 294815, -0.933228, -0.059082, -0.339233, 0.183106, -0.854492, -1.098633,riding
A, 681282, -0.987549, 0.163208, -0.004028, -0.549316, -1.037598, -1.220703,riding
B, 294835, -0.936279, -0.062988, -0.332031, -0.183106, -0.671387, -1.037598,riding
A, 681302, -0.986938, 0.169312, 0.002563, -0.854492, -1.220703, -0.854492,riding
B, 294855, -0.935669, -0.064575, -0.336548, -0.671387, -0.671387, -1.037598,riding
A, 681322, -0.983887, 0.181763, 0.006958, 0.061035, -1.525879, -1.037598,riding
B, 294875, -0.930176, -0.058105, -0.345703, 0.305176, -0.488281, -0.549316,riding
A, 681342, -0.984375, 0.178345, 0.013550, -0.427246, -1.464844, -0.976563,riding
B, 294895, -0.930298, -0.054688, -0.350708, -0.366211, -0.366211, -0.732422,riding
A, 681362, -0.980225, 0.187500, 0.026123, -0.122070, -1.708985, -0.610352,riding
B, 294915, -0.929688, -0.042480, -0.354614, 0.061035, -0.427246, -0.549316,riding
A, 681382, -0.980835, 0.193115, 0.041626, -0.488281, -1.464844, -0.671387,riding
B, 294935, -0.928101, -0.044800, -0.354858, -0.183106, -0.183106, -0.671387,riding
A, 681402, -0.981445, 0.194214, 0.041260, -0.061035, -1.403809, -0.610352,riding
B, 294955, -0.931763, -0.050537, -0.347168, 0.000000, -0.122070, -0.732422,riding
A, 681422, -0.981079, 0.188232, 0.022095, 0.183106, -1.403809, -0.610352,riding
B, 294975, -0.932373, -0.052002, -0.345459, -0.183106, -0.244141, -0.732422,riding
A, 681442, -0.980835, 0.193237, 0.015259, -0.305176, -1.525879, -0.793457,riding
B, 294995, -0.929199, -0.052124, -0.348755, -0.061035, -0.183106, -0.671387,riding
A, 681462, -0.984741, 0.177612, 0.027100, -0.671387, -1.464844, -0.671387,riding
B, 295015, -0.930908, -0.055298, -0.347412, -0.488281, -0.061035, -0.793457,riding
A, 681482, -0.984619, 0.171753, 0.019897, -0.732422, -1.403809, -0.549316,riding
B, 295035, -0.933105, -0.050049, -0.344238, -0.488281, 0.000000, -0.793457,riding
A, 681502, -0.990479, 0.146729, 0.006470, 0.000000, -1.647950, -0.305176,riding
B, 295055, -0.936279, -0.056763, -0.337036, 0.000000, 0.305176, -0.427246,riding
A, 681522, -0.992676, 0.139160, 0.001587, -1.281738, -1.586915, 0.244141,riding
B, 295075, -0.937256, -0.063232, -0.330322, -0.488281, 0.671387, -0.366211,riding
A, 681542, -0.991089, 0.140137, -0.000977, 0.061035, -2.014160, 0.488281,riding
B, 295095, -0.938477, -0.067139, -0.326050, -0.671387, 1.037598, -0.244141,riding
A, 681562, -0.989380, 0.145386, 0.005859, -1.159668, -1.831055, 1.037598,riding
B, 295115, -0.936157, -0.053955, -0.333252, -0.854492, 1.220703, -0.244141,riding
A, 681582, -0.987061, 0.162964, 0.018921, -0.671387, -2.136230, 1.098633,riding
B, 295135, -0.933105, -0.051514, -0.342041, -1.098633, 1.403809, -0.183106,riding
A, 681602, -0.981812, 0.180908, 0.035400, -1.708985, -1.892090, 1.525879,riding
B, 295155, -0.928955, -0.043701, -0.354614, -1.708985, 1.403809, -0.488281,riding
A, 681622, -0.980103, 0.189087, 0.043213, 0.244141, -2.014160, 1.098633,riding
B, 295175, -0.928955, -0.034912, -0.353638, -0.305176, 1.831055, -0.061035,riding
A, 681642, -0.986450, 0.160767, 0.039429, -0.549316, -1.831055, 1.525879,riding
B, 295195, -0.934082, -0.046143, -0.342896, -0.366211, 1.892090, -0.183106,riding
A, 681662, -0.982666, 0.181152, 0.037354, -1.098633, -1.708985, 1.892090,riding
B, 295215, -0.929932, -0.041870, -0.350586, -0.976563, 1.953125, -0.488281,riding
A, 681682, -0.976807, 0.207275, 0.047729, -1.098633, -1.708985, 1.831055,riding
B, 295235, -0.925903, -0.037842, -0.361450, -1.098633, 2.075195, -0.671387,riding
A, 681702, -0.973145, 0.225708, 0.062866, -0.732422, -1.525879, 1.770020,riding
B, 295255, -0.922974, -0.023682, -0.369629, -0.488281, 1.953125, -0.610352,riding
A, 681722, -0.972534, 0.229004, 0.080444, 0.061035, -1.464844, 1.403809,riding
B, 295275, -0.924316, -0.019165, -0.372314, 0.000000, 2.014160, -0.732422,riding
A, 681742, -0.973022, 0.219849, 0.079712, 0.000000, -1.098633, 1.342773,riding
B, 295295, -0.923950, -0.028320, -0.370972, -0.061035, 1.892090, -1.037598,riding
A, 681762, -0.976074, 0.216064, 0.068726, -0.793457, -0.610352, 1.464844,riding
B, 295315, -0.924438, -0.030884, -0.368164, -0.488281, 1.770020, -1.464844,riding
A, 681782, -0.974854, 0.215454, 0.037598, 1.220703, -0.854492, 1.159668,riding
B, 295335, -0.926147, -0.041626, -0.361328, 1.159668, 1.953125, -0.976563,riding
A, 681802, -0.978394, 0.199219, 0.055054, -0.427246, -0.549316, 1.464844,riding
B, 295355, -0.928101, -0.030762, -0.358643, -0.244141, 1.831055, -1.647950,riding
A, 681822, -0.975586, 0.210938, 0.067139, 0.183106, -0.366211, 1.403809,riding
B, 295375, -0.925171, -0.036011, -0.367554, 0.122070, 1.953125, -1.708985,riding
A, 681842, -0.975586, 0.218262, 0.058838, -0.854492, 0.122070, 1.525879,riding
B, 295395, -0.921631, -0.036499, -0.373779, -0.732422, 1.892090, -2.319336,riding
A, 681862, -0.974976, 0.218140, 0.049072, -0.366211, 0.122070, 1.342773,riding
B, 295415, -0.924438, -0.031128, -0.371094, -0.183106, 1.892090, -2.258301,riding
A, 681882, -0.978027, 0.204346, 0.051270, -1.342773, 0.427246, 1.464844,riding
B, 295435, -0.926880, -0.040039, -0.364014, -1.098633, 1.892090, -2.746582,riding
A, 681902, -0.979614, 0.198730, 0.023071, -0.671387, 0.427246, 1.464844,riding
B, 295455, -0.926392, -0.057129, -0.359375, -0.305176, 2.014160, -2.441406,riding
A, 681922, -0.983521, 0.181885, 0.009277, -0.793457, 0.427246, 1.647950,riding
B, 295475, -0.928589, -0.055786, -0.354858, -1.220703, 2.136230, -2.685547,riding
A, 681942, -0.982788, 0.183105, 0.007690, -1.525879, 0.427246, 1.892090,riding
B, 295495, -0.927734, -0.051758, -0.356079, -1.281738, 2.380371, -2.563477,riding
A, 681962, -0.981934, 0.184448, 0.017700, -1.159668, 0.122070, 2.075195,riding
B, 295515, -0.925903, -0.056274, -0.362183, -0.854492, 2.563477, -2.380371,riding
A, 681982, -0.981567, 0.188721, 0.031128, -0.732422, 0.305176, 2.197266,riding
B, 295535, -0.925903, -0.051880, -0.364502, -0.671387, 2.868653, -2.319336,riding
A, 682002, -0.981445, 0.188354, 0.021118, 0.183106, 0.122070, 2.441406,riding
B, 295555, -0.927979, -0.045898, -0.360352, 0.244141, 3.051759, -2.014160,riding
A, 682022, -0.983643, 0.174561, 0.022705, 0.244141, 0.000000, 2.746582,riding
B, 295575, -0.925903, -0.049927, -0.357788, 0.183106, 3.234864, -2.014160,riding
A, 682042, -0.981323, 0.193970, 0.016724, -0.061035, 0.061035, 2.990724,riding
B, 295595, -0.924683, -0.062012, -0.364258, -0.122070, 3.479005, -2.136230,riding
A, 682062, -0.983154, 0.182251, 0.019775, 0.000000, 0.061035, 3.051759,riding
B, 295615, -0.936890, -0.057129, -0.338501, -1.892090, 4.211426, -2.746582,riding
A, 682082, -0.987915, 0.146362, 0.021606, -3.112794, 0.671387, 3.540040,riding
B, 295635, -0.928223, -0.049683, -0.350952, -2.075195, 3.479005, -2.807618,riding
A, 682102, -0.979004, 0.203735, 0.020386, -0.915528, 0.244141, 3.417970,riding
B, 295655, -0.917969, -0.053833, -0.379883, 0.244141, 4.760742, -1.892090,riding
A, 682122, -0.980957, 0.185913, 0.010132, 1.770020, -0.183106, 4.333496,riding
B, 295675, -0.917114, -0.064209, -0.390137, 1.159668, 4.577637, -1.525879,riding
A, 682142, -0.974121, 0.229492, -0.021851, 3.051759, -0.793457, 4.699707,riding
B, 295695, -0.907837, -0.062988, -0.401855, 2.441406, 4.821777, -0.854492,riding
A, 682162, -0.968262, 0.255005, -0.007080, 2.624512, -0.976563, 4.394531,riding
B, 295715, -0.911987, -0.067139, -0.397339, 2.380371, 4.943848, -0.671387,riding
A, 682182, -0.965088, 0.276611, 0.012207, 1.342773, -0.793457, 4.455566,riding
B, 295735, -0.912354, -0.068481, -0.390747, 1.220703, 4.394531, -1.281738,riding
A, 682202, -0.959595, 0.298828, 0.007813, 0.732422, -0.549316, 3.417970,riding
B, 295755, -0.908813, -0.064209, -0.399292, 0.549316, 4.089355, -1.220703,riding
A, 682222, -0.964355, 0.283325, 0.001831, 0.305176, -0.488281, 2.807618,riding
B, 295775, -0.907593, -0.061279, -0.406372, -0.061035, 3.906251, -1.342773,riding
A, 682242, -0.968628, 0.254150, 0.003662, -0.610352, -0.488281, 2.746582,riding
B, 295795, -0.905273, -0.062988, -0.415039, -0.915528, 3.662110, -1.647950,riding
A, 682262, -0.971069, 0.245117, 0.002930, -1.464844, -0.366211, 3.051759,riding
B, 295815, -0.901245, -0.067749, -0.420898, -1.342773, 3.540040, -1.708985,riding
A, 682282, -0.967773, 0.268066, -0.014648, -0.366211, -0.671387, 3.479005,riding
B, 295835, -0.900269, -0.067993, -0.425903, -0.244141, 3.540040, -1.098633,riding
A, 682302, -0.963501, 0.283569, -0.034790, 0.854492, -1.159668, 3.173829,riding
B, 295855, -0.900879, -0.074097, -0.417725, 0.671387, 3.417970, -0.488281,riding
A, 682322, -0.963135, 0.292847, -0.024170, 0.183106, -1.647950, 2.502441,riding
B, 295875, -0.905884, -0.082642, -0.403931, -0.183106, 3.051759, -0.488281,riding
A, 682342, -0.963989, 0.284790, -0.007690, -0.732422, -1.525879, 2.197266,riding
B, 295895, -0.906372, -0.075195, -0.403564, -1.098633, 2.624512, -0.610352,riding
A, 682362, -0.963013, 0.284302, 0.006958, -1.647950, -1.403809, 1.892090,riding
B, 295915, -0.901855, -0.057251, -0.417236, -1.831055, 2.380371, -0.915528,riding
A, 682382, -0.961792, 0.287842, 0.031250, -2.136230, -1.342773, 1.708985,riding
B, 295935, -0.898804, -0.040161, -0.432495, -2.136230, 2.197266, -1.098633,riding
A, 682402, -0.961060, 0.285767, 0.054321, -1.281738, -1.403809, 1.708985,riding
B, 295955, -0.899536, -0.035400, -0.435181, -1.037598, 2.075195, -0.915528,riding
A, 682422, -0.965454, 0.267456, 0.068970, -0.427246, -1.159668, 1.525879,riding
B, 295975, -0.904053, -0.028076, -0.420288, -0.305176, 2.136230, -0.854492,riding
A, 682442, -0.961914, 0.282227, 0.021484, 4.699707, -1.831055, 1.281738,riding
B, 295995, -0.907471, -0.043457, -0.410889, 4.699707, 2.380371, 0.854492,riding
A, 682462, -0.971069, 0.239380, -0.002563, 7.263186, -2.502441, 1.037598,riding
B, 296015, -0.907593, -0.072998, -0.404785, 3.479005, 2.075195, 0.427246,riding
A, 682482, -0.971436, 0.246094, 0.017334, -0.122070, -1.342773, 1.892090,riding
B, 296035, -0.896729, -0.069946, -0.432129, -4.028320, 1.464844, -2.441406,riding
A, 682502, -0.947021, 0.375977, 0.017090, -2.441406, -0.610352, 1.586915,riding
B, 296055, -0.888550, -0.051025, -0.455811, -2.014160, 1.159668, -1.708985,riding
A, 682522, -0.944336, 0.380981, 0.014038, 4.272461, -1.831055, -0.122070,riding
B, 296075, -0.889771, -0.037720, -0.456055, 3.967286, 1.220703, 0.549316,riding
A, 682542, -0.955933, 0.320190, 0.011719, 4.699707, -2.075195, -0.854492,riding
B, 296095, -0.896118, -0.049561, -0.439575, 4.638672, 0.793457, 0.793457,riding
A, 682562, -0.968018, 0.263550, 0.022095, -1.159668, -0.976563, -0.488281,riding
B, 296115, -0.900146, -0.079468, -0.424927, -0.671387, 0.122070, -1.220703,riding
A, 682582, -0.964478, 0.278198, 0.006958, -3.967286, -0.183106, 0.122070,riding
B, 296135, -0.897949, -0.062988, -0.432373, -2.258301, -0.427246, -1.892090,riding
A, 682602, -0.958740, 0.310669, 0.001099, -2.014160, -0.732422, -0.366211,riding
B, 296155, -0.895752, -0.042603, -0.439209, -1.831055, -0.488281, -1.647950,riding
A, 682622, -0.954956, 0.325195, 0.011963, -2.563477, -0.915528, -0.610352,riding
B, 296175, -0.895996, -0.046021, -0.439209, -1.647950, -0.854492, -1.586915,riding
A, 682642, -0.952026, 0.343018, 0.033081, -0.610352, -1.281738, -1.403809,riding
B, 296195, -0.894775, -0.054810, -0.440918, 1.220703, -1.037598, -0.610352,riding
A, 682662, -0.955200, 0.328247, 0.039795, 2.319336, -1.220703, -2.441406,riding
B, 296215, -0.896606, -0.053467, -0.434692, 2.441406, -1.220703, -0.366211,riding
A, 682682, -0.961304, 0.295288, -0.002441, 2.258301, -1.342773, -2.685547,riding
B, 296235, -0.899902, -0.047974, -0.430420, 2.441406, -1.464844, -0.366211,riding
A, 682702, -0.966675, 0.276733, -0.007813, 2.136230, -1.708985, -2.685547,riding
B, 296255, -0.899536, -0.062744, -0.428345, 2.441406, -1.708985, -0.183106,riding
A, 682722, -0.968872, 0.262085, -0.004272, 1.525879, -1.525879, -2.563477,riding
B, 296275, -0.900757, -0.084351, -0.420044, 1.220703, -1.892090, -0.549316,riding
A, 682742, -0.969116, 0.256470, -0.009033, -0.732422, -1.098633, -2.319336,riding
B, 296295, -0.904663, -0.068359, -0.410400, -1.037598, -2.136230, -1.220703,riding
A, 682762, -0.966187, 0.270386, -0.015381, -2.014160, -1.159668, -2.258301,riding
B, 296315, -0.905884, -0.058105, -0.409546, -1.159668, -2.197266, -1.220703,riding
A, 682782, -0.964722, 0.279907, -0.000977, -0.915528, -1.647950, -2.746582,riding
B, 296335, -0.905396, -0.067627, -0.412231, 0.061035, -2.197266, -0.610352,riding
A, 682802, -0.968262, 0.265991, 0.008789, 0.549316, -1.708985, -3.112794,riding
B, 296355, -0.905518, -0.072266, -0.410767, 0.976563, -2.136230, -0.183106,riding
A, 682822, -0.971680, 0.241821, 0.001221, 0.732422, -1.708985, -2.990724,riding
B, 296375, -0.907593, -0.060547, -0.408325, 0.610352, -2.136230, -0.305176,riding
A, 682842, -0.973145, 0.231079, 0.008301, -1.281738, -1.770020, -2.441406,riding
B, 296395, -0.909180, -0.053589, -0.407104, -0.549316, -2.136230, -0.610352,riding
A, 682862, -0.971924, 0.242554, 0.021362, -1.342773, -1.647950, -2.075195,riding
B, 296415, -0.906128, -0.069580, -0.408325, -0.793457, -2.075195, -0.732422,riding
A, 682882, -0.967407, 0.261108, 0.014038, -1.220703, -1.403809, -2.075195,riding
B, 296435, -0.906616, -0.063477, -0.409668, -0.915528, -2.136230, -0.793457,riding
A, 682902, -0.963379, 0.280518, -0.005737, -1.037598, -1.586915, -2.380371,riding
B, 296455, -0.905518, -0.052124, -0.413208, -0.488281, -2.197266, -0.610352,riding
A, 682922, -0.962036, 0.293579, -0.005493, 0.488281, -2.258301, -2.807618,riding
B, 296475, -0.903931, -0.058716, -0.417114, 1.037598, -2.258301, 0.061035,riding
A, 682942, -0.965576, 0.278809, 0.005005, 1.403809, -2.380371, -3.234864,riding
B, 296495, -0.903442, -0.075684, -0.417358, 1.647950, -2.319336, 0.366211,riding
A, 682962, -0.969971, 0.257446, -0.005005, 1.647950, -2.258301, -3.295899,riding
B, 296515, -0.904663, -0.074219, -0.411987, 1.525879, -2.441406, 0.427246,riding
A, 682982, -0.970703, 0.249146, -0.026245, 0.488281, -2.319336, -3.112794,riding
B, 296535, -0.904297, -0.069458, -0.413208, -0.305176, -2.685547, 0.122070,riding
A, 683002, -0.968262, 0.260986, -0.025757, -1.403809, -2.502441, -2.746582,riding
B, 296555, -0.901855, -0.076294, -0.418945, -1.647950, -2.929688, -0.244141,riding
A, 683022, -0.961548, 0.294312, 0.005737, -1.953125, -2.441406, -3.112794,riding
B, 296575, -0.903320, -0.067993, -0.416626, -1.464844, -3.051759, -0.061035,riding
A, 683042, -0.962036, 0.290161, 0.016113, -1.159668, -2.502441, -3.601075,riding
B, 296595, -0.906616, -0.051270, -0.408691, -0.854492, -3.295899, 0.183106,riding
A, 683062, -0.960938, 0.284668, 0.021973, -1.403809, -2.563477, -4.028320,riding
B, 296615, -0.907715, -0.045288, -0.407715, -0.915528, -3.479005, 0.122070,riding
A, 683082, -0.962646, 0.282837, 0.025635, -0.427246, -2.746582, -4.333496,riding
B, 296635, -0.905029, -0.053833, -0.418091, -0.122070, -3.662110, 0.366211,riding
A, 683102, -0.966675, 0.268799, 0.019531, 0.610352, -2.746582, -4.516602,riding
B, 296655, -0.903442, -0.058472, -0.420532, 0.732422, -3.723145, 0.671387,riding
A, 683122, -0.970215, 0.246826, 0.007080, 1.159668, -2.929688, -4.577637,riding
B, 296675, -0.911133, -0.049927, -0.399902, 1.098633, -3.784181, 0.854492,riding
A, 683142, -0.972534, 0.230469, 0.010254, 0.366211, -3.051759, -4.272461,riding
B, 296695, -0.915283, -0.059082, -0.388794, 0.244141, -3.784181, 0.610352,riding
A, 683162, -0.973511, 0.231934, 0.023804, -0.488281, -2.868653, -4.211426,riding
B, 296715, -0.917480, -0.061157, -0.383423, -0.244141, -3.845216, 0.366211,riding
A, 683182, -0.972290, 0.233887, 0.033325, -0.976563, -2.563477, -4.272461,riding
B, 296735, -0.917480, -0.046875, -0.385376, -0.793457, -3.845216, 0.122070,riding
A, 683202, -0.972290, 0.234741, 0.038696, -1.037598, -2.502441, -4.333496,riding
B, 296755, -0.915771, -0.033203, -0.388306, -0.793457, -3.662110, 0.000000,riding
A, 683222, -0.972290, 0.236450, 0.051025, 0.793457, -2.685547, -4.516602,riding
B, 296775, -0.917236, -0.039185, -0.395508, 1.098633, -3.601075, 0.549316,riding
A, 683242, -0.977295, 0.204956, 0.051270, 0.915528, -2.380371, -4.028320,riding
B, 296795, -0.921631, -0.046143, -0.377563, 1.159668, -3.417970, 0.366211,riding
A, 683262, -0.980225, 0.191406, 0.042725, 0.488281, -2.136230, -3.967286,riding
B, 296815, -0.922729, -0.040527, -0.369629, 0.366211, -3.234864, -0.061035,riding
A, 683282, -0.978882, 0.194458, 0.038574, -0.915528, -1.953125, -3.356935,riding
B, 296835, -0.924072, -0.041748, -0.368774, -0.732422, -3.051759, -0.610352,riding
A, 683302, -0.978516, 0.209229, 0.046509, -1.403809, -1.770020, -3.173829,riding
B, 296855, -0.920410, -0.048462, -0.376831, -0.671387, -3.051759, -0.671387,riding
A, 683322, -0.974487, 0.223633, 0.048340, -1.098633, -1.464844, -3.234864,riding
B, 296875, -0.918091, -0.043701, -0.385010, -0.549316, -2.929688, -0.854492,riding
A, 683342, -0.972656, 0.231567, 0.037354, -0.671387, -1.403809, -3.234864,riding
B, 296895, -0.917725, -0.037231, -0.385132, -0.183106, -2.807618, -0.793457,riding
A, 683362, -0.973633, 0.229980, 0.034912, -0.732422, -1.403809, -3.112794,riding
B, 296915, -0.916870, -0.041382, -0.387695, -0.305176, -2.929688, -0.915528,riding
A, 683382, -0.972168, 0.243896, 0.041260, -0.732422, -1.220703, -3.234864,riding
B, 296935, -0.913330, -0.048706, -0.394287, -0.183106, -2.990724, -1.037598,riding
A, 683402, -0.968750, 0.252563, 0.032959, 0.183106, -1.281738, -3.540040,riding
B, 296955, -0.915649, -0.040649, -0.390259, 0.671387, -2.929688, -0.732422,riding
A, 683422, -0.972534, 0.239380, 0.027100, 0.305176, -1.342773, -3.662110,riding
B, 296975, -0.918823, -0.044800, -0.381470, 0.671387, -2.990724, -0.793457,riding
A, 683442, -0.974731, 0.227295, 0.022095, 0.488281, -1.403809, -3.845216,riding
B, 296995, -0.919556, -0.058472, -0.375366, 1.037598, -2.990724, -0.671387,riding
A, 683462, -0.979248, 0.207520, 0.014404, 0.610352, -1.342773, -3.845216,riding
B, 297015, -0.922363, -0.064453, -0.370361, 0.793457, -2.929688, -0.732422,riding
A, 683482, -0.980957, 0.192383, 0.004883, -0.366211, -1.220703, -3.540040,riding
B, 297035, -0.923096, -0.055908, -0.368164, 0.061035, -2.868653, -0.976563,riding
A, 683502, -0.982666, 0.186401, 0.006592, -0.732422, -1.403809, -3.295899,riding
B, 297055, -0.923584, -0.054688, -0.366943, -0.122070, -2.624512, -0.915528,riding
A, 683522, -0.983643, 0.179688, 0.018555, -0.793457, -1.403809, -2.929688,riding
B, 297075, -0.926025, -0.058960, -0.362793, -0.427246, -2.441406, -0.976563,riding
A, 683542, -0.981201, 0.193481, 0.023560, -0.610352, -1.342773, -2.441406,riding
B, 297095, -0.925781, -0.047729, -0.364014, -0.183106, -2.197266, -0.854492,riding
A, 683562, -0.979858, 0.196289, 0.025146, -0.061035, -1.525879, -2.502441,riding
B, 297115, -0.927856, -0.043945, -0.362183, 0.305176, -1.953125, -0.671387,riding
A, 683582, -0.982178, 0.190186, 0.039917, -0.671387, -1.403809, -2.258301,riding
B, 297135, -0.927490, -0.048218, -0.359131, -0.183106, -1.892090, -0.976563,riding
A, 683602, -0.980103, 0.196777, 0.051025, -0.793457, -1.098633, -2.136230,riding
B, 297155, -0.926880, -0.046021, -0.362915, -0.305176, -1.708985, -1.159668,riding
A, 683622, -0.979126, 0.197021, 0.049927, -0.366211, -0.976563, -2.075195,riding
B, 297175, -0.924072, -0.039063, -0.366333, 0.000000, -1.586915, -1.220703,riding
A, 683642, -0.978882, 0.199219, 0.044434, -0.183106, -0.854492, -1.831055,riding
B, 297195, -0.924316, -0.038086, -0.370117, 0.488281, -1.281738, -1.220703,riding
A, 683662, -0.979126, 0.201538, 0.039429, 0.549316, -0.915528, -1.831055,riding
B, 297215, -0.925293, -0.050171, -0.365967, 1.098633, -1.098633, -1.098633,riding
A, 683682, -0.982300, 0.190430, 0.031006, 1.037598, -0.854492, -1.770020,riding
B, 297235, -0.929565, -0.057129, -0.354736, 1.159668, -0.854492, -1.098633,riding
A, 683702, -0.985107, 0.174561, 0.017334, 0.488281, -0.732422, -1.464844,riding
B, 297255, -0.929932, -0.056396, -0.349121, 0.305176, -0.793457, -1.403809,riding
A, 683722, -0.981934, 0.186157, 0.015503, -0.976563, -0.671387, -0.976563,riding
B, 297275, -0.926636, -0.054932, -0.360718, -0.366211, -0.671387, -1.586915,riding
A, 683742, -0.980103, 0.203613, 0.020264, -0.610352, -0.671387, -0.793457,riding
B, 297295, -0.920654, -0.059692, -0.372803, -0.244141, -0.488281, -1.464844,riding
A, 683762, -0.977905, 0.216187, 0.014282, 0.183106, -0.732422, -0.732422,riding
B, 297315, -0.919312, -0.056885, -0.378296, 0.305176, -0.427246, -1.342773,riding
A, 683782, -0.976196, 0.220459, 0.011108, 0.305176, -0.915528, -0.732422,riding
B, 297335, -0.922729, -0.052612, -0.369629, 0.427246, -0.305176, -1.220703,riding
A, 683802, -0.976196, 0.218262, 0.016846, -0.061035, -0.976563, -0.854492,riding
B, 297355, -0.924805, -0.058838, -0.363037, 0.366211, -0.305176, -1.159668,riding
A, 683822, -0.977783, 0.212158, 0.022583, 0.122070, -0.915528, -0.976563,riding
B, 297375, -0.925049, -0.064941, -0.361938, 0.244141, -0.305176, -1.220703,riding
A, 683842, -0.980103, 0.205933, 0.014404, -0.366211, -0.671387, -0.976563,riding
B, 297395, -0.923462, -0.058472, -0.369385, -0.122070, -0.305176, -1.342773,riding
A, 683862, -0.979370, 0.208984, -0.002808, -0.183106, -0.854492, -0.854492,riding
B, 297415, -0.918579, -0.059448, -0.379272, 0.244141, -0.183106, -1.037598,riding
A, 683882, -0.979858, 0.207153, -0.010498, 0.183106, -1.159668, -0.671387,riding
B, 297435, -0.918213, -0.068726, -0.380859, 0.244141, -0.122070, -0.854492,riding
A, 683902, -0.978882, 0.213867, -0.007080, 0.366211, -1.403809, -0.427246,riding
B, 297455, -0.921997, -0.069458, -0.370117, 0.427246, 0.000000, -0.610352,riding
A, 683922, -0.977905, 0.210938, -0.001465, 0.244141, -1.586915, -0.427246,riding
B, 297475, -0.924927, -0.061157, -0.359985, 0.244141, 0.000000, -0.549316,riding
A, 683942, -0.977295, 0.208252, 0.009277, -0.122070, -1.647950, -0.549316,riding
B, 297495, -0.924561, -0.061646, -0.359253, -0.122070, 0.000000, -0.610352,riding
A, 683962, -0.978760, 0.211304, 0.024658, -1.037598, -1.403809, -0.427246,riding
B, 297515, -0.922241, -0.057251, -0.372314, -0.915528, -0.061035, -0.915528,riding
A, 683982, -0.974854, 0.225464, 0.032959, -1.037598, -1.342773, -0.366211,riding
B, 297535, -0.916992, -0.046509, -0.387207, -0.610352, -0.061035, -0.915528,riding
A, 684002, -0.973755, 0.233521, 0.038208, -0.549316, -1.281738, -0.305176,riding
B, 297555, -0.914795, -0.039917, -0.393799, -0.305176, -0.061035, -0.854492,riding
A, 684022, -0.972046, 0.239136, 0.039917, -0.122070, -1.342773, -0.366211,riding
B, 297575, -0.916870, -0.043213, -0.387207, 0.244141, 0.000000, -0.793457,riding
A, 684042, -0.973145, 0.231567, 0.040161, 0.244141, -1.159668, -0.549316,riding
B, 297595, -0.922485, -0.054077, -0.367310, 0.061035, -0.183106, -1.098633,riding
A, 684062, -0.973633, 0.230591, 0.024170, -0.305176, -0.915528, -0.793457,riding
B, 297615, -0.923950, -0.051514, -0.367920, 0.000000, -0.244141, -1.159668,riding
A, 684082, -0.975830, 0.223511, 0.020264, -0.549316, -0.915528, -0.976563,riding
B, 297635, -0.920776, -0.053101, -0.375244, -0.244141, -0.305176, -1.281738,riding
A, 684102, -0.976685, 0.221680, 0.023071, -0.915528, -0.854492, -0.915528,riding
B, 297655, -0.916382, -0.054443, -0.386230, -0.427246, -0.305176, -1.342773,riding
A, 684122, -0.976074, 0.221436, 0.017700, -0.122070, -0.854492, -0.793457,riding
B, 297675, -0.916504, -0.059082, -0.389038, 0.122070, -0.244141, -1.159668,riding
A, 684142, -0.976440, 0.219849, 0.005371, 0.183106, -0.976563, -0.549316,riding
B, 297695, -0.917603, -0.058228, -0.383423, 0.366211, -0.244141, -1.037598,riding
A, 684162, -0.976685, 0.223145, -0.002075, 0.122070, -1.159668, -0.488281,riding
B, 297715, -0.920410, -0.062622, -0.375366, 0.305176, -0.244141, -0.915528,riding
A, 684182, -0.975464, 0.229004, 0.003174, -0.305176, -1.281738, -0.732422,riding
B, 297735, -0.921997, -0.065186, -0.367310, 0.000000, -0.244141, -0.915528,riding
A, 684202, -0.974731, 0.224365, 0.014526, -0.305176, -1.159668, -0.915528,riding
B, 297755, -0.923828, -0.059937, -0.367065, -0.244141, -0.244141, -0.976563,riding
A, 684222, -0.976929, 0.214111, 0.020996, -0.671387, -1.098633, -1.037598,riding
B, 297775, -0.920532, -0.053223, -0.374756, -0.244141, -0.305176, -1.037598,riding
A, 684242, -0.977661, 0.216431, 0.021484, -0.427246, -1.159668, -0.671387,riding
B, 297795, -0.916504, -0.054321, -0.387573, -0.183106, -0.305176, -0.976563,riding
A, 684262, -0.975342, 0.230713, 0.016479, -0.305176, -1.098633, -0.488281,riding
B, 297815, -0.912964, -0.055786, -0.394287, -0.122070, -0.305176, -1.098633,riding
A, 684282, -0.974365, 0.235596, 0.010986, 0.366211, -1.281738, -0.549316,riding
B, 297835, -0.916626, -0.059326, -0.386230, 0.488281, -0.244141, -0.793457,riding
A, 684302, -0.973633, 0.232300, 0.009155, 0.000000, -1.281738, -0.732422,riding
B, 297855, -0.923584, -0.061890, -0.364868, 0.122070, -0.305176, -0.854492,riding
A, 684322, -0.975220, 0.226074, 0.009399, -0.061035, -1.342773, -1.037598,riding
B, 297875, -0.924683, -0.066650, -0.363037, 0.244141, -0.366211, -0.793457,riding
A, 684342, -0.977661, 0.218506, 0.006348, -0.183106, -1.220703, -1.220703,riding
B, 297895, -0.921021, -0.067139, -0.373291, 0.000000, -0.366211, -0.793457,riding
A, 684362, -0.979980, 0.209229, -0.003540, -0.061035, -1.342773, -1.098633,riding
B, 297915, -0.918335, -0.063110, -0.383301, 0.000000, -0.305176, -0.671387,riding
A, 684382, -0.980225, 0.202637, -0.005005, -0.427246, -1.525879, -0.732422,riding
B, 297935, -0.916992, -0.062012, -0.386963, -0.183106, -0.183106, -0.610352,riding
A, 684402, -0.980103, 0.206543, 0.002319, -0.244141, -1.708985, -0.366211,riding
B, 297955, -0.917969, -0.064453, -0.381348, -0.122070, -0.122070, -0.549316,riding
A, 684422, -0.976074, 0.223022, 0.014771, -0.610352, -1.586915, -0.122070,riding
B, 297975, -0.921509, -0.062500, -0.371216, -0.488281, -0.122070, -0.610352,riding
A, 684442, -0.973633, 0.234741, 0.016602, -0.427246, -1.647950, -0.427246,riding
B, 297995, -0.922852, -0.057617, -0.367310, -0.366211, -0.122070, -0.488281,riding
A, 684462, -0.973267, 0.234131, 0.016602, -0.793457, -1.586915, -0.854492,riding
B, 298015, -0.921143, -0.059570, -0.371338, -0.610352, -0.183106, -0.610352,riding
A, 684482, -0.976685, 0.224487, 0.015381, -0.854492, -1.525879, -0.915528,riding
B, 298035, -0.918457, -0.059937, -0.380005, -0.610352, -0.244141, -0.610352,riding
A, 684502, -0.978271, 0.213623, 0.015259, -0.915528, -1.525879, -0.793457,riding
B, 298055, -0.917358, -0.056152, -0.387695, -0.732422, -0.244141, -0.610352,riding
A, 684522, -0.977661, 0.215576, 0.019043, -0.976563, -1.647950, -0.366211,riding
B, 298075, -0.914917, -0.049927, -0.391602, -0.732422, -0.183106, -0.671387,riding
A, 684542, -0.974121, 0.231323, 0.027710, -0.671387, -1.647950, -0.244141,riding
B, 298095, -0.915527, -0.050293, -0.389893, -0.488281, -0.183106, -0.610352,riding
A, 684562, -0.971802, 0.244507, 0.034668, -0.244141, -1.647950, -0.305176,riding
B, 298115, -0.920044, -0.050903, -0.378662, -0.061035, -0.244141, -0.671387,riding
A, 684582, -0.968872, 0.250854, 0.040405, -0.244141, -1.464844, -0.732422,riding
B, 298135, -0.921387, -0.042236, -0.375366, -0.122070, -0.427246, -0.793457,riding
A, 684602, -0.970703, 0.241455, 0.045898, -0.061035, -1.281738, -1.281738,riding
B, 298155, -0.919678, -0.043335, -0.377808, 0.183106, -0.427246, -0.854492,riding
A, 684622, -0.973877, 0.226807, 0.043945, -0.305176, -1.037598, -1.342773,riding
B, 298175, -0.917847, -0.049194, -0.385498, 0.000000, -0.610352, -1.098633,riding
A, 684642, -0.975464, 0.222168, 0.034424, -0.305176, -0.854492, -1.159668,riding
B, 298195, -0.914063, -0.047607, -0.393677, 0.000000, -0.610352, -1.220703,riding
A, 684662, -0.975342, 0.225220, 0.022949, -0.183106, -0.854492, -0.854492,riding
B, 298215, -0.914429, -0.047974, -0.393188, 0.122070, -0.549316, -1.220703,riding
A, 684682, -0.973389, 0.236084, 0.019653, -0.366211, -0.915528, -0.732422,riding
B, 298235, -0.916382, -0.054932, -0.388306, 0.061035, -0.671387, -1.281738,riding
A, 684702, -0.971069, 0.249756, 0.023926, -0.366211, -0.854492, -0.915528,riding
B, 298255, -0.917847, -0.056885, -0.380371, -0.183106, -0.793457, -1.525879,riding
A, 684722, -0.968018, 0.258667, 0.025635, -0.671387, -0.610352, -1.342773,riding
B, 298275, -0.918701, -0.051636, -0.379883, -0.122070, -1.037598, -1.525879,riding
A, 684742, -0.970093, 0.253906, 0.027588, -0.610352, -0.610352, -1.770020,riding
B, 298295, -0.918823, -0.051392, -0.384277, -0.244141, -1.159668, -1.647950,riding
A, 684762, -0.974121, 0.233154, 0.025391, -0.793457, -0.427246, -2.014160,riding
B, 298315, -0.915649, -0.054565, -0.388306, -0.244141, -1.220703, -1.708985,riding
A, 684782, -0.976196, 0.221069, 0.016235, 0.000000, -0.549316, -1.892090,riding
B, 298335, -0.915283, -0.057251, -0.389893, 0.427246, -1.220703, -1.525879,riding
A, 684802, -0.977783, 0.215820, 0.010010, 0.183106, -0.671387, -1.586915,riding
B, 298355, -0.916260, -0.056152, -0.386841, 0.549316, -1.220703, -1.403809,riding
A, 684822, -0.976196, 0.222656, 0.012573, 0.000000, -0.732422, -1.464844,riding
B, 298375, -0.918579, -0.057007, -0.381348, 0.427246, -1.159668, -1.403809,riding
A, 684842, -0.973755, 0.230713, 0.019775, 0.122070, -0.732422, -1.586915,riding
B, 298395, -0.922607, -0.063721, -0.370361, 0.610352, -1.159668, -1.403809,riding
A, 684862, -0.974609, 0.229126, 0.020630, 0.183106, -0.549316, -1.831055,riding
B, 298415, -0.923462, -0.062378, -0.367554, 0.427246, -1.220703, -1.464844,riding
A, 684882, -0.977051, 0.220581, 0.014648, -0.305176, -0.488281, -2.014160,riding
B, 298435, -0.921997, -0.058350, -0.371216, -0.061035, -1.281738, -1.708985,riding
A, 684902, -0.977295, 0.216675, 0.010010, -0.671387, -0.488281, -1.953125,riding
B, 298455, -0.917847, -0.060181, -0.380859, 0.000000, -1.220703, -1.708985,riding
B, 298475, -0.916138, -0.064453, -0.387329, 0.183106, -1.220703, -1.647950,riding
B, 298495, -0.917969, -0.061523, -0.382446, 0.244141, -1.098633, -1.586915,riding
A, 684962, -0.976196, 0.218384, 0.010498, 0.000000, -0.732422, -1.464844,riding
B, 298515, -0.923218, -0.060669, -0.366211, 0.427246, -1.098633, -1.464844,riding
A, 684982, -0.977051, 0.218262, 0.017822, -0.244141, -0.671387, -1.586915,riding
B, 298535, -0.924683, -0.064941, -0.362061, 0.183106, -1.159668, -1.586915,riding
A, 685002, -0.976807, 0.217651, 0.018188, -0.305176, -0.488281, -1.708985,riding
B, 298555, -0.923218, -0.066406, -0.366943, 0.061035, -1.098633, -1.647950,riding
A, 685022, -0.977295, 0.214478, 0.011719, -0.732422, -0.366211, -1.770020,riding
B, 298575, -0.919800, -0.061523, -0.376709, -0.305176, -1.098633, -1.831055,riding
A, 685042, -0.978638, 0.213867, 0.002563, -0.610352, -0.488281, -1.647950,riding
B, 298595, -0.918579, -0.061890, -0.381592, 0.061035, -1.037598, -1.647950,riding
A, 685062, -0.978882, 0.207031, -0.001709, 0.000000, -0.732422, -1.464844,riding
B, 298615, -0.918213, -0.070679, -0.377808, 0.488281, -0.854492, -1.342773,riding
A, 685082, -0.980469, 0.201782, -0.003296, 0.244141, -0.793457, -1.220703,riding
B, 298635, -0.921143, -0.074585, -0.370483, 0.427246, -0.854492, -1.342773,riding
A, 685102, -0.978149, 0.211182, -0.009766, 0.000000, -0.793457, -1.159668,riding
B, 298655, -0.923828, -0.071533, -0.364990, 0.305176, -0.793457, -1.159668,riding
A, 685122, -0.978516, 0.215820, -0.009399, -0.183106, -1.037598, -1.342773,riding
B, 298675, -0.922974, -0.074829, -0.364624, 0.122070, -0.732422, -1.159668,riding
A, 685142, -0.979492, 0.209351, -0.003540, -0.366211, -1.098633, -1.403809,riding
B, 298695, -0.921631, -0.076050, -0.368042, -0.061035, -0.732422, -1.098633,riding
A, 685162, -0.979980, 0.204712, -0.004517, -0.366211, -1.098633, -1.281738,riding
B, 298715, -0.920044, -0.072021, -0.372559, -0.122070, -0.671387, -1.037598,riding
A, 685182, -0.980957, 0.204956, -0.006592, -0.366211, -1.220703, -1.037598,riding
B, 298735, -0.919556, -0.068848, -0.376953, -0.122070, -0.610352, -0.915528,riding
A, 685202, -0.979858, 0.207764, -0.007690, 0.122070, -1.464844, -0.915528,riding
B, 298755, -0.919922, -0.070557, -0.374756, 0.427246, -0.427246, -0.549316,riding
A, 685222, -0.981201, 0.201294, -0.001953, 0.488281, -1.586915, -0.854492,riding
B, 298775, -0.923096, -0.074829, -0.365601, 0.122070, -0.366211, -0.610352,riding
A, 685242, -0.980713, 0.199829, 0.003906, -0.549316, -1.464844, -0.732422,riding
B, 298795, -0.924438, -0.067139, -0.359375, -0.549316, -0.305176, -0.793457,riding
A, 685262, -0.979614, 0.205688, 0.007690, -0.732422, -1.464844, -0.732422,riding
B, 298815, -0.924316, -0.065674, -0.365356, -0.305176, -0.244141, -0.671387,riding
A, 685282, -0.978516, 0.207153, 0.009033, -0.366211, -1.464844, -0.671387,riding
B, 298835, -0.920898, -0.068970, -0.374634, -0.305176, -0.122070, -0.610352,riding
A, 685302, -0.980225, 0.209229, -0.001953, -0.244141, -1.586915, -0.549316,riding
B, 298855, -0.919556, -0.069824, -0.379028, -0.183106, -0.061035, -0.549316,riding
A, 685322, -0.979492, 0.206299, -0.005615, -0.061035, -1.770020, -0.366211,riding
B, 298875, -0.921265, -0.067993, -0.374878, 0.061035, 0.000000, -0.366211,riding
A, 685342, -0.979248, 0.206909, -0.001465, -0.366211, -1.831055, -0.244141,riding
B, 298895, -0.922607, -0.069824, -0.368652, -0.183106, 0.061035, -0.366211,riding
A, 685362, -0.978516, 0.214722, 0.007568, -0.915528, -1.708985, -0.183106,riding
B, 298915, -0.922119, -0.069580, -0.368652, -0.915528, 0.061035, -0.610352,riding
A, 685382, -0.975830, 0.223877, 0.009399, -1.037598, -1.647950, -0.305176,riding
B, 298935, -0.920776, -0.063354, -0.374634, -0.854492, 0.061035, -0.549316,riding
A, 685402, -0.974854, 0.230347, 0.009521, -0.732422, -1.708985, -0.366211,riding
B, 298955, -0.916992, -0.060547, -0.383667, -0.549316, 0.061035, -0.427246,riding
A, 685422, -0.974365, 0.233765, 0.008667, -0.183106, -1.892090, -0.488281,riding
B, 298975, -0.914673, -0.062012, -0.388184, -0.061035, 0.000000, -0.244141,riding
A, 685442, -0.975342, 0.229614, 0.014526, -0.061035, -1.892090, -0.427246,riding
B, 298995, -0.916382, -0.060913, -0.386108, -0.061035, 0.000000, -0.305176,riding
A, 685462, -0.976074, 0.225220, 0.017334, 0.244141, -1.892090, -0.427246,riding
B, 299015, -0.919312, -0.059204, -0.377808, 0.244141, 0.000000, -0.183106,riding
A, 685482, -0.976685, 0.222534, 0.012573, 0.061035, -1.770020, -0.549316,riding
B, 299035, -0.920654, -0.063354, -0.370728, 0.183106, -0.061035, -0.244141,riding
A, 685502, -0.977783, 0.219360, 0.003418, -0.183106, -1.708985, -0.610352,riding
B, 299115, -0.915283, -0.063477, -0.390503, -0.244141, -0.122070, -0.244141,riding
A, 685582, -0.973877, 0.236328, 0.012695, -0.122070, -2.014160, -0.549316,riding
B, 299135, -0.917480, -0.064209, -0.383545, -0.122070, -0.183106, -0.183106,riding
A, 685602, -0.973389, 0.235596, 0.009521, -0.122070, -2.014160, -0.732422,riding
B, 299155, -0.920288, -0.062256, -0.372681, -0.061035, -0.244141, -0.122070,riding
A, 685622, -0.974609, 0.227295, 0.011230, -0.244141, -2.014160, -0.854492,riding
B, 299175, -0.920654, -0.061646, -0.373657, -0.549316, -0.366211, -0.305176,riding
A, 685642, -0.974731, 0.228760, 0.024048, -0.915528, -1.831055, -0.915528,riding
B, 299195, -0.916870, -0.057373, -0.384888, -0.671387, -0.427246, -0.427246,riding
A, 685662, -0.975342, 0.231079, 0.026978, -0.549316, -1.770020, -0.793457,riding
B, 299215, -0.914795, -0.051392, -0.392822, -0.366211, -0.427246, -0.427246,riding
A, 685682, -0.973877, 0.232056, 0.024170, -0.061035, -1.770020, -0.793457,riding
B, 299235, -0.915771, -0.049316, -0.389893, 0.061035, -0.366211, -0.366211,riding
A, 685702, -0.973999, 0.231567, 0.022461, 0.366211, -1.892090, -0.854492,riding
B, 299255, -0.919189, -0.056519, -0.380005, 0.488281, -0.366211, -0.244141,riding
A, 685722, -0.976318, 0.223877, 0.022827, 0.183106, -1.708985, -0.915528,riding
B, 299275, -0.922363, -0.061646, -0.369629, 0.244141, -0.427246, -0.366211,riding
A, 685742, -0.974365, 0.223999, 0.022705, -0.732422, -1.464844, -0.976563,riding
B, 299295, -0.921997, -0.059082, -0.369385, -0.549316, -0.549316, -0.732422,riding
A, 685762, -0.974365, 0.229492, 0.024658, -1.037598, -1.403809, -1.037598,riding
B, 299315, -0.917480, -0.051758, -0.384521, -0.610352, -0.549316, -0.854492,riding
A, 685782, -0.974731, 0.232300, 0.026611, -0.671387, -1.342773, -1.098633,riding
B, 299335, -0.915161, -0.054932, -0.389404, 0.000000, -0.549316, -0.732422,riding
A, 685802, -0.975098, 0.227051, 0.023682, 0.183106, -1.403809, -1.098633,riding
B, 299355, -0.915283, -0.058716, -0.386353, 0.366211, -0.549316, -0.610352,riding
A, 685822, -0.975464, 0.226318, 0.012939, -0.183106, -1.342773, -0.854492,riding
B, 299375, -0.918701, -0.057373, -0.381470, 0.061035, -0.549316, -0.732422,riding
A, 685842, -0.975220, 0.230225, 0.007690, 0.061035, -1.464844, -0.976563,riding
B, 299395, -0.918335, -0.062256, -0.377319, 0.244141, -0.610352, -0.671387,riding
A, 685862, -0.973999, 0.233521, 0.006592, -0.427246, -1.403809, -1.159668,riding
B, 299415, -0.920288, -0.067505, -0.375122, -0.122070, -0.671387, -0.793457,riding
A, 685882, -0.974976, 0.228882, 0.001465, -0.244141, -1.464844, -1.342773,riding
B, 299435, -0.919800, -0.067993, -0.374634, -0.061035, -0.671387, -0.610352,riding
A, 685902, -0.976563, 0.219849, -0.000488, -0.488281, -1.525879, -1.342773,riding
B, 299455, -0.916992, -0.061890, -0.383179, -0.366211, -0.732422, -0.671387,riding
A, 685922, -0.976440, 0.223511, 0.007080, -0.427246, -1.647950, -1.220703,riding
B, 299475, -0.914551, -0.061646, -0.390503, -0.183106, -0.732422, -0.610352,riding
A, 685942, -0.975220, 0.228394, 0.021118, -0.610352, -1.647950, -0.976563,riding
B, 299495, -0.915161, -0.057739, -0.391846, -0.427246, -0.793457, -0.732422,riding
A, 685962, -0.970947, 0.245239, 0.027100, -0.671387, -1.464844, -0.854492,riding
B, 299515, -0.915405, -0.052368, -0.390503, -0.366211, -0.915528, -0.854492,riding
A, 685982, -0.968140, 0.261597, 0.026367, -0.305176, -1.403809, -1.525879,riding
B, 299535, -0.917969, -0.051880, -0.384766, -0.061035, -1.037598, -0.793457,riding
A, 686002, -0.971680, 0.245361, 0.019653, 0.244141, -1.403809, -2.075195,riding
B, 299555, -0.920166, -0.059570, -0.373169, 0.427246, -1.159668, -0.610352,riding
A, 686022, -0.976563, 0.217529, 0.014282, -0.061035, -1.342773, -2.258301,riding
B, 299575, -0.921631, -0.061890, -0.371338, -0.061035, -1.281738, -0.854492,riding
A, 686042, -0.978516, 0.201660, 0.019653, -0.793457, -1.220703, -2.075195,riding
B, 299595, -0.919434, -0.050659, -0.381104, -0.427246, -1.220703, -1.037598,riding
A, 686062, -0.980591, 0.196167, 0.035278, -0.915528, -1.220703, -1.525879,riding
B, 299615, -0.916870, -0.048340, -0.387085, -0.427246, -1.098633, -1.159668,riding
A, 686082, -0.978027, 0.208862, 0.045898, -0.671387, -1.037598, -1.159668,riding
B, 299635, -0.917969, -0.049561, -0.384888, 0.000000, -0.915528, -1.159668,riding
A, 686102, -0.976074, 0.218628, 0.035522, 0.488281, -0.976563, -1.098633,riding
B, 299655, -0.923706, -0.053223, -0.369873, 0.671387, -0.854492, -1.037598,riding
A, 686122, -0.977295, 0.222290, 0.017578, 0.122070, -0.854492, -1.220703,riding
B, 299675, -0.927490, -0.058228, -0.356201, 0.488281, -0.854492, -1.159668,riding
A, 686142, -0.977539, 0.214722, -0.000610, 0.549316, -1.037598, -1.708985,riding
B, 299695, -0.928711, -0.071899, -0.350708, 0.915528, -0.732422, -0.915528,riding
A, 686162, -0.985229, 0.180908, -0.006958, -0.915528, -0.854492, -1.525879,riding
B, 299715, -0.923096, -0.074951, -0.366089, -0.732422, -0.671387, -1.403809,riding
A, 686182, -0.984497, 0.181641, -0.005127, -1.159668, -0.976563, -0.976563,riding
B, 299735, -0.918823, -0.060547, -0.382446, -0.671387, -0.488281, -1.220703,riding
A, 686202, -0.982666, 0.192627, 0.008179, -0.671387, -1.220703, -0.427246,riding
B, 299755, -0.916992, -0.057617, -0.387085, -0.305176, -0.244141, -1.037598,riding
A, 686222, -0.978760, 0.207397, 0.017578, -0.244141, -1.281738, 0.000000,riding
B, 299775, -0.919434, -0.064331, -0.377808, 0.000000, -0.122070, -0.915528,riding
A, 686242, -0.974121, 0.229004, 0.018799, -0.488281, -1.098633, 0.000000,riding
B, 299795, -0.922241, -0.063843, -0.367676, -0.427246, -0.183106, -1.098633,riding
A, 686262, -0.968994, 0.259521, 0.017456, -1.037598, -0.976563, -0.366211,riding
B, 299815, -0.921387, -0.055786, -0.371216, -0.732422, -0.366211, -1.281738,riding
A, 686282, -0.966431, 0.272095, 0.015259, -0.122070, -1.098633, -1.220703,riding
B, 299835, -0.916626, -0.064941, -0.385498, 0.671387, -0.488281, -0.793457,riding
A, 686302, -0.972412, 0.244873, 0.010620, 0.488281, -1.159668, -1.831055,riding
B, 299855, -0.915527, -0.068481, -0.385742, 0.305176, -0.610352, -0.915528,riding
A, 686322, -0.977905, 0.210815, 0.004395, -0.305176, -1.037598, -1.586915,riding
B, 299875, -0.917114, -0.059448, -0.384766, -0.183106, -0.610352, -1.098633,riding
A, 686342, -0.981689, 0.200562, 0.005615, -0.061035, -1.342773, -0.915528,riding
B, 299895, -0.917725, -0.061646, -0.383057, 0.183106, -0.549316, -0.915528,riding
A, 686362, -0.980225, 0.202148, 0.006714, 0.671387, -1.464844, -0.671387,riding
B, 299915, -0.919067, -0.071411, -0.375854, 0.732422, -0.366211, -0.610352,riding
A, 686382, -0.978027, 0.207642, 0.008301, -0.305176, -1.220703, -0.427246,riding
B, 299935, -0.923584, -0.069580, -0.365234, -0.061035, -0.427246, -0.915528,riding
A, 686402, -0.975098, 0.227783, 0.016968, -1.403809, -1.159668, -0.549316,riding
B, 299955, -0.924316, -0.056274, -0.363525, -0.915528, -0.427246, -1.220703,riding
A, 686422, -0.971924, 0.242432, 0.032593, -1.037598, -1.098633, -0.915528,riding
B, 299975, -0.918579, -0.057373, -0.379883, -0.427246, -0.488281, -1.159668,riding
A, 686442, -0.972656, 0.239746, 0.033081, -0.549316, -0.854492, -1.220703,riding
B, 299995, -0.915894, -0.061646, -0.387207, 0.061035, -0.488281, -1.159668,riding
A, 686462, -0.974854, 0.228149, 0.005005, 0.366211, -0.854492, -1.403809,riding
B, 300015, -0.916870, -0.064331, -0.383545, 0.793457, -0.427246, -0.793457,riding
A, 686482, -0.981323, 0.200928, -0.019531, 0.549316, -1.220703, -1.098633,riding
B, 300035, -0.919678, -0.071289, -0.374756, 0.305176, -0.427246, -0.793457,riding
A, 686502, -0.983276, 0.197632, -0.019897, -0.427246, -1.403809, -0.732422,riding
B, 300055, -0.918823, -0.081421, -0.374023, -0.244141, -0.427246, -0.854492,riding
A, 686522, -0.978638, 0.216064, -0.008301, -0.183106, -1.464844, -0.488281,riding
B, 300075, -0.919678, -0.079102, -0.373657, -0.122070, -0.305176, -0.610352,riding
A, 686542, -0.977295, 0.218262, -0.010376, -0.305176, -1.586915, -0.549316,riding
B, 300095, -0.922363, -0.070557, -0.369751, -0.183106, -0.244141, -0.610352,riding
A, 686562, -0.975220, 0.222412, -0.001221, -1.159668, -1.708985, -0.610352,riding
B, 300115, -0.920166, -0.066772, -0.373413, -1.098633, -0.366211, -0.793457,riding
A, 686582, -0.974365, 0.234009, 0.017212, -1.586915, -1.586915, -0.732422,riding
B, 300135, -0.916992, -0.066406, -0.382202, -1.159668, -0.366211, -0.732422,riding
A, 686602, -0.973145, 0.236816, 0.021362, -0.793457, -1.525879, -0.854492,riding
B, 300155, -0.915527, -0.059814, -0.386597, -0.427246, -0.366211, -0.549316,riding
A, 686622, -0.974731, 0.231567, 0.015991, -0.549316, -1.525879, -0.854492,riding
B, 300175, -0.915771, -0.053833, -0.387817, -0.427246, -0.488281, -0.610352,riding
A, 686642, -0.972778, 0.239868, 0.012695, -0.427246, -1.708985, -0.854492,riding
B, 300195, -0.915039, -0.056519, -0.391113, -0.061035, -0.488281, -0.488281,riding
A, 686662, -0.972046, 0.245361, 0.016602, 0.183106, -1.770020, -0.915528,riding
B, 300215, -0.915039, -0.066528, -0.389648, 0.305176, -0.610352, -0.366211,riding
A, 686682, -0.972900, 0.245483, 0.004761, 0.305176, -1.647950, -1.281738,riding
B, 300235, -0.917358, -0.064087, -0.381104, 0.244141, -0.793457, -0.366211,riding
A, 686702, -0.974243, 0.242554, -0.003906, -0.061035, -1.770020, -1.525879,riding
B, 300255, -0.918945, -0.064209, -0.377075, 0.122070, -0.854492, -0.305176,riding
A, 686722, -0.975342, 0.230835, -0.000854, -0.183106, -1.892090, -1.708985,riding
B, 300275, -0.919556, -0.072876, -0.375488, 0.000000, -0.915528, -0.305176,riding
A, 686742, -0.979736, 0.214233, 0.000732, -0.305176, -1.831055, -1.708985,riding
B, 300295, -0.918945, -0.075073, -0.376343, -0.183106, -0.976563, -0.366211,riding
A, 686762, -0.977905, 0.212280, -0.001343, -0.732422, -1.831055, -1.403809,riding
B, 300315, -0.917358, -0.063599, -0.382568, -0.671387, -1.037598, -0.427246,riding
A, 686782, -0.975342, 0.228760, -0.000244, -0.915528, -2.014160, -1.098633,riding
B, 300335, -0.914551, -0.058228, -0.392090, -0.610352, -1.098633, -0.305176,riding
A, 686802, -0.972046, 0.249268, 0.011597, -0.427246, -2.197266, -1.098633,riding
B, 300355, -0.911255, -0.063599, -0.396606, -0.244141, -1.098633, -0.183106,riding
A, 686822, -0.966797, 0.266724, 0.024780, -0.305176, -2.075195, -1.281738,riding
B, 300375, -0.914551, -0.051636, -0.390747, 0.061035, -1.342773, -0.122070,riding
A, 686842, -0.965210, 0.272461, 0.032715, 0.244141, -2.075195, -1.953125,riding
B, 300395, -0.918091, -0.043945, -0.379761, 0.427246, -1.586915, -0.183106,riding
A, 686862, -0.969360, 0.252197, 0.046875, -0.366211, -1.708985, -2.624512,riding
B, 300415, -0.919434, -0.048706, -0.378662, 0.000000, -1.831055, -0.488281,riding
A, 686882, -0.971191, 0.241333, 0.040283, 0.000000, -1.464844, -2.868653,riding
B, 300435, -0.916626, -0.056641, -0.386230, 0.305176, -2.014160, -0.549316,riding
A, 686902, -0.976196, 0.227783, 0.015869, 0.061035, -1.342773, -2.868653,riding
B, 300455, -0.914673, -0.057739, -0.390503, 0.305176, -2.014160, -0.610352,riding
A, 686922, -0.977295, 0.217285, -0.012451, 0.915528, -1.708985, -2.685547,riding
B, 300475, -0.916626, -0.060303, -0.384644, 1.037598, -2.014160, -0.305176,riding
A, 686942, -0.981323, 0.199829, -0.022095, 1.708985, -2.136230, -2.563477,riding
B, 300495, -0.922607, -0.085571, -0.364380, 1.525879, -1.831055, 0.183106,riding
A, 686962, -0.983398, 0.189941, -0.021362, 0.732422, -2.136230, -2.319336,riding
B, 300515, -0.926514, -0.083862, -0.353516, 0.305176, -1.770020, -0.061035,riding
A, 686982, -0.982910, 0.190674, -0.015503, -0.549316, -2.075195, -2.075195,riding
B, 300535, -0.927734, -0.069702, -0.354004, -0.671387, -1.831055, -0.244141,riding
A, 687002, -0.979248, 0.205322, -0.001221, -1.342773, -2.197266, -2.014160,riding
B, 300555, -0.922974, -0.063477, -0.369263, -0.915528, -1.770020, -0.244141,riding
A, 687022, -0.976807, 0.221558, 0.012695, -0.854492, -2.258301, -2.075195,riding
B, 300575, -0.918457, -0.064575, -0.381958, -0.305176, -1.708985, 0.061035,riding
A, 687042, -0.977905, 0.219482, 0.012207, -0.061035, -2.319336, -2.136230,riding
B, 300595, -0.918579, -0.060913, -0.381958, 0.000000, -1.647950, 0.183106,riding
A, 687062, -0.976318, 0.221436, 0.007935, 0.000000, -2.441406, -2.014160,riding
B, 300615, -0.920166, -0.053589, -0.375366, 0.061035, -1.708985, 0.244141,riding
A, 687082, -0.975830, 0.222046, 0.011841, 0.183106, -2.563477, -2.075195,riding
B, 300635, -0.922241, -0.067261, -0.368652, 0.122070, -1.708985, 0.244141,riding
A, 687102, -0.976807, 0.221924, 0.015015, -0.305176, -2.441406, -2.258301,riding
B, 300655, -0.924683, -0.064819, -0.365112, -0.183106, -1.770020, 0.183106,riding
A, 687122, -0.977905, 0.211304, 0.011597, -0.183106, -2.319336, -2.380371,riding
B, 300675, -0.925049, -0.056885, -0.360352, -0.122070, -1.770020, 0.244141,riding
A, 687142, -0.981079, 0.198853, 0.017822, -0.793457, -2.441406, -2.319336,riding
B, 300695, -0.925049, -0.050781, -0.366211, -0.671387, -1.770020, 0.000000,riding
A, 687162, -0.979736, 0.202515, 0.032959, -0.793457, -2.380371, -2.075195,riding
B, 300715, -0.921509, -0.052124, -0.375977, -0.549316, -1.708985, 0.000000,riding
A, 687182, -0.978271, 0.209229, 0.049072, -0.976563, -2.136230, -1.831055,riding
B, 300735, -0.918213, -0.047607, -0.382080, -0.854492, -1.708985, -0.305176,riding
A, 687202, -0.972412, 0.235840, 0.050049, -1.342773, -1.831055, -1.586915,riding
B, 300755, -0.917236, -0.036743, -0.386597, -0.915528, -1.831055, -0.488281,riding
A, 687222, -0.965454, 0.270996, 0.043213, -0.793457, -1.770020, -2.136230,riding
B, 300775, -0.917480, -0.046997, -0.384033, -0.366211, -2.136230, -0.549316,riding
A, 687242, -0.964233, 0.280029, 0.037231, -0.732422, -1.586915, -2.807618,riding
B, 300795, -0.917114, -0.054810, -0.383179, -0.305176, -2.502441, -0.671387,riding
A, 687262, -0.964600, 0.277832, 0.031494, -1.098633, -1.342773, -3.417970,riding
B, 300815, -0.915283, -0.047974, -0.386963, -0.610352, -2.868653, -0.976563,riding
A, 687282, -0.963989, 0.274902, 0.036011, -1.708985, -1.220703, -3.784181,riding
B, 300835, -0.911987, -0.038696, -0.398682, -0.915528, -3.356935, -1.159668,riding
A, 687302, -0.965210, 0.273438, 0.044678, -0.976563, -1.281738, -4.211426,riding
B, 300855, -0.910645, -0.041626, -0.403931, -0.061035, -3.540040, -1.037598,riding
A, 687322, -0.969727, 0.253662, 0.039795, 0.610352, -1.342773, -4.516602,riding
B, 300875, -0.914307, -0.050537, -0.391602, 1.159668, -3.723145, -0.671387,riding
A, 687342, -0.975098, 0.223633, 0.025146, 0.793457, -1.220703, -4.638672,riding
B, 300895, -0.927734, -0.048340, -0.355713, 1.159668, -3.845216, -0.793457,riding
A, 687362, -0.979004, 0.201050, 0.014404, 0.793457, -1.342773, -4.699707,riding
B, 300915, -0.933472, -0.059204, -0.340210, 1.464844, -3.845216, -0.671387,riding
A, 687382, -0.985840, 0.165405, 0.014404, 0.610352, -1.342773, -4.760742,riding
B, 300935, -0.933716, -0.069580, -0.336792, 1.159668, -3.723145, -0.793457,riding
A, 687402, -0.990601, 0.142456, 0.006592, 0.183106, -1.159668, -4.455566,riding
B, 300955, -0.934692, -0.066772, -0.335815, 0.671387, -3.479005, -0.854492,riding
A, 687422, -0.993164, 0.124390, 0.000610, -0.244141, -1.342773, -3.845216,riding
B, 300975, -0.937012, -0.058105, -0.334473, 0.305176, -3.112794, -0.915528,riding
A, 687442, -0.995483, 0.116211, 0.010498, -0.610352, -1.403809, -3.173829,riding
B, 300995, -0.939087, -0.059692, -0.330444, 0.000000, -2.685547, -0.854492,riding
A, 687462, -0.996704, 0.116333, 0.016968, 0.366211, -1.525879, -2.624512,riding
B, 301015, -0.941162, -0.068237, -0.322754, 0.610352, -2.197266, -0.610352,riding
A, 687482, -0.997070, 0.112793, 0.003906, 0.610352, -1.525879, -2.075195,riding
B, 301035, -0.944458, -0.068604, -0.310303, 0.671387, -1.464844, -0.427246,riding
A, 687502, -0.996704, 0.113770, -0.015991, 0.427246, -1.647950, -1.708985,riding
B, 301055, -0.943970, -0.071533, -0.309814, 0.305176, -0.976563, -0.305176,riding
A, 687522, -0.997314, 0.113403, -0.015747, -0.366211, -1.892090, -1.281738,riding
B, 301075, -0.940918, -0.078247, -0.316040, -0.488281, -0.610352, -0.366211,riding
A, 687542, -0.996216, 0.118774, -0.003662, -1.037598, -1.953125, -0.732422,riding
B, 301095, -0.938354, -0.073364, -0.327759, -0.976563, -0.244141, -0.427246,riding
A, 687562, -0.991821, 0.136230, 0.010376, -1.220703, -1.892090, 0.061035,riding
B, 301115, -0.936157, -0.057861, -0.335449, -1.159668, 0.183106, -0.366211,riding
A, 687582, -0.989380, 0.149048, 0.017944, -0.854492, -2.075195, 0.488281,riding
B, 301135, -0.935425, -0.052490, -0.337402, -0.915528, 0.549316, -0.183106,riding
A, 687602, -0.988525, 0.154541, 0.028198, -0.854492, -2.014160, 0.610352,riding
B, 301155, -0.939331, -0.060791, -0.327637, -0.854492, 1.037598, -0.183106,riding
A, 687622, -0.988770, 0.148682, 0.026733, -0.549316, -1.953125, 0.732422,riding
B, 301175, -0.941650, -0.059448, -0.319824, -0.610352, 1.342773, -0.122070,riding
A, 687642, -0.990845, 0.137085, 0.017212, -0.854492, -1.831055, 0.915528,riding
B, 301195, -0.940430, -0.057495, -0.323364, -1.159668, 1.525879, -0.305176,riding
A, 687662, -0.990845, 0.139648, 0.014771, -1.464844, -1.892090, 1.342773,riding
B, 301215, -0.936157, -0.054443, -0.339233, -1.403809, 1.892090, -0.366211,riding
A, 687682, -0.990234, 0.143555, 0.023193, -1.342773, -1.953125, 1.831055,riding
B, 301235, -0.931641, -0.058228, -0.347900, -1.342773, 2.258301, -0.305176,riding
A, 687702, -0.989868, 0.149292, 0.024292, -0.976563, -1.892090, 2.319336,riding
B, 301255, -0.932373, -0.055542, -0.344238, -1.037598, 2.624512, -0.183106,riding
A, 687722, -0.988281, 0.146240, 0.018921, -0.671387, -1.953125, 2.685547,riding
B, 301275, -0.937256, -0.054565, -0.331665, -0.976563, 2.990724, -0.122070,riding
A, 687742, -0.988159, 0.158813, 0.018555, -1.220703, -2.014160, 3.173829,riding
B, 301295, -0.935669, -0.060913, -0.334106, -1.586915, 3.295899, -0.305176,riding
A, 687762, -0.983765, 0.176880, 0.026489, -1.647950, -1.831055, 3.234864,riding
B, 301315, -0.930542, -0.055908, -0.348511, -1.831055, 3.479005, -0.427246,riding
A, 687782, -0.981323, 0.191528, 0.027588, -1.342773, -1.770020, 3.356935,riding
B, 301335, -0.925903, -0.049194, -0.363159, -1.525879, 3.662110, -0.366211,riding
A, 687802, -0.978516, 0.198242, 0.022949, -0.793457, -1.892090, 3.479005,riding
B, 301355, -0.921753, -0.046997, -0.371582, -1.098633, 3.784181, -0.183106,riding
A, 687822, -0.977539, 0.208008, 0.022705, -0.671387, -1.953125, 3.723145,riding
B, 301375, -0.920532, -0.052124, -0.375854, -1.098633, 3.784181, -0.183106,riding
A, 687842, -0.973999, 0.228271, 0.026123, -1.037598, -1.892090, 3.784181,riding
B, 301395, -0.920776, -0.052246, -0.376465, -1.342773, 3.784181, -0.305176,riding
A, 687862, -0.970459, 0.242188, 0.028320, -0.976563, -1.831055, 3.601075,riding
B, 301415, -0.919800, -0.048584, -0.374023, -1.220703, 3.662110, -0.244141,riding
A, 687882, -0.969604, 0.252563, 0.029907, -1.098633, -1.708985, 3.234864,riding
B, 301435, -0.914673, -0.048218, -0.386963, -1.525879, 3.234864, -0.549316,riding
A, 687902, -0.965820, 0.269165, 0.034180, -1.464844, -1.586915, 2.868653,riding
B, 301455, -0.908203, -0.044678, -0.406128, -1.586915, 2.929688, -0.610352,riding
A, 687922, -0.960938, 0.294189, 0.034668, -0.915528, -1.647950, 2.380371,riding
B, 301475, -0.903198, -0.040649, -0.419189, -1.037598, 2.685547, -0.488281,riding
A, 687942, -0.960327, 0.298462, 0.034302, -0.732422, -1.647950, 2.136230,riding
B, 301495, -0.903564, -0.040527, -0.418945, -0.854492, 2.258301, -0.549316,riding
A, 687962, -0.958496, 0.307861, 0.037720, -0.549316, -1.647950, 1.647950,riding
B, 301515, -0.904297, -0.040894, -0.414063, -0.610352, 1.831055, -0.610352,riding
A, 687982, -0.956055, 0.315918, 0.044800, -0.610352, -1.464844, 1.159668,riding
B, 301535, -0.906494, -0.040649, -0.411377, -0.549316, 1.342773, -0.671387,riding
A, 688002, -0.955933, 0.323608, 0.048706, -0.671387, -1.281738, 0.366211,riding
B, 301555, -0.904785, -0.035645, -0.416626, -0.427246, 0.549316, -0.915528,riding
A, 688022, -0.956299, 0.321655, 0.046875, -0.305176, -1.159668, -0.427246,riding
B, 301575, -0.903320, -0.038086, -0.420166, 0.061035, 0.061035, -0.915528,riding
A, 688042, -0.959717, 0.307373, 0.038696, 0.000000, -1.098633, -0.976563,riding
B, 301595, -0.903809, -0.044434, -0.418701, 0.183106, -0.366211, -1.037598,riding
A, 688062, -0.962891, 0.288818, 0.031372, -0.183106, -0.976563, -1.281738,riding
B, 301615, -0.906250, -0.045776, -0.413574, 0.061035, -0.732422, -1.098633,riding
A, 688082, -0.965454, 0.275146, 0.020508, 0.122070, -1.098633, -1.647950,riding
B, 301635, -0.907837, -0.047485, -0.407104, 0.366211, -0.976563, -0.976563,riding
A, 688102, -0.966919, 0.269409, 0.019287, -0.183106, -1.037598, -1.770020,riding
B, 301655, -0.909302, -0.053223, -0.400391, 0.244141, -1.342773, -1.098633,riding
A, 688122, -0.965576, 0.275391, 0.021240, -0.549316, -1.037598, -2.136230,riding
B, 301675, -0.911865, -0.051147, -0.399048, -0.122070, -1.647950, -1.220703,riding
A, 688142, -0.965332, 0.272095, 0.024414, 0.061035, -1.159668, -2.563477,riding
B, 301695, -0.913818, -0.049561, -0.393921, 0.549316, -1.953125, -0.976563,riding
A, 688162, -0.969238, 0.253784, 0.025879, 0.000000, -1.098633, -2.868653,riding
B, 301715, -0.914795, -0.050781, -0.388916, 0.366211, -2.136230, -1.098633,riding
A, 688182, -0.971069, 0.245239, 0.026123, 0.000000, -1.037598, -2.929688,riding
B, 301735, -0.914673, -0.046997, -0.391357, 0.549316, -2.258301, -1.098633,riding
A, 688202, -0.971558, 0.241211, 0.026611, 0.366211, -1.098633, -3.051759,riding
B, 301755, -0.914429, -0.049438, -0.391602, 0.793457, -2.380371, -0.976563,riding
A, 688222, -0.973633, 0.232422, 0.023193, 0.488281, -1.037598, -2.990724,riding
B, 301775, -0.916870, -0.052612, -0.386108, 0.854492, -2.380371, -1.037598,riding
A, 688242, -0.973755, 0.227905, 0.019653, 0.183106, -1.037598, -2.929688,riding
B, 301795, -0.918823, -0.054810, -0.378174, 0.549316, -2.502441, -1.098633,riding
A, 688262, -0.973267, 0.236572, 0.015869, -0.183106, -1.037598, -3.051759,riding
B, 301815, -0.919312, -0.054688, -0.375610, 0.366211, -2.624512, -1.159668,riding
A, 688282, -0.972900, 0.236938, 0.018921, -0.061035, -1.098633, -3.356935,riding
B, 301835, -0.919434, -0.054810, -0.376831, 0.488281, -2.685547, -1.159668,riding
A, 688302, -0.974976, 0.225464, 0.020142, 0.061035, -1.098633, -3.540040,riding
B, 301855, -0.920532, -0.053589, -0.375488, 0.549316, -2.685547, -1.037598,riding
A, 688322, -0.978271, 0.211182, 0.022949, 0.000000, -1.037598, -3.479005,riding
B, 301875, -0.921631, -0.053101, -0.372681, 0.488281, -2.685547, -1.037598,riding
A, 688342, -0.980835, 0.199097, 0.019165, 0.427246, -1.159668, -3.295899,riding
B, 301895, -0.923462, -0.055298, -0.367920, 0.915528, -2.563477, -0.976563,riding
A, 688362, -0.982666, 0.185913, 0.012085, 0.305176, -1.098633, -3.112794,riding
B, 301915, -0.925537, -0.061279, -0.360596, 0.671387, -2.441406, -0.915528,riding
A, 688382, -0.983398, 0.183228, 0.001709, 0.122070, -1.220703, -2.868653,riding
B, 301935, -0.928467, -0.063232, -0.355469, 0.549316, -2.258301, -0.915528,riding
A, 688402, -0.984497, 0.177979, -0.001465, 0.061035, -1.342773, -2.685547,riding
B, 301955, -0.930298, -0.065186, -0.349243, 0.244141, -1.953125, -0.854492,riding
A, 688422, -0.985596, 0.172729, 0.003052, -0.183106, -1.403809, -2.502441,riding
B, 301975, -0.931152, -0.065430, -0.345703, 0.244141, -1.647950, -0.671387,riding
A, 688442, -0.989258, 0.152466, 0.007935, -0.244141, -1.464844, -2.075195,riding
B, 301995, -0.932861, -0.063232, -0.343506, 0.000000, -1.403809, -0.671387,riding
A, 688462, -0.990479, 0.148071, 0.006714, -0.427246, -1.525879, -1.586915,riding
B, 302015, -0.932861, -0.062744, -0.344971, -0.244141, -1.098633, -0.671387,riding
A, 688482, -0.989502, 0.152100, 0.005493, -0.793457, -1.586915, -1.037598,riding
B, 302035, -0.932739, -0.062378, -0.348389, -0.488281, -0.732422, -0.671387,riding
A, 688502, -0.987427, 0.161499, 0.006714, -0.488281, -1.770020, -0.671387,riding
B, 302055, -0.930786, -0.060425, -0.349731, -0.305176, -0.427246, -0.427246,riding
A, 688522, -0.987671, 0.164429, 0.012939, -0.549316, -1.831055, -0.427246,riding
B, 302075, -0.931152, -0.059937, -0.346680, -0.427246, -0.122070, -0.427246,riding
A, 688542, -0.984863, 0.171387, 0.019531, -0.854492, -1.770020, -0.122070,riding
B, 302095, -0.931274, -0.054199, -0.347046, -0.732422, 0.244141, -0.488281,riding
A, 688562, -0.984131, 0.177490, 0.025757, -0.732422, -1.770020, 0.000000,riding
B, 302115, -0.929565, -0.054321, -0.351807, -0.549316, 0.427246, -0.427246,riding
A, 688582, -0.983521, 0.180054, 0.023071, -0.488281, -1.770020, 0.122070,riding
B, 302135, -0.928223, -0.055786, -0.356812, -0.549316, 0.671387, -0.427246,riding
A, 688602, -0.984131, 0.181030, 0.017822, -0.854492, -1.708985, 0.549316,riding
B, 302155, -0.927124, -0.053223, -0.360840, -0.793457, 0.793457, -0.488281,riding
A, 688622, -0.979858, 0.195435, 0.024902, -1.098633, -1.708985, 0.793457,riding
B, 302175, -0.925049, -0.050537, -0.366211, -0.915528, 0.915528, -0.549316,riding
A, 688642, -0.978027, 0.212036, 0.035767, -1.037598, -1.647950, 0.854492,riding
B, 302195, -0.923584, -0.048340, -0.370850, -0.915528, 1.037598, -0.549316,riding
A, 688662, -0.974976, 0.223145, 0.039307, -0.671387, -1.586915, 0.854492,riding
B, 302215, -0.921753, -0.046143, -0.373169, -0.549316, 1.037598, -0.549316,riding
A, 688682, -0.973755, 0.230591, 0.032471, -0.427246, -1.525879, 0.671387,riding
B, 302235, -0.921753, -0.046265, -0.373657, -0.427246, 0.976563, -0.549316,riding
A, 688702, -0.973633, 0.231689, 0.025879, -0.366211, -1.525879, 0.549316,riding
B, 302255, -0.919312, -0.050415, -0.375854, -0.366211, 0.915528, -0.610352,riding
A, 688722, -0.974854, 0.228394, 0.024292, -0.427246, -1.525879, 0.366211,riding
B, 302275, -0.919800, -0.053101, -0.376709, -0.427246, 0.915528, -0.610352,riding
A, 688742, -0.976196, 0.223145, 0.026611, -0.793457, -1.403809, 0.366211,riding
B, 302295, -0.920166, -0.050171, -0.379639, -0.732422, 0.793457, -0.793457,riding
A, 688762, -0.974243, 0.229370, 0.030273, -0.732422, -1.403809, 0.427246,riding
B, 302315, -0.918335, -0.044312, -0.384277, -0.488281, 0.732422, -0.732422,riding
A, 688782, -0.972778, 0.237305, 0.033325, -0.305176, -1.403809, 0.366211,riding
B, 302335, -0.916870, -0.046875, -0.386108, -0.305176, 0.732422, -0.732422,riding
A, 688802, -0.971558, 0.238647, 0.033691, -0.305176, -1.342773, 0.305176,riding
B, 302355, -0.917725, -0.046875, -0.381714, -0.244141, 0.610352, -0.915528,riding
A, 688822, -0.970703, 0.240845, 0.035400, -0.549316, -1.220703, 0.183106,riding
B, 302375, -0.917725, -0.043945, -0.381226, -0.427246, 0.488281, -0.976563,riding
A, 688842, -0.969238, 0.250366, 0.039063, -0.488281, -1.159668, 0.000000,riding
B, 302395, -0.916504, -0.043213, -0.386475, -0.244141, 0.305176, -0.976563,riding
A, 688862, -0.969238, 0.254517, 0.046143, -0.549316, -1.037598, -0.244141,riding
B, 302415, -0.916138, -0.040527, -0.393188, -0.244141, 0.183106, -1.220703,riding
A, 688882, -0.968018, 0.255493, 0.049927, -0.366211, -0.854492, -0.427246,riding
B, 302435, -0.914551, -0.038086, -0.393311, -0.061035, 0.000000, -1.281738,riding
A, 688902, -0.968628, 0.255615, 0.049316, -0.244141, -0.671387, -0.549316,riding
B, 302455, -0.913574, -0.039185, -0.396118, 0.061035, -0.122070, -1.464844,riding
A, 688922, -0.966919, 0.261475, 0.047119, -0.427246, -0.488281, -0.671387,riding
B, 302475, -0.913330, -0.040894, -0.395752, 0.183106, -0.427246, -1.647950,riding
A, 688942, -0.967407, 0.264282, 0.043823, -0.122070, -0.427246, -0.976563,riding
B, 302495, -0.914795, -0.044556, -0.390869, 0.427246, -0.671387, -1.708985,riding
A, 688962, -0.967529, 0.260010, 0.032227, 0.000000, -0.305176, -1.464844,riding
B, 302515, -0.915527, -0.048828, -0.389648, 0.427246, -0.854492, -1.770020,riding
A, 688982, -0.968872, 0.257324, 0.026489, -0.183106, -0.183106, -1.770020,riding
B, 302535, -0.915649, -0.050537, -0.391602, 0.305176, -1.098633, -1.892090,riding
A, 689002, -0.970703, 0.250732, 0.022217, -0.061035, -0.244141, -1.953125,riding
B, 302555, -0.913818, -0.052979, -0.391968, 0.488281, -1.281738, -1.892090,riding
A, 689022, -0.970093, 0.245972, 0.019409, -0.183106, -0.183106, -2.014160,riding
B, 302575, -0.913940, -0.054199, -0.392700, 0.366211, -1.403809, -1.953125,riding
A, 689042, -0.972046, 0.245850, 0.014526, 0.244141, -0.305176, -2.075195,riding
B, 302595, -0.914063, -0.055176, -0.390869, 0.793457, -1.525879, -1.770020,riding
A, 689062, -0.972534, 0.239258, 0.006714, 0.671387, -0.427246, -2.258301,riding
B, 302615, -0.917603, -0.064697, -0.380981, 1.037598, -1.647950, -1.586915,riding
A, 689082, -0.974976, 0.231445, 0.000610, 0.366211, -0.427246, -2.319336,riding
B, 302635, -0.919556, -0.066040, -0.375122, 0.549316, -1.708985, -1.647950,riding
A, 689102, -0.974609, 0.228394, 0.000732, -0.183106, -0.549316, -2.441406,riding
B, 302655, -0.919678, -0.064697, -0.375977, 0.305176, -1.831055, -1.647950,riding
A, 689122, -0.975952, 0.229736, 0.003052, -0.244141, -0.549316, -2.441406,riding
B, 302675, -0.917114, -0.064819, -0.381470, 0.366211, -1.892090, -1.525879,riding
A, 689142, -0.975098, 0.226318, -0.000854, 0.244141, -0.732422, -2.563477,riding
B, 302695, -0.916504, -0.066040, -0.382324, 0.671387, -1.892090, -1.342773,riding
A, 689162, -0.976074, 0.220337, -0.005249, 0.427246, -0.915528, -2.502441,riding
B, 302715, -0.919067, -0.065918, -0.377686, 0.793457, -1.892090, -1.220703,riding
A, 689182, -0.979004, 0.213379, -0.006714, 0.610352, -1.098633, -2.502441,riding
B, 302735, -0.920898, -0.068237, -0.371216, 0.976563, -1.892090, -0.976563,riding
A, 689202, -0.979248, 0.204224, -0.007935, 0.427246, -1.220703, -2.563477,riding
B, 302755, -0.924072, -0.074829, -0.360596, 0.732422, -1.831055, -0.854492,riding
A, 689222, -0.980835, 0.195435, -0.014038, 0.305176, -1.281738, -2.441406,riding
B, 302775, -0.924683, -0.077393, -0.358398, 0.488281, -1.708985, -0.732422,riding
A, 689242, -0.985107, 0.188843, -0.025879, 0.122070, -1.464844, -2.258301,riding
B, 302795, -0.924683, -0.078491, -0.361084, 0.366211, -1.586915, -0.549316,riding
A, 689262, -0.983765, 0.187134, -0.034668, 0.183106, -1.770020, -2.075195,riding
B, 302815, -0.922729, -0.083130, -0.364746, 0.366211, -1.464844, -0.183106,riding
A, 689282, -0.984985, 0.184937, -0.041870, 0.122070, -2.136230, -1.831055,riding
B, 302835, -0.922607, -0.088745, -0.364380, 0.122070, -1.220703, 0.122070,riding
A, 689302, -0.986450, 0.183472, -0.056885, -0.183106, -2.624512, -1.464844,riding
B, 302855, -0.925171, -0.093750, -0.357422, -0.122070, -1.098633, 0.427246,riding
A, 689322, -0.985596, 0.182007, -0.061768, -0.671387, -3.051759, -1.281738,riding
B, 302875, -0.928101, -0.093994, -0.349365, -0.854492, -0.915528, 0.854492,riding
A, 689342, -0.985596, 0.181885, -0.058472, -1.098633, -3.479005, -1.220703,riding
B, 302895, -0.926880, -0.095825, -0.352051, -1.220703, -0.793457, 1.220703,riding
A, 689362, -0.985840, 0.179932, -0.052002, -1.220703, -3.845216, -1.037598,riding
B, 302915, -0.924316, -0.092773, -0.359131, -1.647950, -0.732422, 1.464844,riding
A, 689382, -0.984131, 0.193726, -0.045532, -1.892090, -4.089355, -0.671387,riding
B, 302935, -0.920654, -0.081421, -0.372925, -2.197266, -0.610352, 1.708985,riding
A, 689402, -0.981689, 0.207153, -0.036255, -1.464844, -4.577637, -0.488281,riding
B, 302955, -0.919312, -0.074829, -0.376221, -1.770020, -0.488281, 2.258301,riding
B, 302975, -0.921509, -0.071411, -0.370239, -1.708985, -0.488281, 2.502441,riding
A, 689442, -0.975830, 0.220581, -0.000977, -1.281738, -5.126953, -0.427246,riding
B, 302995, -0.923584, -0.064209, -0.366333, -1.770020, -0.488281, 2.685547,riding
A, 689462, -0.973877, 0.227661, 0.017944, -1.159668, -5.249023, -0.610352,riding
B, 303015, -0.923218, -0.045410, -0.368774, -1.708985, -0.549316, 2.746582,riding
A, 689482, -0.972656, 0.226563, 0.054565, -1.647950, -5.126953, -0.854492,riding
B, 303035, -0.921875, -0.033081, -0.373535, -2.014160, -0.671387, 2.502441,riding
A, 689502, -0.972046, 0.228149, 0.087280, -2.075195, -4.760742, -0.854492,riding
B, 303055, -0.921753, -0.018555, -0.382568, -2.258301, -0.732422, 2.136230,riding
A, 689522, -0.969971, 0.234619, 0.114746, -1.403809, -4.394531, -0.854492,riding
B, 303075, -0.920288, -0.001343, -0.386841, -1.647950, -0.732422, 1.892090,riding
A, 689542, -0.969360, 0.233765, 0.137207, -0.183106, -4.028320, -0.976563,riding
B, 303095, -0.922974, 0.011353, -0.381592, -0.366211, -0.732422, 1.770020,riding
A, 689562, -0.969360, 0.227905, 0.153198, 0.305176, -3.417970, -1.098633,riding
B, 303115, -0.926880, 0.016479, -0.370850, 0.244141, -0.671387, 1.220703,riding
A, 689582, -0.970703, 0.218628, 0.161987, 0.305176, -2.685547, -1.281738,riding
B, 303135, -0.929443, 0.012451, -0.362549, 0.183106, -0.671387, 0.122070,riding
A, 689602, -0.972656, 0.212524, 0.158325, -0.061035, -1.770020, -1.342773,riding
B, 303155, -0.929077, 0.014038, -0.364624, 0.061035, -0.671387, -0.732422,riding
A, 689622, -0.971924, 0.211060, 0.148438, -0.061035, -1.037598, -1.342773,riding
B, 303175, -0.926514, 0.013794, -0.370850, 0.366211, -0.610352, -1.281738,riding
A, 689642, -0.974854, 0.201660, 0.140015, -0.061035, -0.427246, -1.281738,riding
B, 303195, -0.927368, 0.005127, -0.369995, 0.366211, -0.427246, -1.953125,riding
A, 689662, -0.976563, 0.190430, 0.128052, 0.061035, 0.549316, -0.854492,riding
B, 303215, -0.928955, -0.002197, -0.362915, 0.610352, -0.305176, -2.502441,riding
A, 689682, -0.977295, 0.191162, 0.111450, 0.366211, 0.976563, -0.671387,riding
B, 303235, -0.930298, -0.006714, -0.357056, 0.976563, -0.183106, -2.868653,riding
A, 689702, -0.977539, 0.196899, 0.093994, 0.305176, 1.403809, -0.549316,riding
B, 303255, -0.931519, -0.013550, -0.357422, 1.098633, 0.000000, -3.234864,riding
A, 689722, -0.977539, 0.199951, 0.082031, 0.427246, 1.708985, -0.610352,riding
B, 303275, -0.928589, -0.023926, -0.360474, 1.403809, 0.244141, -3.662110,riding
A, 689742, -0.979736, 0.193848, 0.074341, 0.732422, 1.953125, -0.549316,riding
B, 303295, -0.927612, -0.028687, -0.361816, 1.586915, 0.366211, -3.906251,riding
A, 689762, -0.979492, 0.191772, 0.066650, 0.671387, 2.197266, -0.366211,riding
B, 303315, -0.927979, -0.030518, -0.364990, 1.647950, 0.549316, -4.089355,riding
A, 689782, -0.979736, 0.193237, 0.052612, 1.037598, 2.319336, -0.122070,riding
B, 303335, -0.925171, -0.037109, -0.368408, 2.075195, 0.671387, -4.089355,riding
A, 689802, -0.979492, 0.198730, 0.037964, 1.525879, 2.441406, 0.061035,riding
B, 303355, -0.924561, -0.047729, -0.367798, 2.258301, 0.793457, -4.089355,riding
A, 689822, -0.978882, 0.204834, 0.022095, 1.586915, 2.441406, 0.183106,riding
B, 303375, -0.924683, -0.055664, -0.365723, 2.380371, 0.915528, -4.089355,riding
A, 689842, -0.978516, 0.206909, 0.002197, 1.464844, 2.319336, 0.183106,riding
B, 303395, -0.924927, -0.061646, -0.361694, 2.258301, 0.976563, -4.028320,riding
A, 689862, -0.979492, 0.208008, -0.014771, 1.342773, 2.197266, 0.122070,riding
B, 303415, -0.921875, -0.078613, -0.367310, 2.075195, 1.037598, -3.845216,riding
A, 689882, -0.978760, 0.207886, -0.034790, 1.159668, 2.075195, 0.183106,riding
B, 303435, -0.918335, -0.087280, -0.373291, 1.708985, 1.098633, -3.662110,riding
A, 689902, -0.979248, 0.213867, -0.057983, 0.976563, 1.708985, 0.366211,riding
B, 303455, -0.915649, -0.091309, -0.380371, 1.647950, 1.098633, -3.295899,riding
A, 689922, -0.977905, 0.221924, -0.078735, 1.770020, 0.976563, 0.427246,riding
B, 303475, -0.914673, -0.101929, -0.383301, 2.319336, 1.159668, -2.441406,riding
A, 689942, -0.979370, 0.220337, -0.091064, 2.258301, 0.305176, 0.366211,riding
B, 303495, -0.915527, -0.114258, -0.377197, 2.380371, 1.098633, -1.831055,riding
A, 689962, -0.981079, 0.216309, -0.095825, 1.037598, -0.122070, 0.488281,riding
B, 303515, -0.917236, -0.117065, -0.370972, 0.915528, 1.037598, -1.770020,riding
A, 689982, -0.979614, 0.220581, -0.093262, -0.366211, -0.488281, 0.488281,riding
B, 303535, -0.917847, -0.107544, -0.371826, -0.244141, 0.854492, -1.220703,riding
A, 690002, -0.978638, 0.224487, -0.075806, -0.610352, -1.342773, 0.366211,riding
B, 303555, -0.915894, -0.107056, -0.379028, -0.549316, 0.793457, -0.793457,riding
A, 690022, -0.978149, 0.226685, -0.064941, -1.281738, -1.708985, 0.427246,riding
B, 303575, -0.911743, -0.098999, -0.388306, -1.159668, 0.732422, -0.549316,riding
A, 690042, -0.976440, 0.229980, -0.055298, -1.098633, -2.136230, 0.427246,riding
B, 303595, -0.914307, -0.087158, -0.387817, -1.037598, 0.793457, -0.061035,riding
A, 690062, -0.978027, 0.223633, -0.041382, -0.610352, -2.624512, 0.427246,riding
B, 303615, -0.916870, -0.085571, -0.380371, -0.732422, 0.732422, 0.427246,riding
A, 690082, -0.978394, 0.219604, -0.027588, -0.732422, -2.868653, 0.488281,riding
B, 303635, -0.919434, -0.085815, -0.374023, -1.037598, 0.732422, 0.610352,riding
A, 690102, -0.978027, 0.215576, -0.021729, -0.793457, -3.051759, 0.366211,riding
B, 303655, -0.921143, -0.079712, -0.369019, -1.037598, 0.793457, 0.854492,riding
A, 690122, -0.979858, 0.202637, -0.013916, -0.793457, -3.234864, 0.366211,riding
B, 303675, -0.923462, -0.067993, -0.364990, -1.159668, 0.976563, 1.098633,riding
A, 690142, -0.982788, 0.189209, 0.000122, -1.037598, -3.417970, 0.549316,riding
B, 303695, -0.922974, -0.065674, -0.370361, -1.525879, 1.159668, 1.037598,riding
A, 690162, -0.982910, 0.188843, 0.013916, -1.220703, -3.356935, 0.915528,riding
B, 303715, -0.920410, -0.059204, -0.375732, -1.464844, 1.342773, 1.098633,riding
A, 690182, -0.980347, 0.198853, 0.028687, -0.488281, -3.479005, 1.464844,riding
B, 303735, -0.921265, -0.047852, -0.377441, -0.976563, 1.586915, 1.159668,riding
A, 690202, -0.977173, 0.205566, 0.041626, -0.610352, -3.417970, 1.586915,riding
B, 303755, -0.923462, -0.040894, -0.371582, -1.037598, 1.770020, 1.098633,riding
A, 690222, -0.979248, 0.199585, 0.049438, 0.061035, -3.295899, 1.586915,riding
B, 303775, -0.926392, -0.047852, -0.361816, -0.488281, 2.014160, 1.220703,riding
A, 690242, -0.979248, 0.191406, 0.050293, -0.732422, -2.868653, 1.647950,riding
B, 303795, -0.927002, -0.049805, -0.358521, -1.037598, 2.136230, 0.549316,riding
A, 690262, -0.977173, 0.200439, 0.044434, -1.464844, -2.563477, 1.953125,riding
B, 303815, -0.921631, -0.036499, -0.376953, -1.708985, 2.319336, 0.305176,riding
A, 690282, -0.977051, 0.209229, 0.046509, -1.464844, -2.502441, 2.197266,riding
B, 303835, -0.915649, -0.038574, -0.391357, -1.647950, 2.441406, 0.183106,riding
A, 690302, -0.974609, 0.223999, 0.051392, -1.281738, -2.319336, 2.502441,riding
B, 303855, -0.912598, -0.043213, -0.397705, -1.342773, 2.624512, 0.122070,riding
A, 690322, -0.971924, 0.233276, 0.046387, -0.732422, -2.197266, 2.563477,riding
B, 303875, -0.914673, -0.042358, -0.392090, -0.976563, 2.685547, 0.122070,riding
A, 690342, -0.968140, 0.245239, 0.038086, -0.854492, -2.075195, 2.624512,riding
B, 303895, -0.915283, -0.040161, -0.387451, -1.159668, 2.624512, -0.061035,riding
A, 690362, -0.967163, 0.260498, 0.040039, -1.159668, -1.953125, 2.197266,riding
B, 303915, -0.915039, -0.045776, -0.389771, -1.281738, 2.563477, -0.244141,riding
A, 690382, -0.965088, 0.268433, 0.042114, -1.464844, -1.708985, 2.014160,riding
B, 303935, -0.907104, -0.045532, -0.409302, -1.708985, 2.197266, -0.610352,riding
A, 690402, -0.962769, 0.283325, 0.039429, -1.708985, -1.525879, 1.831055,riding
B, 303955, -0.901245, -0.035156, -0.426147, -1.647950, 2.014160, -0.671387,riding
A, 690422, -0.960083, 0.299072, 0.039063, -0.976563, -1.647950, 1.708985,riding
B, 303975, -0.898315, -0.034058, -0.434570, -0.854492, 1.708985, -0.549316,riding
A, 690442, -0.958374, 0.307617, 0.046021, -0.732422, -1.708985, 1.403809,riding
B, 303995, -0.899780, -0.040405, -0.430054, -0.732422, 1.403809, -0.671387,riding
A, 690462, -0.956421, 0.317749, 0.050659, -0.732422, -1.403809, 1.037598,riding
B, 304015, -0.901489, -0.037720, -0.425049, -0.610352, 0.976563, -0.793457,riding
A, 690482, -0.953979, 0.328613, 0.050415, -0.488281, -1.220703, 0.366211,riding
B, 304035, -0.903564, -0.032959, -0.422729, -0.427246, 0.610352, -0.915528,riding
A, 690502, -0.953735, 0.328979, 0.054565, -0.488281, -1.159668, -0.366211,riding
B, 304055, -0.901733, -0.031250, -0.425781, -0.244141, 0.122070, -1.037598,riding
A, 690522, -0.956177, 0.321167, 0.061646, -0.610352, -0.915528, -1.159668,riding
B, 304075, -0.898804, -0.034058, -0.434326, -0.244141, -0.488281, -1.464844,riding
A, 690542, -0.957153, 0.310913, 0.056152, -0.366211, -0.488281, -1.403809,riding
B, 304095, -0.898560, -0.031616, -0.437744, 0.122070, -0.854492, -1.586915,riding
A, 690562, -0.957642, 0.307983, 0.038940, 0.427246, -0.549316, -1.647950,riding
B, 304115, -0.898193, -0.036499, -0.433838, 0.915528, -1.159668, -1.464844,riding
A, 690582, -0.958862, 0.305542, 0.024536, 0.854492, -0.610352, -2.014160,riding
B, 304135, -0.901245, -0.049561, -0.425049, 1.220703, -1.464844, -1.342773,riding
A, 690602, -0.961426, 0.298340, 0.017090, 0.061035, -0.488281, -2.258301,riding
B, 304155, -0.902344, -0.057739, -0.416626, 0.488281, -1.892090, -1.708985,riding
A, 690622, -0.958740, 0.311035, 0.014282, -0.549316, -0.366211, -2.685547,riding
B, 304175, -0.902954, -0.054443, -0.420044, 0.061035, -2.319336, -1.831055,riding
A, 690642, -0.957031, 0.317871, 0.017578, -0.549316, -0.427246, -3.234864,riding
B, 304195, -0.900757, -0.048340, -0.428711, 0.366211, -2.807618, -1.708985,riding
A, 690662, -0.958496, 0.308838, 0.020264, 0.122070, -0.549316, -3.784181,riding
B, 304215, -0.901489, -0.053955, -0.424561, 0.976563, -3.173829, -1.525879,riding
A, 690682, -0.963379, 0.286865, 0.019287, 0.305176, -0.549316, -4.089355,riding
B, 304235, -0.902588, -0.055786, -0.418701, 0.732422, -3.479005, -1.647950,riding
A, 690702, -0.963745, 0.281738, 0.008667, 0.244141, -0.549316, -4.272461,riding
B, 304255, -0.904663, -0.053345, -0.414551, 0.915528, -3.723145, -1.525879,riding
A, 690722, -0.965088, 0.277954, 0.003174, 0.793457, -0.854492, -4.577637,riding
B, 304275, -0.905884, -0.058960, -0.409424, 1.403809, -3.906251, -1.281738,riding
A, 690742, -0.968018, 0.263306, 0.000000, 0.915528, -0.915528, -4.882813,riding
B, 304295, -0.909546, -0.066772, -0.399536, 1.525879, -4.028320, -1.159668,riding
A, 690762, -0.970093, 0.250000, 0.000000, 0.305176, -0.915528, -5.004883,riding
B, 304315, -0.912842, -0.066162, -0.391968, 0.976563, -4.211426, -1.281738,riding
A, 690782, -0.971313, 0.242920, -0.000610, 0.671387, -1.159668, -5.126953,riding
B, 304335, -0.914429, -0.060303, -0.390137, 1.586915, -4.272461, -0.854492,riding
A, 690802, -0.974365, 0.228516, 0.008789, 1.037598, -1.342773, -5.187988,riding
B, 304355, -0.916748, -0.057983, -0.387573, 1.342773, -4.211426, -0.915528,riding
A, 690822, -0.977905, 0.212769, 0.014526, 0.976563, -1.342773, -5.065918,riding
B, 304375, -0.920166, -0.057007, -0.377686, 1.953125, -4.028320, -0.610352,riding
A, 690842, -0.982178, 0.186157, 0.018555, 1.708985, -1.403809, -4.821777,riding
B, 304395, -0.925049, -0.060181, -0.362915, 1.831055, -3.845216, -0.671387,riding
A, 690862, -0.984009, 0.172729, 0.018433, 0.305176, -1.159668, -4.272461,riding
B, 304415, -0.928833, -0.058838, -0.356567, 0.671387, -3.662110, -1.098633,riding
A, 690882, -0.984009, 0.178711, 0.014771, 0.488281, -1.220703, -3.967286,riding
B, 304435, -0.927612, -0.060669, -0.357056, 0.976563, -3.417970, -0.976563,riding
A, 690902, -0.985352, 0.175659, 0.014038, 0.061035, -1.037598, -3.662110,riding
B, 304455, -0.927612, -0.062500, -0.358398, 0.732422, -3.112794, -0.976563,riding
A, 690922, -0.983887, 0.179932, 0.008301, -0.122070, -1.098633, -3.356935,riding
B, 304475, -0.926758, -0.061279, -0.361938, 0.427246, -2.746582, -0.976563,riding
A, 690942, -0.984375, 0.177246, 0.007935, -0.061035, -1.220703, -2.990724,riding
B, 304495, -0.926392, -0.061035, -0.360840, 0.305176, -2.502441, -0.976563,riding
A, 690962, -0.984253, 0.179810, 0.010864, -0.183106, -1.220703, -2.807618,riding
B, 304515, -0.926270, -0.062012, -0.358765, 0.366211, -2.197266, -0.915528,riding
A, 690982, -0.985474, 0.175293, 0.008545, 0.366211, -1.342773, -2.563477,riding
B, 304535, -0.928833, -0.065674, -0.352417, 0.671387, -1.953125, -0.671387,riding
A, 691002, -0.986084, 0.166870, 0.003662, 0.000000, -1.342773, -2.319336,riding
B, 304555, -0.928711, -0.066528, -0.349854, 0.244141, -1.647950, -0.793457,riding
A, 691022, -0.987061, 0.166016, 0.000732, -0.549316, -1.403809, -1.892090,riding
B, 304575, -0.930420, -0.066162, -0.351685, -0.244141, -1.403809, -0.854492,riding
A, 691042, -0.987061, 0.166748, 0.003296, -0.610352, -1.525879, -1.647950,riding
B, 304595, -0.929565, -0.065430, -0.355713, -0.305176, -0.976563, -0.671387,riding
A, 691062, -0.987793, 0.167603, 0.008301, -0.549316, -1.525879, -1.159668,riding
B, 304615, -0.929199, -0.062500, -0.354248, -0.244141, -0.549316, -0.610352,riding
A, 691082, -0.989136, 0.158691, 0.005005, 0.122070, -1.708985, -0.793457,riding
B, 304635, -0.930176, -0.065552, -0.349243, 0.122070, -0.244141, -0.366211,riding
A, 691102, -0.988403, 0.157471, 0.001709, -0.610352, -1.647950, -0.244141,riding
B, 304655, -0.930664, -0.067383, -0.349243, -0.610352, 0.000000, -0.549316,riding
A, 691122, -0.986206, 0.170044, 0.005005, -0.732422, -1.770020, 0.061035,riding
B, 304675, -0.928589, -0.063599, -0.353394, -0.610352, 0.366211, -0.427246,riding
A, 691142, -0.985840, 0.170776, 0.009644, -0.854492, -1.770020, 0.305176,riding
B, 304695, -0.927368, -0.063721, -0.355713, -0.854492, 0.671387, -0.427246,riding
A, 691162, -0.983887, 0.180176, 0.010864, -1.037598, -1.770020, 0.610352,riding
B, 304715, -0.925903, -0.061035, -0.358765, -0.976563, 0.854492, -0.427246,riding
A, 691182, -0.982422, 0.187622, 0.015503, -1.159668, -1.831055, 0.854492,riding
B, 304735, -0.923462, -0.056885, -0.367920, -1.403809, 1.098633, -0.549316,riding
A, 691202, -0.978516, 0.205688, 0.019897, -1.403809, -1.770020, 1.037598,riding
B, 304755, -0.921875, -0.053711, -0.373413, -0.854492, 1.281738, -0.366211,riding
A, 691222, -0.976685, 0.212158, 0.021362, -0.244141, -1.892090, 0.976563,riding
B, 304775, -0.923340, -0.058105, -0.371704, -0.427246, 1.464844, -0.183106,riding
A, 691242, -0.979370, 0.205322, 0.015259, -0.610352, -1.831055, 1.159668,riding
B, 304795, -0.922607, -0.058838, -0.369751, -0.732422, 1.464844, -0.305176,riding
A, 691262, -0.978027, 0.213135, 0.019531, -1.159668, -1.770020, 1.342773,riding
B, 304815, -0.921021, -0.054199, -0.374268, -1.159668, 1.525879, -0.427246,riding
A, 691282, -0.974121, 0.228516, 0.028564, -1.342773, -1.708985, 1.403809,riding
B, 304835, -0.918335, -0.050659, -0.383423, -1.281738, 1.525879, -0.549316,riding
A, 691302, -0.971558, 0.238892, 0.040527, -1.281738, -1.647950, 1.464844,riding
B, 304855, -0.914551, -0.044312, -0.393555, -1.342773, 1.464844, -0.793457,riding
A, 691322, -0.967651, 0.255493, 0.046875, -1.220703, -1.464844, 1.403809,riding
B, 304875, -0.913086, -0.038086, -0.397217, -0.854492, 1.403809, -0.732422,riding
A, 691342, -0.966553, 0.266602, 0.047363, -0.427246, -1.464844, 1.037598,riding
B, 304895, -0.912598, -0.040894, -0.398315, -0.305176, 1.281738, -0.671387,riding
A, 691362, -0.965942, 0.268433, 0.051392, -0.610352, -1.220703, 0.793457,riding
B, 304915, -0.912354, -0.040405, -0.397705, -0.671387, 1.037598, -1.037598,riding
A, 691382, -0.964600, 0.273438, 0.056885, -0.854492, -1.037598, 0.488281,riding
B, 304935, -0.911255, -0.034058, -0.401855, -0.549316, 0.793457, -1.281738,riding
A, 691402, -0.964111, 0.276367, 0.065308, -0.244141, -0.732422, -0.061035,riding
B, 304955, -0.909790, -0.031250, -0.407227, -0.061035, 0.610352, -1.342773,riding
A, 691422, -0.965576, 0.267212, 0.063232, 0.000000, -0.427246, -0.244141,riding
B, 304975, -0.909912, -0.034302, -0.407471, 0.244141, 0.427246, -1.525879,riding
A, 691442, -0.967651, 0.260742, 0.058472, -0.244141, -0.183106, -0.305176,riding
B, 304995, -0.911865, -0.034180, -0.400513, 0.122070, 0.122070, -2.014160,riding
A, 691462, -0.966797, 0.263062, 0.058960, -0.549316, 0.061035, -0.366211,riding
B, 305015, -0.912231, -0.034668, -0.400879, 0.000000, -0.122070, -2.319336,riding
A, 691482, -0.965576, 0.269165, 0.057617, -0.244141, 0.244141, -0.671387,riding
B, 305035, -0.912109, -0.038696, -0.402100, 0.488281, -0.183106, -2.380371,riding
A, 691502, -0.966675, 0.267944, 0.050537, 0.366211, 0.488281, -0.976563,riding
B, 305055, -0.911987, -0.043457, -0.400391, 0.976563, -0.366211, -2.441406,riding
A, 691522, -0.967773, 0.260620, 0.038574, 0.610352, 0.549316, -1.281738,riding
B, 305075, -0.912109, -0.045166, -0.397705, 1.281738, -0.427246, -2.441406,riding
A, 691542, -0.969971, 0.248779, 0.027832, 0.854492, 0.549316, -1.403809,riding
B, 305095, -0.913330, -0.051514, -0.392944, 1.464844, -0.549316, -2.502441,riding
A, 691562, -0.973145, 0.238525, 0.021362, 0.671387, 0.671387, -1.403809,riding
B, 305115, -0.913330, -0.060303, -0.393188, 1.220703, -0.671387, -2.624512,riding
A, 691582, -0.972168, 0.242310, 0.006592, 0.122070, 0.854492, -1.281738,riding
B, 305135, -0.911377, -0.063965, -0.397339, 0.732422, -0.793457, -2.807618,riding
A, 691602, -0.970703, 0.250488, -0.002319, 0.000000, 0.732422, -1.281738,riding
B, 305155, -0.912354, -0.064331, -0.397217, 0.732422, -0.854492, -2.746582,riding
A, 691622, -0.969482, 0.258057, -0.006470, 0.122070, 0.549316, -1.464844,riding
B, 305175, -0.910156, -0.072266, -0.396484, 0.854492, -0.976563, -2.624512,riding
A, 691642, -0.968506, 0.262451, -0.012817, 0.122070, 0.549316, -1.708985,riding
B, 305195, -0.910645, -0.079346, -0.395508, 0.732422, -1.159668, -2.502441,riding
A, 691662, -0.968506, 0.263794, -0.022339, -0.061035, 0.366211, -1.953125,riding
B, 305215, -0.911255, -0.078369, -0.397217, 0.610352, -1.403809, -2.380371,riding
A, 691682, -0.969482, 0.261230, -0.031616, 0.061035, 0.122070, -2.319336,riding
B, 305235, -0.909424, -0.078979, -0.399048, 0.732422, -1.525879, -2.197266,riding
A, 691702, -0.970947, 0.253662, -0.034302, 0.488281, -0.244141, -2.441406,riding
B, 305255, -0.908325, -0.088989, -0.400513, 1.037598, -1.770020, -1.647950,riding
A, 691722, -0.974121, 0.246826, -0.034424, 0.244141, -0.427246, -2.441406,riding
B, 305275, -0.909668, -0.086914, -0.398560, 0.488281, -1.892090, -1.586915,riding
A, 691742, -0.971436, 0.250366, -0.037964, -0.061035, -0.610352, -2.380371,riding
B, 305295, -0.910400, -0.084229, -0.396851, 0.671387, -2.014160, -1.281738,riding
A, 691762, -0.972046, 0.255249, -0.043945, 1.159668, -1.342773, -2.807618,riding
B, 305315, -0.910522, -0.089722, -0.391602, 1.525879, -2.075195, -0.610352,riding
A, 691782, -0.973022, 0.243652, -0.041992, 1.098633, -1.586915, -2.990724,riding
B, 305335, -0.913452, -0.094727, -0.386108, 1.403809, -2.258301, -0.427246,riding
A, 691802, -0.975830, 0.236938, -0.045288, 0.305176, -1.708985, -3.051759,riding
B, 305355, -0.913208, -0.093872, -0.384521, 0.610352, -2.380371, -0.366211,riding
A, 691822, -0.974731, 0.234253, -0.045532, 0.122070, -2.075195, -3.112794,riding
B, 305375, -0.913940, -0.089722, -0.386230, 0.427246, -2.441406, -0.122070,riding
A, 691842, -0.976196, 0.229858, -0.040894, 0.122070, -2.380371, -3.112794,riding
B, 305395, -0.913696, -0.089844, -0.386353, 0.488281, -2.441406, 0.366211,riding
A, 691862, -0.979370, 0.222778, -0.038330, 0.366211, -2.685547, -2.990724,riding
B, 305415, -0.915894, -0.089844, -0.382568, 0.488281, -2.441406, 0.671387,riding
A, 691882, -0.978394, 0.221191, -0.039063, 0.427246, -2.990724, -2.990724,riding
B, 305435, -0.916016, -0.086426, -0.379639, 0.488281, -2.502441, 0.976563,riding
A, 691902, -0.977173, 0.220703, -0.033203, 0.305176, -3.295899, -2.868653,riding
B, 305455, -0.917847, -0.082764, -0.375488, 0.244141, -2.380371, 1.098633,riding
A, 691922, -0.979858, 0.208618, -0.018921, -0.244141, -3.479005, -2.868653,riding
B, 305475, -0.921509, -0.083496, -0.367798, -0.122070, -2.380371, 1.220703,riding
A, 691942, -0.980103, 0.201050, -0.010864, -0.793457, -3.479005, -2.868653,riding
B, 305495, -0.922485, -0.079834, -0.365356, -0.732422, -2.380371, 1.098633,riding
A, 691962, -0.980591, 0.200439, -0.004761, -1.098633, -3.540040, -2.685547,riding
B, 305515, -0.921509, -0.066772, -0.370850, -0.976563, -2.197266, 1.220703,riding
A, 691982, -0.980957, 0.197144, 0.000732, -0.671387, -3.784181, -2.563477,riding
B, 305535, -0.921997, -0.066040, -0.370850, -0.671387, -2.075195, 1.403809,riding
A, 692002, -0.982422, 0.189575, 0.010376, -0.793457, -3.723145, -2.319336,riding
B, 305555, -0.924316, -0.064575, -0.364990, -0.915528, -1.892090, 1.342773,riding
A, 692022, -0.984009, 0.184570, 0.015259, -0.976563, -3.662110, -2.014160,riding
B, 305575, -0.927979, -0.060913, -0.356812, -1.098633, -1.708985, 1.342773,riding
A, 692042, -0.982666, 0.180542, 0.016846, -0.854492, -3.662110, -1.831055,riding
B, 305595, -0.928955, -0.058960, -0.352417, -1.037598, -1.525879, 1.342773,riding
A, 692062, -0.983276, 0.178345, 0.020142, -1.281738, -3.601075, -1.647950,riding
B, 305615, -0.929077, -0.058228, -0.354004, -1.525879, -1.281738, 1.159668,riding
A, 692082, -0.983032, 0.180908, 0.026978, -1.892090, -3.479005, -1.342773,riding
B, 305635, -0.926880, -0.052856, -0.359619, -1.953125, -1.159668, 0.915528,riding
A, 692102, -0.982178, 0.187866, 0.033813, -1.098633, -3.417970, -1.098633,riding
B, 305655, -0.925171, -0.047852, -0.365601, -1.281738, -0.793457, 1.098633,riding
A, 692122, -0.981079, 0.187866, 0.040161, -1.525879, -3.295899, -0.854492,riding
B, 305675, -0.926270, -0.045898, -0.363403, -1.586915, -0.610352, 0.854492,riding
A, 692142, -0.981079, 0.188477, 0.043823, -1.342773, -3.173829, -0.610352,riding
B, 305695, -0.927979, -0.044922, -0.358765, -1.403809, -0.427246, 0.793457,riding
A, 692162, -0.980591, 0.191284, 0.049561, -1.342773, -2.990724, -0.488281,riding
B, 305715, -0.929077, -0.043945, -0.357178, -1.464844, -0.244141, 0.610352,riding
A, 692182, -0.979858, 0.191772, 0.049805, -1.159668, -2.868653, -0.427246,riding
B, 305735, -0.928833, -0.040405, -0.359009, -1.220703, -0.061035, 0.549316,riding
A, 692202, -0.981323, 0.187256, 0.049438, -1.220703, -2.624512, -0.305176,riding
B, 305755, -0.928101, -0.040039, -0.360107, -1.281738, 0.122070, 0.366211,riding
A, 692222, -0.981079, 0.187622, 0.051514, -1.342773, -2.502441, 0.000000,riding
B, 305775, -0.927368, -0.038452, -0.365601, -1.342773, 0.244141, 0.122070,riding
A, 692242, -0.980225, 0.190918, 0.057617, -1.281738, -2.319336, 0.183106,riding
B, 305795, -0.925171, -0.033936, -0.365967, -1.037598, 0.610352, -0.061035,riding
A, 692262, -0.980469, 0.190796, 0.062866, -0.854492, -2.197266, 0.427246,riding
B, 305815, -0.927246, -0.033691, -0.361816, -0.732422, 0.793457, -0.122070,riding
A, 692282, -0.979492, 0.193970, 0.066528, -0.732422, -1.770020, 0.671387,riding
B, 305835, -0.927979, -0.033203, -0.360229, -0.732422, 0.976563, -0.427246,riding
A, 692302, -0.978882, 0.200439, 0.064575, -0.732422, -1.586915, 0.793457,riding
B, 305855, -0.926636, -0.033203, -0.364136, -0.671387, 1.098633, -0.610352,riding
A, 692322, -0.977295, 0.207642, 0.061401, -0.671387, -1.281738, 0.854492,riding
B, 305875, -0.924072, -0.033569, -0.370239, -0.549316, 1.281738, -0.793457,riding
A, 692342, -0.976318, 0.208252, 0.055542, -0.366211, -1.159668, 0.854492,riding
B, 305895, -0.923096, -0.034912, -0.373535, -0.244141, 1.403809, -0.854492,riding
A, 692362, -0.976929, 0.205322, 0.057495, -0.549316, -0.976563, 1.098633,riding
B, 305915, -0.922363, -0.033569, -0.375610, -0.549316, 1.525879, -1.281738,riding
A, 692382, -0.975708, 0.216553, 0.064087, -0.671387, -0.732422, 1.220703,riding
B, 305935, -0.920898, -0.031372, -0.380493, -0.244141, 1.586915, -1.464844,riding
A, 692402, -0.973022, 0.225708, 0.067871, -0.183106, -0.549316, 1.281738,riding
B, 305955, -0.920654, -0.031860, -0.381470, 0.061035, 1.647950, -1.647950,riding
A, 692422, -0.972656, 0.228638, 0.066772, -0.305176, -0.244141, 1.281738,riding
B, 305975, -0.920288, -0.033325, -0.379395, -0.183106, 1.647950, -1.953125,riding
A, 692442, -0.972290, 0.232544, 0.060913, -0.427246, 0.061035, 1.220703,riding
B, 305995, -0.920654, -0.033203, -0.380981, -0.122070, 1.647950, -2.197266,riding
A, 692462, -0.970581, 0.240601, 0.062256, -0.854492, 0.427246, 1.098633,riding
B, 306015, -0.917358, -0.034058, -0.387695, -0.366211, 1.525879, -2.502441,riding
A, 692482, -0.967896, 0.253052, 0.069946, -0.976563, 0.732422, 1.098633,riding
B, 306035, -0.914673, -0.030640, -0.396973, -0.427246, 1.464844, -2.868653,riding
A, 692502, -0.965820, 0.265869, 0.076538, -0.610352, 0.976563, 0.976563,riding
B, 306055, -0.910034, -0.024536, -0.405884, 0.061035, 1.220703, -3.112794,riding
A, 692522, -0.963623, 0.278687, 0.078857, -0.244141, 1.281738, 0.793457,riding
B, 306075, -0.909546, -0.027344, -0.407471, 0.366211, 1.037598, -3.417970,riding
A, 692542, -0.962524, 0.285522, 0.069092, 0.000000, 1.647950, 0.427246,riding
B, 306095, -0.910278, -0.034912, -0.403931, 0.671387, 0.793457, -3.601075,riding
A, 692562, -0.961792, 0.287109, 0.054199, 0.122070, 1.831055, -0.061035,riding
B, 306115, -0.910034, -0.040161, -0.403564, 0.793457, 0.427246, -3.906251,riding
A, 692582, -0.962524, 0.286499, 0.042236, -0.061035, 2.014160, -0.488281,riding
B, 306135, -0.907715, -0.045044, -0.406616, 0.732422, 0.183106, -4.089355,riding
A, 692602, -0.963989, 0.279541, 0.031860, 0.122070, 2.136230, -0.854492,riding
B, 306155, -0.907471, -0.052979, -0.407227, 0.976563, -0.061035, -4.089355,riding
A, 692622, -0.966797, 0.266846, 0.020142, -0.366211, 2.319336, -0.976563,riding
B, 306175, -0.905640, -0.057983, -0.412354, 0.427246, -0.488281, -4.455566,riding
A, 692642, -0.964844, 0.279541, 0.008057, -0.549316, 2.319336, -1.037598,riding
B, 306195, -0.903931, -0.061523, -0.416382, 0.549316, -0.732422, -4.394531,riding
A, 692662, -0.961914, 0.294678, -0.000854, 0.061035, 2.197266, -1.342773,riding
B, 306215, -0.903687, -0.067627, -0.416992, 1.098633, -1.037598, -4.150391,riding
A, 692682, -0.960815, 0.300415, -0.009155, 0.366211, 2.075195, -1.831055,riding
B, 306235, -0.903687, -0.073853, -0.412354, 1.403809, -1.281738, -4.028320,riding
A, 692702, -0.961914, 0.299805, -0.018799, 0.610352, 1.892090, -2.380371,riding
B, 306255, -0.904175, -0.080322, -0.407715, 1.525879, -1.708985, -3.845216,riding
A, 692722, -0.964233, 0.293091, -0.029175, 0.427246, 1.770020, -2.929688,riding
B, 306275, -0.906860, -0.084961, -0.407104, 1.403809, -2.075195, -3.723145,riding
A, 692742, -0.966431, 0.279419, -0.037354, 0.183106, 1.525879, -3.295899,riding
B, 306295, -0.903809, -0.089111, -0.408325, 1.159668, -2.441406, -3.540040,riding
A, 692762, -0.967285, 0.271118, -0.042725, -0.427246, 1.403809, -3.417970,riding
B, 306315, -0.902466, -0.094360, -0.412964, 0.427246, -2.929688, -3.417970,riding
A, 692782, -0.967407, 0.272095, -0.050049, -0.549316, 1.159668, -3.540040,riding
B, 306335, -0.903809, -0.094727, -0.410278, 0.732422, -3.112794, -2.990724,riding
A, 692802, -0.967407, 0.274292, -0.062012, 0.915528, 0.305176, -3.967286,riding
B, 306355, -0.906860, -0.097656, -0.400879, 1.831055, -3.295899, -2.258301,riding
A, 692822, -0.970703, 0.257446, -0.065552, 1.647950, -0.183106, -4.394531,riding
B, 306375, -0.910889, -0.106079, -0.388306, 2.441406, -3.417970, -1.647950,riding
A, 692842, -0.974854, 0.239868, -0.066772, 0.976563, -0.427246, -4.638672,riding
B, 306395, -0.914795, -0.109131, -0.379395, 1.708985, -3.662110, -1.525879,riding
A, 692862, -0.977661, 0.224854, -0.070923, 0.976563, -0.854492, -4.760742,riding
B, 306415, -0.915527, -0.107178, -0.376465, 1.647950, -3.662110, -1.220703,riding
A, 692882, -0.981079, 0.206909, -0.073730, 1.403809, -1.342773, -4.577637,riding
B, 306435, -0.915161, -0.109375, -0.378906, 1.892090, -3.723145, -0.610352,riding
A, 692902, -0.982422, 0.199707, -0.071655, 0.610352, -1.708985, -4.333496,riding
B, 306455, -0.915039, -0.107056, -0.381470, 0.793457, -3.662110, -0.305176,riding
A, 692922, -0.981201, 0.207275, -0.067383, 0.366211, -2.075195, -3.906251,riding
B, 306475, -0.917969, -0.102905, -0.375488, 1.098633, -3.540040, 0.122070,riding
A, 692942, -0.978516, 0.214722, -0.064209, 1.586915, -2.685547, -4.028320,riding
B, 306495, -0.921021, -0.104614, -0.364136, 2.319336, -3.356935, 1.037598,riding
A, 692962, -0.980591, 0.208130, -0.059814, 2.380371, -3.173829, -4.150391,riding
B, 306515, -0.924561, -0.106323, -0.354614, 2.258301, -3.356935, 1.342773,riding
A, 692982, -0.984863, 0.186157, -0.051758, 0.366211, -3.295899, -4.150391,riding
B, 306535, -0.925659, -0.103882, -0.351074, 0.732422, -3.356935, 1.159668,riding
A, 693002, -0.985596, 0.183350, -0.048828, -0.366211, -3.417970, -3.906251,riding
B, 306555, -0.924316, -0.099609, -0.357056, -0.183106, -3.295899, 1.159668,riding
A, 693022, -0.985352, 0.179810, -0.046387, 0.366211, -3.845216, -3.662110,riding
B, 306575, -0.920898, -0.092529, -0.367065, 0.549316, -2.990724, 1.892090,riding
A, 693042, -0.985718, 0.176147, -0.042114, 0.915528, -4.272461, -3.295899,riding
B, 306595, -0.922485, -0.088135, -0.364502, 0.793457, -2.685547, 2.258301,riding
A, 693062, -0.985352, 0.174316, -0.029297, 0.610352, -4.516602, -2.807618,riding
B, 306615, -0.927002, -0.086426, -0.354248, 0.244141, -2.563477, 2.258301,riding
A, 693082, -0.985107, 0.177979, -0.012085, -0.305176, -4.516602, -2.624512,riding
B, 306635, -0.929932, -0.083496, -0.345215, -0.671387, -2.441406, 2.075195,riding
A, 693102, -0.983765, 0.185669, -0.002075, -0.915528, -4.333496, -2.624512,riding
B, 306655, -0.931885, -0.076660, -0.342163, -0.976563, -2.319336, 2.075195,riding
A, 693122, -0.982422, 0.183716, 0.000977, -0.488281, -4.455566, -2.746582,riding
B, 306675, -0.931274, -0.069580, -0.343262, -0.549316, -2.075195, 2.258301,riding
A, 693142, -0.985229, 0.168579, 0.008911, -0.427246, -4.516602, -2.441406,riding
B, 306695, -0.929443, -0.063599, -0.350830, -0.793457, -1.892090, 2.197266,riding
A, 693162, -0.986572, 0.164795, 0.027100, -0.976563, -4.394531, -1.953125,riding
B, 306715, -0.926270, -0.057373, -0.361572, -1.037598, -1.525879, 2.014160,riding
A, 693182, -0.986084, 0.169189, 0.036499, -0.366211, -4.333496, -1.464844,riding
B, 306735, -0.928589, -0.050659, -0.357422, -0.488281, -1.281738, 2.075195,riding
A, 693202, -0.984863, 0.172974, 0.040649, 0.061035, -4.211426, -1.220703,riding
B, 306755, -0.933960, -0.047729, -0.344116, -0.183106, -0.976563, 2.014160,riding
A, 693222, -0.984619, 0.170532, 0.041626, 0.122070, -4.089355, -1.220703,riding
B, 306775, -0.937256, -0.052734, -0.332642, -0.244141, -0.732422, 1.892090,riding
A, 693242, -0.986206, 0.159302, 0.043701, -0.305176, -3.784181, -1.159668,riding
B, 306795, -0.938110, -0.054199, -0.328857, -0.732422, -0.488281, 1.525879,riding
A, 693262, -0.988159, 0.150024, 0.047729, -1.403809, -3.356935, -0.854492,riding
B, 306815, -0.935913, -0.047119, -0.337280, -1.647950, -0.305176, 0.976563,riding
A, 693282, -0.988647, 0.151001, 0.057373, -2.136230, -3.112794, -0.366211,riding
B, 306835, -0.931763, -0.035278, -0.352295, -2.014160, 0.061035, 0.488281,riding
A, 693302, -0.987183, 0.161621, 0.067749, -1.647950, -2.929688, 0.061035,riding
B, 306855, -0.930786, -0.034912, -0.356934, -1.037598, 0.549316, 0.610352,riding
A, 693322, -0.985840, 0.160034, 0.072754, -0.610352, -2.563477, 0.671387,riding
B, 306875, -0.934937, -0.034668, -0.343872, -0.793457, 0.854492, 0.366211,riding
A, 693342, -0.984497, 0.164307, 0.069580, -0.793457, -2.258301, 0.976563,riding
B, 306895, -0.938477, -0.033081, -0.332520, -0.854492, 1.098633, 0.061035,riding
A, 693362, -0.984741, 0.167847, 0.071899, -1.159668, -1.892090, 0.976563,riding
B, 306915, -0.937988, -0.036865, -0.333740, -1.098633, 1.403809, -0.366211,riding
A, 693382, -0.983887, 0.170410, 0.070801, -1.403809, -1.464844, 1.098633,riding
B, 306935, -0.933960, -0.039063, -0.344116, -1.342773, 1.586915, -0.793457,riding
A, 693402, -0.983398, 0.172852, 0.068726, -1.464844, -1.098633, 1.403809,riding
B, 306955, -0.928589, -0.032837, -0.359253, -1.403809, 1.831055, -1.098633,riding
A, 693422, -0.981445, 0.187134, 0.066895, -1.281738, -0.915528, 1.892090,riding
B, 306975, -0.923462, -0.027588, -0.376587, -0.854492, 2.197266, -1.342773,riding
A, 693442, -0.977783, 0.203491, 0.068726, -0.427246, -0.793457, 2.136230,riding
B, 306995, -0.924194, -0.034912, -0.373901, -0.061035, 2.258301, -1.281738,riding
A, 693462, -0.976074, 0.213867, 0.065796, 0.000000, -0.549316, 2.136230,riding
B, 307015, -0.925903, -0.039917, -0.362915, -0.183106, 2.319336, -1.647950,riding
A, 693482, -0.974365, 0.220947, 0.061279, -0.549316, -0.122070, 2.075195,riding
B, 307035, -0.929199, -0.034424, -0.356689, -0.549316, 2.258301, -2.075195,riding
A, 693502, -0.972778, 0.229858, 0.067871, -1.098633, 0.244141, 1.708985,riding
B, 307055, -0.925171, -0.035522, -0.366333, -0.671387, 2.136230, -2.441406,riding
A, 693522, -0.971436, 0.237671, 0.073242, -1.403809, 0.732422, 1.586915,riding
B, 307075, -0.917480, -0.036255, -0.385742, -1.037598, 2.075195, -2.868653,riding
A, 693542, -0.970459, 0.243896, 0.061890, -0.671387, 0.976563, 1.586915,riding
B, 307095, -0.912598, -0.034302, -0.400146, -0.488281, 2.014160, -2.929688,riding
A, 693562, -0.969116, 0.248901, 0.048096, 0.122070, 0.976563, 1.647950,riding
B, 307115, -0.912354, -0.036255, -0.400024, 0.488281, 1.892090, -2.990724,riding
A, 693582, -0.967041, 0.258179, 0.046875, 0.061035, 1.037598, 1.586915,riding
B, 307135, -0.914063, -0.044800, -0.392334, 0.671387, 1.708985, -3.112794,riding
A, 693602, -0.964478, 0.274536, 0.042358, 0.671387, 1.159668, 1.220703,riding
B, 307155, -0.914185, -0.055908, -0.389282, 1.220703, 1.464844, -3.173829,riding
A, 693622, -0.963989, 0.281860, 0.033813, 0.427246, 1.525879, 0.671387,riding
B, 307175, -0.912964, -0.055054, -0.392456, 0.610352, 1.098633, -3.540040,riding
A, 693642, -0.962891, 0.285156, 0.020020, -0.610352, 1.770020, 0.244141,riding
B, 307195, -0.909180, -0.054688, -0.401611, 0.000000, 0.732422, -3.845216,riding
A, 693662, -0.963379, 0.287354, 0.009644, -0.610352, 1.708985, -0.183106,riding
B, 307215, -0.905029, -0.062378, -0.414307, 0.305176, 0.366211, -3.723145,riding
A, 693682, -0.963745, 0.284424, -0.000732, 0.793457, 1.464844, -0.610352,riding
B, 307235, -0.902222, -0.068481, -0.420166, 1.525879, -0.061035, -3.295899,riding
A, 693702, -0.964355, 0.288452, -0.009033, 1.220703, 1.281738, -0.793457,riding
B, 307255, -0.904419, -0.065430, -0.415283, 1.953125, -0.305176, -3.051759,riding
A, 693722, -0.964111, 0.287720, -0.017578, 2.441406, 0.854492, -1.342773,riding
B, 307275, -0.908936, -0.075684, -0.400513, 3.234864, -0.488281, -2.441406,riding
A, 693742, -0.967896, 0.268433, -0.029419, 3.601075, 0.610352, -2.014160,riding
B, 307295, -0.913330, -0.093262, -0.384277, 4.150391, -0.671387, -1.892090,riding
A, 693762, -0.974121, 0.239258, -0.042725, 2.929688, 0.488281, -2.258301,riding
B, 307315, -0.916870, -0.099976, -0.375366, 3.112794, -0.915528, -2.075195,riding
A, 693782, -0.979126, 0.219238, -0.060059, 1.281738, 0.488281, -2.319336,riding
B, 307335, -0.916016, -0.100952, -0.377930, 1.770020, -1.098633, -2.197266,riding
A, 693802, -0.982178, 0.206665, -0.073730, 0.671387, 0.061035, -2.075195,riding
B, 307355, -0.914063, -0.109863, -0.382568, 1.159668, -1.098633, -2.014160,riding
A, 693822, -0.983154, 0.202759, -0.086060, 0.183106, -0.244141, -1.647950,riding
B, 307375, -0.913208, -0.120483, -0.381104, 0.610352, -0.976563, -1.342773,riding
A, 693842, -0.983765, 0.203369, -0.101074, 0.305176, -1.220703, -1.159668,riding
B, 307395, -0.916382, -0.120239, -0.373657, 0.488281, -0.915528, -0.793457,riding
A, 693862, -0.980103, 0.219238, -0.111572, 0.000000, -1.831055, -1.220703,riding
B, 307415, -0.917114, -0.125244, -0.369873, 0.183106, -0.915528, -0.183106,riding
A, 693882, -0.980103, 0.223145, -0.110840, -0.122070, -2.441406, -1.403809,riding
B, 307435, -0.917480, -0.132690, -0.368774, -0.061035, -0.976563, 0.366211,riding
A, 693902, -0.980469, 0.219360, -0.111206, -0.793457, -2.929688, -1.586915,riding
B, 307455, -0.916260, -0.130493, -0.371582, -0.854492, -0.976563, 0.732422,riding
A, 693922, -0.979614, 0.219727, -0.110718, -1.159668, -3.601075, -1.464844,riding
B, 307475, -0.912964, -0.120239, -0.381470, -1.281738, -1.098633, 1.281738,riding
A, 693942, -0.978638, 0.224976, -0.093872, -1.342773, -4.272461, -1.281738,riding
B, 307495, -0.910278, -0.112183, -0.393311, -1.953125, -1.220703, 1.953125,riding
A, 693962, -0.975464, 0.239746, -0.064453, -1.892090, -4.699707, -1.098633,riding
B, 307515, -0.909546, -0.096558, -0.397705, -1.953125, -1.281738, 2.319336,riding
A, 693982, -0.971436, 0.253906, -0.040894, -1.037598, -5.187988, -1.220703,riding
B, 307535, -0.912964, -0.082031, -0.387817, -0.915528, -1.403809, 2.990724,riding
A, 694002, -0.969482, 0.257446, -0.019531, -0.061035, -5.493164, -1.586915,riding
B, 307555, -0.916016, -0.071533, -0.379761, -0.671387, -1.525879, 3.234864,riding
A, 694022, -0.970337, 0.255127, 0.012451, -1.098633, -5.432129, -2.197266,riding
B, 307575, -0.916504, -0.067383, -0.380249, -1.403809, -1.770020, 2.990724,riding
A, 694042, -0.969238, 0.251587, 0.030396, -1.403809, -5.249023, -2.441406,riding
B, 307595, -0.915039, -0.058105, -0.387573, -1.770020, -2.014160, 2.746582,riding
A, 694062, -0.970093, 0.245972, 0.047485, -1.220703, -5.126953, -2.624512,riding
B, 307615, -0.913696, -0.041138, -0.394775, -1.586915, -2.136230, 2.624512,riding
A, 694082, -0.969849, 0.241211, 0.071655, -1.159668, -4.943848, -2.441406,riding
B, 307635, -0.914795, -0.024292, -0.396240, -1.281738, -2.258301, 2.319336,riding
A, 694102, -0.970581, 0.239624, 0.094971, -0.610352, -4.638672, -2.502441,riding
B, 307655, -0.919434, -0.021240, -0.384277, -0.549316, -2.258301, 2.136230,riding
A, 694122, -0.972534, 0.229614, 0.107544, 0.000000, -4.089355, -2.624512,riding
B, 307675, -0.927002, -0.020386, -0.366943, -0.244141, -2.258301, 1.647950,riding
A, 694142, -0.971924, 0.217896, 0.107788, -0.427246, -3.479005, -2.746582,riding
B, 307695, -0.929077, -0.015625, -0.359131, -0.610352, -2.319336, 0.976563,riding
A, 694162, -0.974487, 0.216064, 0.109619, -1.037598, -2.868653, -2.868653,riding
B, 307715, -0.927612, -0.011597, -0.363647, -0.793457, -2.319336, 0.305176,riding
A, 694182, -0.975464, 0.210815, 0.116943, -0.915528, -2.319336, -2.929688,riding
B, 307735, -0.926025, -0.012085, -0.371948, -0.488281, -2.197266, -0.122070,riding
A, 694202, -0.980835, 0.181519, 0.111572, 0.305176, -1.525879, -2.685547,riding
B, 307755, -0.927368, -0.013916, -0.368408, 0.427246, -1.892090, -0.366211,riding
A, 694222, -0.983887, 0.166626, 0.099243, 0.000000, -1.037598, -2.136230,riding
B, 307775, -0.931396, -0.017700, -0.356689, 0.366211, -1.647950, -1.159668,riding
A, 694242, -0.981689, 0.179199, 0.089478, 0.000000, -0.671387, -1.708985,riding
B, 307795, -0.931519, -0.023560, -0.356323, 0.549316, -1.464844, -1.525879,riding
A, 694262, -0.978638, 0.193970, 0.089478, -0.305176, -0.183106, -1.586915,riding
B, 307815, -0.929321, -0.028687, -0.358154, 0.305176, -1.281738, -2.075195,riding
A, 694282, -0.976929, 0.207642, 0.084351, 0.061035, 0.183106, -1.647950,riding
B, 307835, -0.929688, -0.025757, -0.358154, 0.793457, -1.159668, -2.319336,riding
A, 694302, -0.977661, 0.199829, 0.080933, 0.488281, 0.488281, -1.708985,riding
B, 307855, -0.929443, -0.026001, -0.357300, 1.037598, -1.037598, -2.624512,riding
A, 694322, -0.978638, 0.200684, 0.080078, 0.000000, 0.915528, -1.647950,riding
B, 307875, -0.926392, -0.030151, -0.366089, 0.854492, -0.915528, -2.990724,riding
A, 694342, -0.978516, 0.202148, 0.073486, 0.488281, 1.281738, -1.464844,riding
B, 307895, -0.923218, -0.036133, -0.373291, 1.281738, -0.793457, -3.417970,riding
A, 694362, -0.977661, 0.203979, 0.063477, 0.427246, 1.647950, -1.281738,riding
B, 307915, -0.923096, -0.036621, -0.372925, 1.342773, -0.671387, -3.662110,riding
A, 694382, -0.976318, 0.215454, 0.051025, 0.488281, 1.892090, -1.159668,riding
B, 307935, -0.923218, -0.041748, -0.369141, 1.403809, -0.671387, -3.845216,riding
A, 694402, -0.973755, 0.224365, 0.048340, 0.610352, 2.136230, -1.281738,riding
B, 307955, -0.924438, -0.049072, -0.366943, 1.586915, -0.732422, -4.028320,riding
A, 694422, -0.974731, 0.219360, 0.042847, 0.976563, 2.319336, -1.525879,riding
B, 307975, -0.925537, -0.051758, -0.363403, 1.892090, -0.671387, -4.150391,riding
A, 694442, -0.976196, 0.210449, 0.031128, 0.854492, 2.502441, -1.647950,riding
B, 307995, -0.924316, -0.053833, -0.363159, 1.770020, -0.671387, -4.333496,riding
A, 694462, -0.977783, 0.205322, 0.020874, 0.793457, 2.563477, -1.586915,riding
B, 308015, -0.921753, -0.059937, -0.370728, 1.831055, -0.610352, -4.455566,riding
A, 694482, -0.979248, 0.203003, 0.013306, 0.854492, 2.685547, -1.342773,riding
B, 308035, -0.919434, -0.069458, -0.376953, 1.953125, -0.549316, -4.516602,riding
A, 694502, -0.979736, 0.204834, 0.005371, 1.037598, 2.685547, -1.159668,riding
B, 308055, -0.920776, -0.068726, -0.371460, 2.197266, -0.488281, -4.455566,riding
A, 694522, -0.978271, 0.211304, -0.000732, 1.403809, 2.563477, -1.098633,riding
B, 308075, -0.923096, -0.072266, -0.364258, 2.746582, -0.427246, -4.211426,riding
A, 694542, -0.978760, 0.213867, -0.008301, 2.014160, 2.380371, -1.281738,riding
B, 308095, -0.923706, -0.083130, -0.359619, 3.051759, -0.366211, -4.028320,riding
A, 694562, -0.979004, 0.204224, -0.018555, 1.647950, 2.380371, -1.403809,riding
B, 308115, -0.923584, -0.090088, -0.358276, 2.624512, -0.366211, -4.089355,riding
A, 694582, -0.981079, 0.195557, -0.031006, 0.671387, 2.441406, -1.342773,riding
A, 694602, -0.981567, 0.192139, -0.042236, 0.427246, 2.258301, -1.159668,riding
A, 694622, -0.983643, 0.190796, -0.050171, 0.732422, 1.953125, -0.915528,riding
A, 694642, -0.983032, 0.194580, -0.062012, 0.793457, 1.708985, -0.671387,riding
A, 694662, -0.982056, 0.200562, -0.074951, 0.976563, 1.281738, -0.549316,riding
A, 694682, -0.981079, 0.206421, -0.077881, 0.427246, 0.915528, -0.549316,riding
A, 694702, -0.980103, 0.213989, -0.082520, -0.183106, 0.671387, -0.610352,riding
B, 308135, -0.923706, -0.090698, -0.360352, 1.708985, -0.366211, -4.272461,riding
B, 308155, -0.921753, -0.094360, -0.363159, 1.403809, -0.305176, -4.089355,riding
B, 308175, -0.919556, -0.106079, -0.369751, 1.586915, -0.122070, -3.723145,riding
B, 308195, -0.919800, -0.109741, -0.366333, 1.586915, -0.061035, -3.417970,riding
B, 308215, -0.919678, -0.113159, -0.361328, 1.586915, 0.000000, -2.990724,riding
B, 308235, -0.920532, -0.122070, -0.360840, 0.671387, 0.000000, -2.868653,riding
B, 308255, -0.917969, -0.126465, -0.362183, 0.366211, -0.061035, -2.624512,riding
A, 694742, -0.984009, 0.199951, -0.112183, -0.122070, -0.671387, -0.610352,riding
A, 694762, -0.983398, 0.207153, -0.109009, -1.220703, -1.159668, -0.305176,riding
A, 694782, -0.979492, 0.224487, -0.102905, -0.854492, -1.708985, -0.183106,riding
A, 694802, -0.977173, 0.237183, -0.104858, 0.183106, -2.319336, -0.366211,riding
A, 694822, -0.975098, 0.237549, -0.104492, 0.366211, -2.990724, -0.671387,riding
A, 694842, -0.975952, 0.237549, -0.100220, -0.366211, -3.417970, -0.915528,riding
A, 694862, -0.976563, 0.237427, -0.093140, -0.488281, -3.845216, -1.159668,riding
A, 694882, -0.976196, 0.232666, -0.086792, -0.610352, -4.272461, -1.220703,riding
B, 308295, -0.915161, -0.132813, -0.373779, -0.122070, -0.061035, -1.403809,riding
B, 308315, -0.913330, -0.133057, -0.378784, -0.915528, -0.122070, -1.037598,riding
B, 308335, -0.913330, -0.129517, -0.380127, -0.549316, -0.122070, -0.366211,riding
B, 308355, -0.914307, -0.126465, -0.376709, 0.183106, -0.122070, 0.488281,riding
B, 308375, -0.914795, -0.127563, -0.374878, 0.061035, -0.305176, 0.976563,riding
B, 308395, -0.913940, -0.128296, -0.375854, -0.671387, -0.549316, 1.281738,riding
B, 308415, -0.913330, -0.125854, -0.380493, -0.732422, -0.671387, 1.708985,riding
B, 308435, -0.911255, -0.114136, -0.387817, -1.220703, -0.915528, 2.197266,riding
A, 694902, -0.974609, 0.237183, -0.076660, -0.671387, -5.004883, -1.159668,riding
B, 308455, -0.910645, -0.109619, -0.386963, -1.037598, -1.037598, 2.746582,riding
A, 694922, -0.974854, 0.239624, -0.065552, -0.244141, -5.432129, -1.220703,riding
B, 308475, -0.912231, -0.109253, -0.383545, -0.793457, -1.159668, 3.234864,riding
A, 694942, -0.973877, 0.242310, -0.060303, 0.122070, -5.798342, -1.525879,riding
B, 308495, -0.914795, -0.104980, -0.378174, -0.488281, -1.220703, 3.662110,riding
A, 694962, -0.973755, 0.234741, -0.054199, 0.305176, -6.164553, -1.831055,riding
B, 308515, -0.917725, -0.097900, -0.371094, -0.366211, -1.342773, 4.028320,riding
A, 694982, -0.975464, 0.225952, -0.037598, -0.427246, -6.408693, -1.892090,riding
B, 308535, -0.919067, -0.092651, -0.371826, -1.037598, -1.525879, 3.967286,riding
B, 308555, -0.916992, -0.082275, -0.378662, -1.708985, -1.647950, 3.967286,riding
B, 308575, -0.918457, -0.068359, -0.378052, -1.525879, -1.647950, 4.028320,riding
B, 308595, -0.920776, -0.055542, -0.373535, -1.708985, -1.708985, 3.906251,riding
B, 308615, -0.921753, -0.050293, -0.368774, -1.037598, -1.708985, 4.028320,riding
B, 308635, -0.924927, -0.048096, -0.362061, -0.793457, -1.647950, 3.845216,riding
A, 695002, -0.975830, 0.223511, -0.018555, -1.220703, -6.347658, -1.953125,riding
A, 695022, -0.976563, 0.220215, -0.004028, -1.037598, -6.469728, -1.953125,riding
A, 695042, -0.976685, 0.215454, 0.012573, -1.037598, -6.469728, -1.831055,riding
A, 695062, -0.974854, 0.219849, 0.030762, -0.854492, -6.408693, -1.770020,riding
A, 695082, -0.976196, 0.210205, 0.060425, -0.122070, -6.164553, -1.953125,riding
A, 695102, -0.977051, 0.201904, 0.073242, -1.281738, -5.615236, -1.953125,riding
A, 695122, -0.976807, 0.202148, 0.088989, -2.075195, -5.065918, -1.831055,riding
A, 695142, -0.977173, 0.204712, 0.102905, -1.525879, -4.699707, -1.831055,riding
B, 308675, -0.927856, -0.024292, -0.359741, -2.319336, -1.708985, 2.502441,riding
B, 308695, -0.926025, -0.020264, -0.369263, -1.403809, -1.525879, 2.014160,riding
B, 308715, -0.927856, -0.014648, -0.365234, -1.220703, -1.342773, 1.586915,riding
B, 308735, -0.930786, -0.006348, -0.357544, -1.220703, -1.220703, 0.976563,riding
B, 308755, -0.932373, -0.009155, -0.353149, -0.915528, -1.098633, 0.427246,riding
B, 308775, -0.932739, -0.011230, -0.353394, -0.854492, -0.976563, -0.244141,riding
B, 308795, -0.932739, -0.005493, -0.356079, -0.671387, -0.854492, -0.854492,riding
B, 308815, -0.930786, -0.001831, -0.360962, -0.244141, -0.671387, -1.342773,riding
A, 695162, -0.977417, 0.198486, 0.110840, -0.976563, -4.150391, -1.770020,riding
A, 695182, -0.978516, 0.192139, 0.114990, -1.220703, -3.540040, -1.525879,riding
A, 695202, -0.978760, 0.191284, 0.124023, -1.037598, -3.051759, -1.403809,riding
A, 695222, -0.977539, 0.191162, 0.132202, -1.037598, -2.319336, -1.342773,riding
B, 308835, -0.928711, -0.015137, -0.363159, 0.427246, -0.427246, -2.075195,riding
A, 695242, -0.976685, 0.196167, 0.128174, -0.976563, -1.220703, -1.281738,riding
A, 695262, -0.977173, 0.197021, 0.123901, -0.549316, -0.732422, -1.159668,riding
A, 695282, -0.978394, 0.194336, 0.121826, -0.183106, -0.122070, -1.098633,riding
B, 308855, -0.930664, -0.017578, -0.360352, 0.671387, -0.305176, -2.624512,riding
A, 695302, -0.979858, 0.193726, 0.113037, 0.122070, 0.488281, -0.915528,riding
B, 308875, -0.930176, -0.014771, -0.358276, 0.610352, -0.244141, -3.112794,riding
B, 308895, -0.929443, -0.020386, -0.359375, 0.793457, -0.183106, -3.601075,riding
B, 308915, -0.927246, -0.030029, -0.363770, 1.037598, -0.122070, -3.967286,riding
B, 308935, -0.926880, -0.034180, -0.365479, 1.220703, -0.061035, -4.333496,riding
A, 695342, -0.976196, 0.203369, 0.098755, -0.061035, 1.403809, -0.732422,riding
A, 695362, -0.975220, 0.211182, 0.094604, 0.122070, 1.831055, -0.793457,riding
A, 695382, -0.976440, 0.210693, 0.079102, 0.366211, 2.380371, -0.854492,riding
A, 695402, -0.977295, 0.205078, 0.059937, 0.366211, 2.624512, -0.793457,riding
A, 695422, -0.977539, 0.204590, 0.049927, 0.183106, 2.990724, -0.610352,riding
A, 695442, -0.977295, 0.208008, 0.042236, 0.732422, 3.295899, -0.549316,riding
A, 695462, -0.978516, 0.205566, 0.024658, 0.671387, 3.479005, -0.549316,riding
A, 695482, -0.977783, 0.207520, 0.009155, 0.183106, 3.479005, -0.488281,riding
A, 695502, -0.977173, 0.211792, -0.000977, 0.427246, 3.417970, -0.549316,riding
B, 308955, -0.926514, -0.038940, -0.364136, 1.098633, 0.000000, -4.821777,riding
B, 308975, -0.925659, -0.048706, -0.366333, 1.342773, 0.061035, -5.004883,riding
B, 308995, -0.924194, -0.058838, -0.366821, 1.770020, 0.122070, -5.065918,riding
B, 309015, -0.924438, -0.059937, -0.362793, 1.647950, 0.183106, -5.249023,riding
B, 309035, -0.923706, -0.064087, -0.362793, 1.342773, 0.183106, -5.432129,riding
B, 309055, -0.922607, -0.077881, -0.366577, 1.586915, 0.183106, -5.310059,riding
A, 695522, -0.979126, 0.211060, -0.010254, 0.305176, 3.479005, -0.549316,riding
B, 309075, -0.920654, -0.087280, -0.369507, 1.403809, 0.183106, -5.371094,riding
A, 695542, -0.978149, 0.216553, -0.030640, 0.305176, 3.417970, -0.549316,riding
B, 309095, -0.918701, -0.089355, -0.372314, 1.770020, 0.183106, -5.004883,riding
A, 695562, -0.977173, 0.219360, -0.051758, 1.281738, 2.929688, -0.671387,riding
A, 695582, -0.980103, 0.211304, -0.067627, 1.892090, 2.502441, -0.671387,riding
A, 695602, -0.982666, 0.204102, -0.095581, 1.464844, 2.014160, -0.549316,riding
A, 695622, -0.982544, 0.201416, -0.115356, 0.976563, 1.464844, -0.549316,riding
A, 695642, -0.983398, 0.202637, -0.126953, 0.549316, 0.793457, -0.427246,riding
A, 695662, -0.982788, 0.206299, -0.133789, 0.061035, 0.244141, -0.427246,riding
B, 309115, -0.918213, -0.103027, -0.371460, 2.624512, 0.305176, -4.333496,riding
B, 309135, -0.918091, -0.119141, -0.367065, 2.624512, 0.305176, -3.967286,riding
B, 309155, -0.919067, -0.125122, -0.364014, 2.136230, 0.244141, -3.662110,riding
B, 309175, -0.918945, -0.129883, -0.362793, 1.647950, 0.244141, -3.295899,riding
B, 309195, -0.916870, -0.140625, -0.365723, 1.159668, 0.244141, -2.746582,riding
B, 309215, -0.915039, -0.145874, -0.369629, 0.366211, 0.183106, -1.953125,riding
B, 309235, -0.914917, -0.141235, -0.374756, -0.183106, 0.061035, -1.403809,riding
B, 309255, -0.912720, -0.141968, -0.377319, -0.305176, 0.061035, -0.671387,riding
B, 309275, -0.912354, -0.144043, -0.376221, -0.305176, -0.061035, 0.000000,riding
B, 309295, -0.912109, -0.138306, -0.376465, -0.610352, -0.244141, 0.610352,riding
A, 695682, -0.982910, 0.212036, -0.134033, -0.244141, -0.488281, -0.244141,riding
A, 695702, -0.981445, 0.225220, -0.133667, -0.549316, -1.220703, -0.244141,riding
A, 695722, -0.979004, 0.232910, -0.130737, -0.305176, -1.953125, -0.366211,riding
A, 695742, -0.976929, 0.234009, -0.125122, -0.427246, -2.563477, -0.488281,riding
B, 309315, -0.913330, -0.132202, -0.378540, -0.488281, -0.366211, 1.281738,riding
B, 309335, -0.912476, -0.130371, -0.377563, -0.183106, -0.427246, 2.075195,riding
B, 309355, -0.913208, -0.122070, -0.379028, -1.525879, -0.671387, 2.380371,riding
B, 309375, -0.913574, -0.109009, -0.379761, -1.342773, -0.732422, 2.868653,riding
B, 309395, -0.915039, -0.104248, -0.377441, -1.098633, -0.793457, 3.356935,riding
B, 309415, -0.914917, -0.099365, -0.376953, -1.342773, -0.976563, 3.540040,riding
B, 309435, -0.915771, -0.089722, -0.377319, -0.854492, -0.976563, 3.906251,riding
B, 309455, -0.919189, -0.082764, -0.372559, 0.000000, -0.976563, 4.394531,riding
B, 309475, -0.921875, -0.081909, -0.366089, -0.366211, -1.037598, 4.394531,riding
B, 309495, -0.920532, -0.075073, -0.371094, -1.708985, -1.159668, 3.967286,riding
B, 309515, -0.919922, -0.063110, -0.375732, -2.075195, -1.159668, 3.784181,riding
A, 695762, -0.976807, 0.238647, -0.122070, -0.488281, -3.234864, -0.732422,riding
A, 695782, -0.978516, 0.227417, -0.108521, 0.122070, -4.333496, -1.098633,riding
A, 695802, -0.980591, 0.220093, -0.091431, -0.854492, -4.699707, -0.915528,riding
A, 695822, -0.977417, 0.227051, -0.078125, -1.037598, -5.065918, -0.915528,riding
A, 695842, -0.976074, 0.229126, -0.064087, -0.549316, -5.554201, -0.976563,riding
A, 695862, -0.976074, 0.231445, -0.050537, -0.671387, -5.859377, -1.098633,riding
A, 695882, -0.973267, 0.238647, -0.037476, -0.427246, -6.103518, -1.342773,riding
A, 695902, -0.974609, 0.231934, -0.025269, 0.610352, -6.469728, -1.647950,riding
A, 695922, -0.977539, 0.209961, -0.014160, 0.549316, -6.530764, -1.647950,riding
A, 695942, -0.979248, 0.203857, -0.000122, -0.915528, -6.408693, -1.281738,riding
A, 695962, -0.975830, 0.214355, 0.009033, -1.464844, -6.286623, -1.159668,riding
A, 695982, -0.974609, 0.219849, 0.023071, -1.159668, -6.347658, -1.220703,riding
B, 309535, -0.921509, -0.054810, -0.372925, -1.708985, -1.159668, 3.906251,riding
A, 696002, -0.974609, 0.218262, 0.042969, -1.098633, -6.225588, -1.342773,riding
B, 309555, -0.923584, -0.050171, -0.367188, -1.708985, -1.098633, 3.723145,riding
A, 696022, -0.974976, 0.213989, 0.058350, -1.220703, -5.920412, -1.403809,riding
B, 309575, -0.926147, -0.043701, -0.362305, -1.770020, -1.159668, 3.417970,riding
A, 696042, -0.975220, 0.213013, 0.072754, -1.586915, -5.493164, -1.403809,riding
B, 309595, -0.926270, -0.032715, -0.364502, -2.014160, -1.159668, 2.990724,riding
A, 696062, -0.975220, 0.209351, 0.086426, -1.770020, -5.187988, -1.403809,riding
B, 309615, -0.925781, -0.020630, -0.368774, -2.075195, -1.098633, 2.319336,riding
A, 696082, -0.975464, 0.203735, 0.105225, -1.770020, -4.638672, -1.342773,riding
A, 696102, -0.976074, 0.200806, 0.122925, -1.647950, -4.089355, -1.159668,riding
B, 309635, -0.926758, -0.013306, -0.368774, -1.892090, -1.037598, 1.892090,riding
B, 309655, -0.928711, -0.005737, -0.365601, -1.831055, -0.976563, 1.220703,riding
A, 696122, -0.973511, 0.209839, 0.142212, -1.708985, -2.990724, -0.976563,riding
B, 309675, -0.928101, 0.003418, -0.365601, -1.708985, -0.915528, 0.549316,riding
B, 309695, -0.928467, 0.004761, -0.365723, -0.854492, -0.793457, 0.122070,riding
A, 696142, -0.972778, 0.217651, 0.148193, -0.915528, -2.380371, -1.037598,riding
A, 696162, -0.973999, 0.214478, 0.146851, -0.549316, -1.647950, -1.220703,riding
B, 309715, -0.928589, -0.000366, -0.364014, -0.366211, -0.732422, -0.488281,riding
A, 696182, -0.974365, 0.211304, 0.137573, -0.488281, -0.915528, -1.281738,riding
B, 309735, -0.929199, -0.000366, -0.362549, -0.122070, -0.671387, -1.159668,riding
A, 696202, -0.975830, 0.206421, 0.132446, -0.366211, -0.305176, -1.220703,riding
B, 309755, -0.927368, -0.003174, -0.366699, 0.122070, -0.610352, -2.136230,riding
A, 696222, -0.975342, 0.206543, 0.127563, -0.305176, 0.366211, -1.098633,riding
B, 309775, -0.926392, -0.008423, -0.371460, 0.488281, -0.488281, -2.685547,riding
A, 696242, -0.974976, 0.210205, 0.118286, 0.061035, 0.976563, -0.976563,riding
A, 696262, -0.974121, 0.212891, 0.101807, 0.488281, 1.403809, -0.915528,riding
A, 696282, -0.974365, 0.214233, 0.087524, 0.549316, 1.831055, -0.976563,riding
A, 696302, -0.975830, 0.213135, 0.074463, 0.427246, 2.380371, -1.098633,riding
B, 309795, -0.925903, -0.013306, -0.371216, 0.915528, -0.427246, -3.051759,riding
B, 309815, -0.926636, -0.019165, -0.368164, 1.281738, -0.427246, -3.479005,riding
B, 309835, -0.926270, -0.025513, -0.364136, 1.403809, -0.305176, -3.906251,riding
B, 309855, -0.926880, -0.035034, -0.363037, 1.342773, -0.366211, -4.272461,riding
A, 696322, -0.974487, 0.213745, 0.058960, 0.366211, 2.746582, -1.159668,riding
B, 309875, -0.923950, -0.043945, -0.369507, 1.342773, -0.366211, -4.760742,riding
A, 696342, -0.975586, 0.213257, 0.040771, 0.305176, 3.051759, -1.159668,riding
B, 309895, -0.923218, -0.048706, -0.372070, 1.464844, -0.305176, -4.943848,riding
B, 309915, -0.921265, -0.058472, -0.371460, 1.953125, -0.244141, -4.821777,riding
A, 696362, -0.977173, 0.211670, 0.023193, 0.793457, 2.990724, -1.098633,riding
B, 309935, -0.922852, -0.070801, -0.367432, 2.136230, -0.183106, -4.760742,riding
B, 309955, -0.922607, -0.077759, -0.365234, 1.831055, -0.244141, -4.821777,riding
B, 309975, -0.921143, -0.084473, -0.364990, 2.014160, -0.183106, -4.638672,riding
B, 309995, -0.921631, -0.096802, -0.363770, 2.563477, -0.122070, -4.089355,riding
B, 310015, -0.921265, -0.112915, -0.362549, 1.708985, -0.122070, -3.845216,riding
A, 696402, -0.979004, 0.206787, -0.003540, 0.854492, 3.051759, -0.915528,riding
A, 696422, -0.976807, 0.214478, -0.024048, 0.915528, 2.929688, -1.037598,riding
A, 696442, -0.978271, 0.212646, -0.044189, 1.586915, 2.563477, -1.098633,riding
A, 696462, -0.981079, 0.200317, -0.063110, 1.037598, 2.136230, -1.037598,riding
B, 310035, -0.920532, -0.118530, -0.364014, 1.281738, -0.061035, -3.540040,riding
B, 310055, -0.919556, -0.125977, -0.363647, 1.647950, 0.061035, -2.746582,riding
B, 310075, -0.918823, -0.133301, -0.363281, 1.342773, 0.122070, -2.197266,riding
B, 310095, -0.919434, -0.135132, -0.361816, 0.915528, 0.244141, -1.586915,riding
B, 310115, -0.919556, -0.138428, -0.359497, 0.854492, 0.244141, -0.854492,riding
B, 310135, -0.918945, -0.137329, -0.363281, -0.122070, 0.244141, -0.549316,riding
B, 310155, -0.916260, -0.129272, -0.371338, -0.671387, 0.183106, 0.305176,riding
B, 310175, -0.915283, -0.124634, -0.375122, -0.732422, 0.183106, 0.915528,riding
B, 310195, -0.914185, -0.115112, -0.380737, -1.342773, 0.061035, 1.220703,riding
B, 310215, -0.913452, -0.105225, -0.381470, -1.342773, -0.061035, 1.647950,riding
B, 310235, -0.915161, -0.096924, -0.380371, -1.220703, -0.183106, 2.014160,riding
B, 310255, -0.917480, -0.089966, -0.376709, -0.732422, -0.183106, 2.441406,riding
B, 310275, -0.920044, -0.084229, -0.371948, -0.488281, -0.366211, 2.746582,riding
B, 310295, -0.920044, -0.078735, -0.372437, -1.098633, -0.427246, 2.685547,riding
B, 310315, -0.919922, -0.075562, -0.372437, -1.159668, -0.366211, 2.746582,riding
B, 310335, -0.920410, -0.070557, -0.373047, -1.037598, -0.305176, 2.807618,riding
B, 310355, -0.921021, -0.064819, -0.371338, -1.220703, -0.244141, 2.807618,riding
B, 310375, -0.921875, -0.058350, -0.372681, -1.708985, -0.366211, 2.502441,riding
B, 310395, -0.920654, -0.053467, -0.376343, -2.014160, -0.427246, 2.319336,riding
B, 310415, -0.920776, -0.043457, -0.377563, -1.464844, -0.488281, 2.136230,riding
B, 310435, -0.921143, -0.036865, -0.377319, -1.403809, -0.549316, 1.892090,riding
B, 310455, -0.920288, -0.031250, -0.380615, -1.770020, -0.671387, 1.403809,riding
B, 310475, -0.919678, -0.028809, -0.384399, -1.342773, -0.671387, 1.159668,riding
B, 310495, -0.920166, -0.026001, -0.384888, -1.159668, -0.793457, 0.793457,riding
B, 310515, -0.920532, -0.019775, -0.382935, -0.854492, -0.854492, 0.488281,riding
B, 310535, -0.922974, -0.021729, -0.374268, -0.183106, -1.037598, 0.000000,riding
B, 310555, -0.922241, -0.026367, -0.375000, -0.427246, -1.037598, -0.549316,riding
B, 310575, -0.921997, -0.020264, -0.377930, -0.183106, -1.098633, -0.915528,riding
B, 310595, -0.921021, -0.021240, -0.380249, 0.000000, -1.098633, -1.281738,riding
B, 310615, -0.920776, -0.024292, -0.379150, 0.122070, -1.159668, -1.708985,riding
B, 310635, -0.922729, -0.025269, -0.376465, 0.488281, -1.159668, -2.014160,riding
B, 310655, -0.924561, -0.025269, -0.369873, 0.732422, -1.159668, -2.380371,riding
B, 310675, -0.925171, -0.038452, -0.365601, 1.098633, -1.159668, -2.746582,riding
B, 310695, -0.924805, -0.044434, -0.367432, 1.098633, -1.159668, -2.990724,riding
B, 310715, -0.923706, -0.045410, -0.371216, 1.037598, -1.098633, -3.295899,riding
B, 310735, -0.922241, -0.049438, -0.373657, 1.037598, -1.037598, -3.356935,riding
B, 310755, -0.922363, -0.056274, -0.371460, 1.098633, -0.976563, -3.540040,riding
B, 310775, -0.924561, -0.061523, -0.364136, 1.770020, -0.854492, -3.356935,riding
B, 310795, -0.927612, -0.069946, -0.356567, 2.136230, -0.732422, -3.173829,riding
B, 310815, -0.925171, -0.085815, -0.356934, 1.342773, -0.732422, -3.234864,riding
B, 310835, -0.923462, -0.090698, -0.365723, 0.793457, -0.671387, -3.173829,riding
B, 310855, -0.920532, -0.094727, -0.368408, 1.281738, -0.488281, -2.746582,riding
B, 310875, -0.921997, -0.098877, -0.364746, 1.525879, -0.305176, -2.258301,riding
B, 310895, -0.923462, -0.105591, -0.358398, 1.037598, -0.244141, -1.953125,riding
B, 310915, -0.923828, -0.113037, -0.354736, 0.854492, -0.122070, -1.586915,riding
B, 310935, -0.921509, -0.117432, -0.359131, 0.244141, -0.061035, -1.037598,riding
B, 310955, -0.919556, -0.116333, -0.366577, -0.427246, 0.000000, -0.610352,riding
B, 310975, -0.916504, -0.114136, -0.373169, -0.305176, 0.000000, 0.000000,riding
A, 696482, -0.983154, 0.192017, -0.090942, 0.610352, 1.708985, -0.915528,riding
A, 696502, -0.985352, 0.191772, -0.107178, 1.037598, 1.037598, -0.732422,riding
A, 696522, -0.986694, 0.189575, -0.116699, 1.037598, 0.366211, -0.549316,riding
B, 310995, -0.917236, -0.115234, -0.373535, -0.305176, 0.000000, 0.549316,riding
B, 311015, -0.916748, -0.107056, -0.373779, -0.976563, -0.061035, 0.732422,riding
B, 311035, -0.916992, -0.098389, -0.375122, -0.854492, -0.122070, 1.220703,riding
B, 311055, -0.917236, -0.096680, -0.374146, -0.671387, -0.183106, 1.647950,riding
B, 311075, -0.916138, -0.092896, -0.374878, -0.976563, -0.427246, 2.014160,riding
B, 311095, -0.916626, -0.081299, -0.380249, -1.708985, -0.549316, 1.953125,riding
A, 696542, -0.984985, 0.193726, -0.122681, 0.549316, -0.244141, -0.366211,riding
A, 696562, -0.984985, 0.194824, -0.126221, 0.732422, -0.976563, -0.244141,riding
A, 696582, -0.984375, 0.198120, -0.123291, -0.122070, -1.525879, -0.122070,riding
A, 696602, -0.982300, 0.210571, -0.117554, -0.793457, -2.136230, -0.061035,riding
A, 696622, -0.979492, 0.217773, -0.108276, -0.488281, -2.868653, -0.122070,riding
A, 696642, -0.978394, 0.229248, -0.086182, -1.098633, -3.540040, -0.061035,riding
A, 696662, -0.975464, 0.236694, -0.068237, -1.037598, -4.028320, -0.183106,riding
A, 696682, -0.973877, 0.240845, -0.047607, -0.854492, -4.394531, -0.427246,riding
A, 696702, -0.974609, 0.237183, -0.032104, -0.183106, -4.699707, -0.671387,riding
A, 696722, -0.976196, 0.224121, -0.023804, 0.183106, -4.882813, -0.854492,riding
A, 696742, -0.978149, 0.213623, -0.017334, -0.305176, -5.004883, -0.854492,riding
A, 696762, -0.979126, 0.208130, -0.008911, -0.732422, -5.065918, -0.671387,riding
A, 696782, -0.976807, 0.210205, 0.002319, -0.488281, -5.126953, -0.549316,riding
A, 696802, -0.976929, 0.211426, 0.009155, -0.610352, -5.126953, -0.488281,riding
A, 696822, -0.976074, 0.222290, 0.023560, -1.342773, -4.943848, -0.366211,riding
A, 696842, -0.972900, 0.234009, 0.037842, -1.586915, -4.760742, -0.549316,riding
A, 696862, -0.972534, 0.236816, 0.051270, -1.098633, -4.577637, -0.732422,riding
A, 696882, -0.971680, 0.231079, 0.058594, -1.037598, -4.333496, -0.915528,riding
A, 697445, -0.982056, 0.209229, -0.079956, -0.305176, -2.746582, -0.244141,riding
A, 697465, -0.979248, 0.220581, -0.070679, -0.915528, -3.112794, -0.183106,riding
A, 697485, -0.975464, 0.234009, -0.058228, -0.488281, -3.601075, -0.305176,riding
A, 697550, -0.974243, 0.232178, -0.027832, -1.403809, -4.516602, -0.854492,riding
A, 697570, -0.974731, 0.231567, -0.012329, -0.793457, -4.760742, -0.976563,riding
A, 697590, -0.975952, 0.223022, -0.000610, -0.732422, -4.882813, -0.915528,riding
A, 697610, -0.974609, 0.226074, 0.006470, -1.464844, -4.760742, -0.854492,riding
A, 697630, -0.972046, 0.236694, 0.021606, -1.586915, -4.821777, -0.976563,riding
A, 697650, -0.971680, 0.235718, 0.046021, -1.281738, -4.760742, -1.281738,riding
B, 311115, -0.916504, -0.074829, -0.382813, -1.464844, -0.610352, 2.258301,riding
B, 311135, -0.917725, -0.075684, -0.380005, -1.098633, -0.610352, 2.563477,riding
B, 311155, -0.918335, -0.068237, -0.376221, -1.708985, -0.793457, 2.380371,riding
B, 311175, -0.919312, -0.053711, -0.376831, -2.014160, -0.915528, 2.258301,riding
A, 697670, -0.972412, 0.229614, 0.065918, -1.220703, -4.455566, -1.342773,riding
B, 311195, -0.920410, -0.048950, -0.376831, -1.586915, -0.976563, 2.197266,riding
B, 311215, -0.921875, -0.040405, -0.374390, -1.525879, -1.037598, 2.014160,riding
B, 311235, -0.922485, -0.025269, -0.374634, -1.647950, -1.159668, 1.586915,riding
A, 697690, -0.973511, 0.224121, 0.079102, -1.464844, -4.028320, -1.403809,riding
B, 311255, -0.921997, -0.016357, -0.379272, -1.525879, -1.220703, 1.159668,riding
A, 697710, -0.971924, 0.227905, 0.094727, -1.525879, -3.723145, -1.403809,riding
A, 697730, -0.970337, 0.233643, 0.118896, -0.793457, -2.929688, -1.464844,riding
A, 697750, -0.969360, 0.235962, 0.125977, -0.793457, -2.258301, -1.586915,riding
A, 697770, -0.969604, 0.235229, 0.131104, -0.610352, -1.708985, -1.770020,riding
A, 697790, -0.971313, 0.230347, 0.137329, -0.366211, -1.098633, -2.014160,riding
A, 697810, -0.972046, 0.223145, 0.131958, -0.122070, -0.366211, -2.197266,riding
B, 311275, -0.920532, -0.015625, -0.382202, -0.976563, -1.220703, 0.854492,riding
B, 311295, -0.922119, -0.010498, -0.379761, -0.732422, -1.281738, 0.305176,riding
B, 311315, -0.925049, 0.000244, -0.374756, -0.488281, -1.342773, -0.244141,riding
B, 311335, -0.927246, -0.003662, -0.368408, 0.061035, -1.403809, -1.098633,riding
B, 311355, -0.925781, -0.009521, -0.370361, 0.366211, -1.403809, -1.647950,riding
A, 697830, -0.973145, 0.219604, 0.113037, 0.122070, 0.244141, -2.136230,riding
B, 311375, -0.923584, -0.008179, -0.375000, 0.671387, -1.464844, -2.197266,riding
B, 311395, -0.923584, -0.010376, -0.376587, 0.976563, -1.403809, -2.624512,riding
A, 697850, -0.974365, 0.216309, 0.098511, 0.244141, 0.671387, -2.136230,riding
B, 311415, -0.924927, -0.022461, -0.372803, 1.464844, -1.342773, -2.868653,riding
A, 697870, -0.975952, 0.211304, 0.091553, 0.732422, 0.976563, -2.014160,riding
B, 311435, -0.925781, -0.033447, -0.364258, 1.892090, -1.281738, -3.173829,riding
A, 697890, -0.976563, 0.203613, 0.082886, 1.159668, 1.403809, -1.953125,riding
A, 697910, -0.976196, 0.211060, 0.060669, 0.427246, 2.014160, -1.892090,riding
B, 311455, -0.928101, -0.032715, -0.359131, 1.525879, -1.281738, -3.723145,riding
B, 311475, -0.925171, -0.040771, -0.365479, 1.770020, -1.159668, -3.967286,riding
A, 697930, -0.975220, 0.217651, 0.049316, 0.854492, 2.075195, -2.136230,riding
B, 311495, -0.924072, -0.054810, -0.367188, 2.380371, -1.159668, -3.967286,riding
A, 697950, -0.977051, 0.207886, 0.036987, 1.525879, 2.258301, -2.136230,riding
B, 311515, -0.923828, -0.060791, -0.365234, 2.502441, -1.098633, -4.028320,riding
A, 697970, -0.980225, 0.195313, 0.018921, 1.525879, 2.380371, -2.075195,riding
B, 311535, -0.924683, -0.062378, -0.362671, 2.197266, -1.037598, -4.150391,riding
A, 697990, -0.981079, 0.193359, 0.002441, 1.159668, 2.319336, -1.831055,riding
B, 311555, -0.924438, -0.071289, -0.361816, 2.441406, -0.915528, -3.967286,riding
A, 698010, -0.980957, 0.196899, -0.008667, 1.525879, 2.136230, -1.708985,riding
B, 311575, -0.925171, -0.085938, -0.357056, 2.746582, -0.854492, -3.723145,riding
A, 698030, -0.982910, 0.190430, -0.019409, 1.831055, 2.075195, -1.647950,riding
B, 311595, -0.925903, -0.090820, -0.351563, 2.380371, -0.671387, -3.540040,riding
A, 698050, -0.983398, 0.187622, -0.038452, 1.586915, 1.953125, -1.647950,riding
B, 311615, -0.926758, -0.097046, -0.350708, 2.197266, -0.549316, -3.234864,riding
A, 698070, -0.985352, 0.180664, -0.058228, 1.220703, 1.403809, -1.403809,riding
B, 311635, -0.924194, -0.110352, -0.353882, 1.647950, -0.488281, -3.051759,riding
A, 698090, -0.986938, 0.177856, -0.069336, 0.915528, 1.098633, -1.159668,riding
B, 311655, -0.922729, -0.117554, -0.356934, 1.525879, -0.244141, -2.624512,riding
A, 698110, -0.986694, 0.179688, -0.087036, 0.976563, 0.732422, -0.915528,riding
B, 311675, -0.922852, -0.117920, -0.357544, 1.464844, -0.122070, -2.075195,riding
A, 698130, -0.986816, 0.181519, -0.106445, 1.098633, 0.000000, -0.793457,riding
B, 311695, -0.923218, -0.124146, -0.354736, 1.403809, 0.000000, -1.464844,riding
A, 698150, -0.987305, 0.180664, -0.111328, 0.854492, -0.671387, -0.549316,riding
B, 311715, -0.923706, -0.134521, -0.352295, 0.549316, 0.061035, -1.037598,riding
A, 698170, -0.987793, 0.182495, -0.108398, -0.183106, -1.098633, -0.244141,riding
B, 311735, -0.921387, -0.126587, -0.357666, -0.854492, 0.061035, -0.610352,riding
B, 311755, -0.920166, -0.118530, -0.364502, -0.732422, 0.122070, 0.061035,riding
A, 698190, -0.985229, 0.197021, -0.107666, -0.976563, -1.525879, -0.183106,riding
A, 698210, -0.982910, 0.206055, -0.104492, -0.671387, -2.258301, -0.244141,riding
B, 311775, -0.917358, -0.120483, -0.369995, -0.793457, 0.122070, 0.671387,riding
A, 698230, -0.981323, 0.209473, -0.096313, -0.671387, -2.929688, -0.244141,riding
B, 311795, -0.916260, -0.119873, -0.373291, -0.915528, 0.061035, 1.220703,riding
A, 698250, -0.981201, 0.213501, -0.082153, -0.671387, -3.662110, -0.183106,riding
B, 311815, -0.917725, -0.106567, -0.373047, -1.342773, 0.000000, 1.525879,riding
A, 698270, -0.979004, 0.220459, -0.067993, -1.159668, -4.089355, -0.122070,riding
B, 311835, -0.917725, -0.093994, -0.371460, -1.342773, -0.061035, 1.953125,riding
A, 698290, -0.977295, 0.226685, -0.046387, -0.732422, -4.577637, -0.244141,riding
B, 311855, -0.920044, -0.092896, -0.370117, -1.037598, -0.061035, 2.502441,riding
A, 698310, -0.976318, 0.222534, -0.027344, -0.488281, -4.760742, -0.427246,riding
B, 311875, -0.920166, -0.084595, -0.369263, -1.281738, -0.183106, 2.502441,riding
A, 698330, -0.976807, 0.219604, -0.019287, -0.732422, -4.821777, -0.549316,riding
B, 311895, -0.921265, -0.072998, -0.370483, -1.525879, -0.244141, 2.624512,riding
A, 698350, -0.976440, 0.219116, -0.017090, -1.037598, -4.943848, -0.549316,riding
B, 311915, -0.920776, -0.070435, -0.374268, -1.525879, -0.366211, 2.746582,riding
A, 698370, -0.975586, 0.217651, -0.005127, -1.037598, -5.187988, -0.549316,riding
B, 311935, -0.919800, -0.069458, -0.374512, -1.953125, -0.366211, 2.563477,riding
A, 698390, -0.978271, 0.214233, 0.013916, -1.586915, -5.004883, -0.488281,riding
B, 311955, -0.922852, -0.056030, -0.371826, -2.441406, -0.427246, 2.319336,riding
A, 698410, -0.974487, 0.220215, 0.028198, -1.892090, -4.882813, -0.427246,riding
B, 311975, -0.924194, -0.041748, -0.369263, -2.075195, -0.488281, 2.319336,riding
A, 698430, -0.973633, 0.224365, 0.055786, -1.647950, -4.699707, -0.610352,riding
B, 311995, -0.923462, -0.039429, -0.369263, -1.708985, -0.488281, 2.014160,riding
A, 698450, -0.974243, 0.223755, 0.070435, -1.342773, -4.394531, -0.732422,riding
B, 312015, -0.924561, -0.036011, -0.369507, -1.647950, -0.488281, 1.708985,riding
A, 698470, -0.974365, 0.218384, 0.075562, -1.403809, -3.967286, -0.793457,riding
B, 312035, -0.924683, -0.025635, -0.369995, -1.708985, -0.488281, 1.281738,riding
A, 698490, -0.974243, 0.215210, 0.077271, -1.525879, -3.662110, -0.793457,riding
B, 312055, -0.923706, -0.020508, -0.371582, -1.464844, -0.488281, 1.037598,riding
A, 698510, -0.973999, 0.214722, 0.088623, -1.281738, -3.356935, -0.793457,riding
B, 312075, -0.923828, -0.024902, -0.371338, -1.098633, -0.427246, 0.671387,riding
A, 698530, -0.976196, 0.211304, 0.101929, -1.098633, -2.929688, -0.671387,riding
B, 312095, -0.925293, -0.019775, -0.370728, -1.098633, -0.427246, 0.183106,riding
A, 698550, -0.973999, 0.216187, 0.105835, -1.159668, -2.258301, -0.671387,riding
B, 312115, -0.926270, -0.010620, -0.368164, -0.854492, -0.366211, -0.305176,riding
A, 698570, -0.972900, 0.218384, 0.105103, -0.976563, -1.892090, -0.671387,riding
B, 312135, -0.925293, -0.018677, -0.365112, -0.122070, -0.305176, -0.732422,riding
A, 698590, -0.973022, 0.219116, 0.104980, -0.549316, -1.464844, -0.793457,riding
B, 312155, -0.925781, -0.026123, -0.366577, -0.061035, -0.305176, -1.281738,riding
A, 698610, -0.975342, 0.209839, 0.096680, -0.488281, -0.610352, -0.854492,riding
B, 312175, -0.926270, -0.021484, -0.367798, -0.183106, -0.305176, -1.770020,riding
A, 698630, -0.975952, 0.208496, 0.085693, -0.671387, -0.183106, -0.793457,riding
B, 312195, -0.924683, -0.019531, -0.373413, 0.061035, -0.244141, -2.136230,riding
A, 698650, -0.975464, 0.213745, 0.081787, -0.488281, 0.122070, -0.671387,riding
B, 312215, -0.923340, -0.029907, -0.374512, 0.244141, -0.183106, -2.380371,riding
A, 698670, -0.976196, 0.215576, 0.077148, -0.183106, 0.427246, -0.610352,riding
B, 312235, -0.924316, -0.037842, -0.370483, 0.488281, -0.183106, -2.685547,riding
A, 698690, -0.975586, 0.218018, 0.066162, -0.183106, 0.854492, -0.671387,riding
B, 312255, -0.925171, -0.036743, -0.366943, 0.793457, -0.183106, -2.868653,riding
A, 698710, -0.974243, 0.223999, 0.048096, 0.122070, 0.976563, -0.732422,riding
A, 698730, -0.975708, 0.218750, 0.040649, 0.244141, 1.037598, -0.915528,riding
B, 312275, -0.924194, -0.047852, -0.367065, 0.915528, -0.183106, -3.051759,riding
B, 312295, -0.922974, -0.055298, -0.370361, 0.671387, -0.183106, -3.295899,riding
A, 698750, -0.976318, 0.214722, 0.038086, -0.061035, 1.281738, -0.915528,riding
B, 312315, -0.922607, -0.055298, -0.371338, 0.671387, -0.183106, -3.356935,riding
A, 698770, -0.978882, 0.206299, 0.025513, -0.366211, 1.586915, -0.793457,riding
B, 312335, -0.921143, -0.054199, -0.373047, 0.122070, -0.244141, -3.723145,riding
A, 698790, -0.977295, 0.214722, 0.013428, -0.366211, 1.525879, -0.610352,riding
B, 312355, -0.921143, -0.061646, -0.374390, 0.915528, -0.122070, -3.356935,riding
A, 698810, -0.977417, 0.219604, 0.005127, 0.549316, 1.281738, -0.671387,riding
B, 312375, -0.921387, -0.073975, -0.371826, 1.342773, 0.000000, -3.173829,riding
A, 698830, -0.978271, 0.216797, -0.006836, 0.732422, 1.342773, -0.732422,riding
B, 312395, -0.923462, -0.080933, -0.361572, 1.159668, -0.061035, -3.051759,riding
A, 698850, -0.979248, 0.209595, -0.025635, 0.488281, 1.159668, -0.854492,riding
B, 312415, -0.923340, -0.089355, -0.360962, 0.854492, -0.122070, -2.868653,riding
A, 698870, -0.980591, 0.204346, -0.040527, 0.183106, 0.915528, -0.854492,riding
B, 312435, -0.920288, -0.098755, -0.369141, 0.488281, -0.122070, -2.746582,riding
A, 698890, -0.981445, 0.203613, -0.048950, -0.122070, 0.671387, -0.671387,riding
B, 312455, -0.917969, -0.100464, -0.377319, 0.000000, -0.061035, -2.502441,riding
A, 698910, -0.980469, 0.210449, -0.058105, -0.488281, 0.488281, -0.549316,riding
B, 312475, -0.916016, -0.098022, -0.377075, 0.732422, 0.000000, -1.892090,riding
A, 698930, -0.979858, 0.213501, -0.068359, 0.366211, -0.183106, -0.488281,riding
B, 312495, -0.917236, -0.103882, -0.370972, 0.610352, 0.061035, -1.403809,riding
A, 698950, -0.979980, 0.213257, -0.072021, 0.183106, -0.854492, -0.427246,riding
B, 312515, -0.919678, -0.112305, -0.365356, 0.488281, 0.000000, -0.976563,riding
A, 698970, -0.981323, 0.214722, -0.080444, 0.427246, -1.281738, -0.488281,riding
A, 698990, -0.979736, 0.213623, -0.088989, -0.244141, -1.708985, -0.610352,riding
B, 312535, -0.919922, -0.114868, -0.366333, -0.061035, -0.061035, -0.427246,riding
B, 312555, -0.918335, -0.108398, -0.371704, -0.610352, -0.122070, 0.000000,riding
A, 699010, -0.980957, 0.214355, -0.089966, -0.671387, -2.258301, -0.549316,riding
B, 312575, -0.915405, -0.108765, -0.378906, -0.610352, -0.122070, 0.549316,riding
A, 699030, -0.979492, 0.216309, -0.078735, -0.549316, -2.868653, -0.488281,riding
B, 312595, -0.913940, -0.109131, -0.381592, -0.549316, -0.122070, 1.037598,riding
A, 699050, -0.980225, 0.218384, -0.069214, -0.244141, -3.356935, -0.366211,riding
B, 312615, -0.915649, -0.100830, -0.377319, -0.549316, -0.122070, 1.464844,riding
A, 699070, -0.977295, 0.220947, -0.063477, -0.366211, -3.723145, -0.305176,riding
B, 312635, -0.917480, -0.093506, -0.375488, -1.037598, -0.244141, 1.647950,riding
A, 699090, -0.976318, 0.229736, -0.055664, -0.732422, -4.150391, -0.366211,riding
B, 312655, -0.916870, -0.092407, -0.375000, -1.098633, -0.366211, 2.136230,riding
A, 699110, -0.974609, 0.235718, -0.040527, -0.793457, -4.455566, -0.549316,riding
A, 699130, -0.974731, 0.230957, -0.025269, -0.976563, -4.638672, -0.854492,riding
B, 312675, -0.916870, -0.085083, -0.375977, -1.403809, -0.488281, 2.319336,riding
B, 312695, -0.917969, -0.071899, -0.378296, -1.708985, -0.610352, 2.380371,riding
A, 699150, -0.975342, 0.227295, -0.015625, -1.342773, -4.882813, -0.915528,riding
B, 312715, -0.917358, -0.067749, -0.383179, -1.770020, -0.671387, 2.563477,riding
B, 312735, -0.916382, -0.070679, -0.381714, -1.464844, -0.671387, 2.685547,riding
A, 699170, -0.975220, 0.228149, -0.004150, -1.220703, -5.065918, -0.976563,riding
A, 699190, -0.975586, 0.223511, 0.004761, -1.037598, -5.065918, -0.854492,riding
A, 699210, -0.975220, 0.224243, 0.006470, -1.037598, -5.065918, -0.854492,riding
A, 699230, -0.973633, 0.225586, 0.017944, -1.403809, -5.187988, -0.854492,riding
A, 699250, -0.971924, 0.238892, 0.046997, -1.892090, -5.126953, -0.976563,riding
A, 699270, -0.970337, 0.241455, 0.081177, -1.281738, -4.821777, -1.220703,riding
A, 699290, -0.971069, 0.234009, 0.099487, -0.732422, -4.394531, -1.464844,riding
B, 312755, -0.919189, -0.065308, -0.377075, -1.647950, -0.671387, 2.685547,riding
B, 312775, -0.920410, -0.054810, -0.372559, -1.647950, -0.793457, 2.685547,riding
B, 312795, -0.920044, -0.040649, -0.382080, -2.136230, -0.915528, 2.380371,riding
B, 312815, -0.919312, -0.030151, -0.383667, -1.586915, -1.037598, 2.258301,riding
B, 312835, -0.921631, -0.015991, -0.379517, -0.976563, -0.976563, 2.075195,riding
B, 312855, -0.923706, -0.007935, -0.375366, -0.671387, -1.037598, 1.647950,riding
A, 699310, -0.971802, 0.221069, 0.112183, -0.671387, -3.723145, -1.403809,riding
B, 312875, -0.923706, -0.008667, -0.373901, -0.915528, -1.098633, 1.037598,riding
A, 699330, -0.972168, 0.222534, 0.120972, -1.037598, -3.112794, -1.403809,riding
A, 699350, -0.972046, 0.224976, 0.120239, -0.732422, -2.502441, -1.403809,riding
B, 312895, -0.924194, -0.010010, -0.375244, -0.854492, -1.037598, 0.488281,riding
A, 699370, -0.972046, 0.224121, 0.110352, -0.305176, -2.014160, -1.464844,riding
A, 699390, -0.973755, 0.216309, 0.102051, -0.183106, -1.586915, -1.586915,riding
A, 699410, -0.976074, 0.208374, 0.102539, -0.427246, -1.098633, -1.586915,riding
A, 699430, -0.976318, 0.205078, 0.098511, -0.427246, -0.549316, -1.403809,riding
A, 699450, -0.975586, 0.207397, 0.091064, -0.549316, -0.122070, -1.220703,riding
B, 312915, -0.924072, -0.006958, -0.373291, -0.183106, -1.037598, -0.122070,riding
B, 312935, -0.925415, -0.011719, -0.369263, 0.061035, -0.976563, -0.488281,riding
B, 312955, -0.926270, -0.018555, -0.366943, -0.061035, -0.976563, -1.037598,riding
B, 312975, -0.926147, -0.019287, -0.367188, 0.000000, -0.915528, -1.525879,riding
B, 312995, -0.924927, -0.017700, -0.370728, 0.000000, -0.854492, -1.892090,riding
B, 313015, -0.923340, -0.020630, -0.372437, 0.305176, -0.793457, -2.197266,riding
A, 699470, -0.975098, 0.215576, 0.078369, -0.122070, 0.244141, -1.159668,riding
B, 313035, -0.923584, -0.028687, -0.373047, 0.610352, -0.732422, -2.380371,riding
A, 699490, -0.975342, 0.219360, 0.067871, 0.183106, 0.549316, -1.220703,riding
B, 313055, -0.925171, -0.036133, -0.366577, 1.037598, -0.671387, -2.624512,riding
A, 699510, -0.975342, 0.217163, 0.054199, 0.427246, 0.732422, -1.342773,riding
B, 313075, -0.924927, -0.040161, -0.366821, 0.976563, -0.671387, -2.807618,riding
B, 313095, -0.923584, -0.045532, -0.369629, 0.732422, -0.671387, -3.112794,riding
A, 699530, -0.976807, 0.213257, 0.044189, 0.305176, 0.854492, -1.342773,riding
B, 313115, -0.921509, -0.048340, -0.375366, 0.976563, -0.671387, -3.112794,riding
A, 699550, -0.976440, 0.215820, 0.039429, -0.061035, 1.037598, -1.342773,riding
A, 699570, -0.976563, 0.217529, 0.037231, 0.305176, 1.159668, -1.281738,riding
B, 313135, -0.920654, -0.049438, -0.375610, 1.098633, -0.610352, -3.112794,riding
A, 699590, -0.975220, 0.217041, 0.029663, 0.366211, 1.220703, -1.220703,riding
B, 313155, -0.921753, -0.049316, -0.374023, 1.098633, -0.610352, -3.234864,riding
A, 699610, -0.976196, 0.220215, 0.026855, 0.305176, 1.220703, -1.220703,riding
B, 313175, -0.921265, -0.053467, -0.372681, 1.281738, -0.671387, -3.173829,riding
A, 699630, -0.975220, 0.223145, 0.023560, 0.671387, 1.220703, -1.281738,riding
B, 313195, -0.921997, -0.065063, -0.367310, 1.342773, -0.671387, -3.234864,riding
A, 699650, -0.976685, 0.217407, 0.007446, 0.610352, 1.342773, -1.403809,riding
B, 313215, -0.922363, -0.066772, -0.368164, 1.281738, -0.671387, -3.173829,riding
A, 699670, -0.978394, 0.214600, -0.006836, 0.549316, 1.220703, -1.525879,riding
B, 313235, -0.921265, -0.071289, -0.369141, 1.464844, -0.671387, -2.929688,riding
A, 699690, -0.979980, 0.205933, -0.015747, 0.793457, 0.976563, -1.464844,riding
B, 313255, -0.921143, -0.081421, -0.369263, 1.464844, -0.610352, -2.746582,riding
A, 699710, -0.981323, 0.200073, -0.020874, 0.610352, 0.793457, -1.281738,riding
B, 313275, -0.920532, -0.083862, -0.370972, 0.854492, -0.610352, -2.746582,riding
A, 699730, -0.981323, 0.204346, -0.027588, 0.061035, 0.732422, -1.098633,riding
B, 313295, -0.921387, -0.083130, -0.368286, 0.976563, -0.549316, -2.502441,riding
A, 699750, -0.980713, 0.209351, -0.040649, 0.610352, 0.366211, -1.098633,riding
B, 313315, -0.923096, -0.097290, -0.359863, 1.281738, -0.427246, -1.831055,riding
A, 699770, -0.981812, 0.201294, -0.048828, 0.976563, -0.061035, -1.098633,riding
B, 313335, -0.923462, -0.101196, -0.360107, 0.488281, -0.427246, -1.770020,riding
A, 699790, -0.982666, 0.198853, -0.055298, 0.122070, -0.244141, -1.037598,riding
B, 313355, -0.922852, -0.100220, -0.364258, 0.305176, -0.366211, -1.403809,riding
A, 699810, -0.982788, 0.201050, -0.063110, -0.061035, -0.549316, -0.976563,riding
B, 313375, -0.920288, -0.102051, -0.367554, 0.122070, -0.305176, -0.976563,riding
A, 699830, -0.982788, 0.196655, -0.067871, -0.244141, -1.281738, -0.732422,riding
B, 313395, -0.919800, -0.101685, -0.369751, -0.183106, -0.244141, -0.671387,riding
A, 699850, -0.982422, 0.201538, -0.066650, -0.366211, -1.708985, -0.549316,riding
B, 313415, -0.919189, -0.101318, -0.370605, -0.244141, -0.183106, -0.244141,riding
A, 699870, -0.981567, 0.206055, -0.058105, -0.488281, -2.136230, -0.427246,riding
B, 313435, -0.920044, -0.096802, -0.368774, -0.793457, -0.183106, -0.061035,riding
A, 699890, -0.979004, 0.215942, -0.047852, -0.915528, -2.380371, -0.366211,riding
B, 313455, -0.921509, -0.085327, -0.368774, -0.793457, -0.244141, 0.427246,riding
A, 699910, -0.977051, 0.222046, -0.033081, -0.732422, -2.746582, -0.488281,riding
B, 313475, -0.921387, -0.084106, -0.368896, -0.671387, -0.244141, 0.732422,riding
A, 699930, -0.976929, 0.220337, -0.023438, -0.549316, -2.990724, -0.671387,riding
B, 313495, -0.919312, -0.079590, -0.374268, -0.976563, -0.305176, 0.854492,riding
A, 699950, -0.977661, 0.218872, -0.017090, -0.854492, -3.051759, -0.671387,riding
B, 313515, -0.918335, -0.072021, -0.379272, -1.098633, -0.305176, 0.915528,riding
A, 699970, -0.977417, 0.221924, -0.014160, -0.915528, -3.234864, -0.610352,riding
B, 313535, -0.917480, -0.068481, -0.378784, -0.854492, -0.305176, 1.098633,riding
A, 699990, -0.977905, 0.220825, -0.006226, -0.671387, -3.479005, -0.610352,riding
B, 313555, -0.920166, -0.067993, -0.374878, -0.976563, -0.366211, 1.159668,riding
A, 700010, -0.976440, 0.219604, 0.012451, -0.915528, -3.417970, -0.549316,riding
B, 313575, -0.922852, -0.059814, -0.368530, -1.159668, -0.427246, 1.098633,riding
A, 700030, -0.975220, 0.220581, 0.018555, -0.915528, -3.417970, -0.671387,riding
B, 313595, -0.923706, -0.055664, -0.366089, -1.281738, -0.427246, 0.976563,riding
A, 700050, -0.975830, 0.218506, 0.024658, -1.159668, -3.295899, -0.732422,riding
B, 313615, -0.921509, -0.052856, -0.371338, -1.342773, -0.427246, 0.854492,riding
A, 700070, -0.975220, 0.217651, 0.032593, -1.281738, -3.234864, -0.793457,riding
B, 313635, -0.921509, -0.050049, -0.376953, -1.220703, -0.427246, 0.793457,riding
A, 700090, -0.975830, 0.217163, 0.037964, -1.037598, -3.112794, -0.793457,riding
B, 313655, -0.920776, -0.044312, -0.378906, -0.976563, -0.366211, 0.671387,riding
A, 700110, -0.976685, 0.213257, 0.046631, -0.976563, -2.929688, -0.610352,riding
A, 700130, -0.974854, 0.221924, 0.062622, -1.403809, -2.746582, -0.427246,riding
A, 700150, -0.972534, 0.232422, 0.084595, -1.220703, -2.441406, -0.549316,riding
A, 700170, -0.971436, 0.233765, 0.100342, -1.037598, -1.647950, -0.854492,riding
A, 700190, -0.971436, 0.230225, 0.101196, -1.037598, -1.159668, -1.098633,riding
A, 700210, -0.972656, 0.224365, 0.098511, -0.549316, -0.854492, -1.281738,riding
A, 700230, -0.973999, 0.219727, 0.094727, -0.610352, -0.244141, -1.098633,riding
B, 313675, -0.920654, -0.033936, -0.380371, -1.342773, -0.427246, 0.366211,riding
B, 313695, -0.922241, -0.027100, -0.378784, -1.098633, -0.427246, 0.061035,riding
B, 313715, -0.925781, -0.022461, -0.369751, -0.854492, -0.488281, -0.427246,riding
B, 313735, -0.926270, -0.017212, -0.367798, -0.732422, -0.549316, -0.915528,riding
B, 313755, -0.923218, -0.017822, -0.373413, -0.244141, -0.549316, -1.220703,riding
B, 313775, -0.920654, -0.024170, -0.382324, -0.061035, -0.610352, -1.708985,riding
B, 313795, -0.919800, -0.023682, -0.385376, 0.183106, -0.549316, -2.014160,riding
A, 700250, -0.974487, 0.219482, 0.083252, -0.183106, 0.122070, -0.976563,riding
B, 313815, -0.921875, -0.026611, -0.378296, 0.732422, -0.488281, -2.197266,riding
A, 700270, -0.974487, 0.218506, 0.069092, 0.183106, 0.305176, -0.976563,riding
A, 700290, -0.974976, 0.218994, 0.060547, -0.122070, 0.671387, -0.915528,riding
A, 700310, -0.974487, 0.224243, 0.052979, -0.183106, 0.915528, -1.098633,riding
A, 700330, -0.975220, 0.222778, 0.040161, -0.183106, 1.159668, -1.342773,riding
A, 700350, -0.976807, 0.216797, 0.026611, -0.305176, 1.281738, -1.342773,riding
A, 700370, -0.978638, 0.210205, 0.021240, 0.000000, 1.220703, -1.159668,riding
A, 700390, -0.979248, 0.209717, 0.014526, 0.061035, 1.342773, -0.976563,riding
B, 313835, -0.925415, -0.036255, -0.368164, 0.610352, -0.488281, -2.563477,riding
B, 313855, -0.925171, -0.046021, -0.365601, 0.549316, -0.549316, -2.990724,riding
B, 313875, -0.923218, -0.048340, -0.369873, 0.549316, -0.549316, -3.112794,riding
B, 313895, -0.919312, -0.050659, -0.377319, 0.488281, -0.549316, -3.295899,riding
B, 313915, -0.919189, -0.055298, -0.380249, 0.610352, -0.549316, -3.356935,riding
B, 313935, -0.919678, -0.061768, -0.376831, 0.793457, -0.488281, -3.295899,riding
B, 313955, -0.921875, -0.065308, -0.369385, 0.793457, -0.427246, -3.295899,riding
A, 700410, -0.978394, 0.212158, 0.002686, 0.122070, 1.281738, -0.976563,riding
B, 313975, -0.924194, -0.073608, -0.363647, 0.854492, -0.427246, -3.173829,riding
A, 700430, -0.978516, 0.214722, -0.009277, 0.183106, 1.281738, -1.037598,riding
B, 313995, -0.923096, -0.081299, -0.363647, 0.549316, -0.366211, -3.173829,riding
A, 700450, -0.978882, 0.210815, -0.016235, -0.122070, 1.159668, -1.098633,riding
B, 314015, -0.921265, -0.083740, -0.368408, 0.244141, -0.366211, -3.112794,riding
A, 700470, -0.979858, 0.206299, -0.022705, -0.427246, 1.037598, -1.098633,riding
B, 314035, -0.919922, -0.083008, -0.371948, 0.305176, -0.244141, -2.929688,riding
A, 700490, -0.981201, 0.201416, -0.030273, -0.366211, 0.854492, -0.976563,riding
B, 314055, -0.920776, -0.089233, -0.370850, 0.610352, -0.122070, -2.502441,riding
A, 700510, -0.982910, 0.195068, -0.039917, 0.061035, 0.488281, -0.732422,riding
B, 314075, -0.921143, -0.099243, -0.367554, 0.732422, -0.061035, -2.075195,riding
A, 700530, -0.984253, 0.194458, -0.063599, 0.549316, 0.000000, -0.488281,riding
B, 314095, -0.922974, -0.106812, -0.360596, 0.854492, 0.122070, -1.708985,riding
A, 700550, -0.984741, 0.192261, -0.079468, 0.549316, -0.488281, -0.366211,riding
B, 314115, -0.922485, -0.114624, -0.358765, -0.061035, 0.183106, -1.281738,riding
A, 700570, -0.984253, 0.195313, -0.088013, -0.488281, -0.854492, -0.305176,riding
B, 314135, -0.919922, -0.116089, -0.364502, -0.549316, 0.244141, -0.854492,riding
A, 700590, -0.982300, 0.203491, -0.089966, -0.732422, -1.342773, -0.122070,riding
B, 314155, -0.916382, -0.115234, -0.373047, -0.671387, 0.305176, -0.305176,riding
A, 700610, -0.983032, 0.207886, -0.087280, -0.671387, -1.892090, -0.122070,riding
B, 314175, -0.916138, -0.110352, -0.375488, -0.427246, 0.427246, 0.305176,riding
A, 700630, -0.980957, 0.207275, -0.084961, -0.183106, -2.563477, -0.061035,riding
B, 314195, -0.917114, -0.107910, -0.376465, -0.732422, 0.305176, 0.671387,riding
A, 700650, -0.981079, 0.211060, -0.076050, -0.671387, -2.990724, 0.244141,riding
B, 314215, -0.915894, -0.103271, -0.378174, -1.098633, 0.366211, 1.037598,riding
A, 700670, -0.977783, 0.224609, -0.067139, -0.732422, -3.479005, 0.183106,riding
B, 314235, -0.916992, -0.101318, -0.374512, -0.854492, 0.244141, 1.708985,riding
A, 700690, -0.976563, 0.229126, -0.050293, -0.671387, -3.967286, 0.061035,riding
B, 314255, -0.916870, -0.088745, -0.378662, -1.770020, 0.122070, 1.647950,riding
A, 700710, -0.974365, 0.237305, -0.038574, -1.403809, -4.211426, -0.061035,riding
B, 314275, -0.915771, -0.081909, -0.383301, -1.525879, 0.122070, 2.075195,riding
A, 700730, -0.973389, 0.240967, -0.024658, -0.976563, -4.577637, -0.366211,riding
B, 314295, -0.913696, -0.078613, -0.386230, -1.403809, -0.061035, 2.258301,riding
A, 700750, -0.973877, 0.235596, -0.010498, -0.976563, -4.577637, -0.305176,riding
B, 314315, -0.915039, -0.070313, -0.386597, -1.708985, -0.061035, 2.258301,riding
A, 700770, -0.973633, 0.233154, -0.000977, -1.281738, -4.638672, -0.366211,riding
B, 314335, -0.916382, -0.061523, -0.386230, -1.770020, -0.244141, 2.258301,riding
A, 700790, -0.972656, 0.237427, 0.011475, -1.342773, -4.760742, -0.305176,riding
B, 314355, -0.915649, -0.054688, -0.386841, -1.953125, -0.366211, 2.197266,riding
A, 700810, -0.970703, 0.246216, 0.028564, -1.525879, -4.699707, -0.427246,riding
B, 314375, -0.917114, -0.046997, -0.385132, -1.464844, -0.488281, 2.136230,riding
A, 700830, -0.969849, 0.249756, 0.044434, -1.098633, -4.577637, -0.732422,riding
B, 314395, -0.919922, -0.038452, -0.381348, -1.464844, -0.610352, 1.892090,riding
A, 700850, -0.970459, 0.243896, 0.055542, -0.976563, -4.394531, -0.976563,riding
B, 314415, -0.919800, -0.028442, -0.382446, -1.770020, -0.793457, 1.464844,riding
A, 700870, -0.970947, 0.239624, 0.079468, -1.586915, -3.845216, -1.098633,riding
B, 314435, -0.917725, -0.022339, -0.388306, -1.464844, -0.854492, 1.220703,riding
A, 700890, -0.969971, 0.239624, 0.098389, -1.159668, -3.479005, -1.159668,riding
B, 314455, -0.918579, -0.018188, -0.390381, -1.098633, -0.854492, 0.793457,riding
A, 700910, -0.970581, 0.237305, 0.108032, -1.037598, -2.929688, -1.159668,riding
B, 314475, -0.919800, -0.009277, -0.385620, -0.854492, -0.915528, 0.366211,riding
A, 700930, -0.970337, 0.236450, 0.112061, -0.671387, -2.502441, -1.220703,riding
B, 314495, -0.922119, -0.006348, -0.378662, -0.427246, -0.915528, -0.061035,riding
A, 700950, -0.970215, 0.231201, 0.118164, -0.610352, -1.953125, -1.342773,riding
B, 314515, -0.923828, -0.014038, -0.373291, -0.183106, -0.976563, -0.854492,riding
A, 700970, -0.970459, 0.229614, 0.120483, -0.488281, -1.342773, -1.464844,riding
B, 314535, -0.923706, -0.012207, -0.374878, -0.061035, -0.976563, -1.464844,riding
A, 700990, -0.972168, 0.224121, 0.117065, -0.488281, -0.610352, -1.586915,riding
B, 314555, -0.923096, -0.010254, -0.378174, 0.183106, -0.915528, -1.953125,riding
A, 701010, -0.973145, 0.220825, 0.107300, -0.305176, -0.122070, -1.586915,riding
B, 314575, -0.922241, -0.016113, -0.380981, 0.427246, -0.915528, -2.319336,riding
A, 701030, -0.974243, 0.215698, 0.100342, -0.183106, 0.305176, -1.464844,riding
B, 314595, -0.922852, -0.025024, -0.378662, 0.610352, -0.793457, -2.685547,riding
A, 701050, -0.975098, 0.216919, 0.080444, 0.183106, 0.915528, -1.281738,riding
B, 314615, -0.922852, -0.031006, -0.373657, 0.976563, -0.793457, -2.929688,riding
A, 701070, -0.975220, 0.215454, 0.063477, 0.183106, 1.220703, -1.281738,riding
B, 314635, -0.923218, -0.039673, -0.367920, 0.732422, -0.732422, -3.417970,riding
A, 701090, -0.975342, 0.219238, 0.049683, -0.122070, 1.403809, -1.342773,riding
B, 314655, -0.922607, -0.049561, -0.369263, 0.915528, -0.671387, -3.540040,riding
A, 701110, -0.975708, 0.216797, 0.041260, 0.061035, 1.586915, -1.403809,riding
B, 314675, -0.921997, -0.052490, -0.373901, 0.732422, -0.671387, -3.784181,riding
A, 701130, -0.977051, 0.216064, 0.031616, -0.183106, 1.770020, -1.403809,riding
B, 314695, -0.921021, -0.054810, -0.376953, 0.915528, -0.610352, -3.723145,riding
A, 701150, -0.977417, 0.212646, 0.018311, 0.122070, 1.831055, -1.342773,riding
B, 314715, -0.920532, -0.064087, -0.373779, 1.037598, -0.488281, -3.723145,riding
A, 701170, -0.979736, 0.205933, 0.003174, 0.244141, 1.708985, -1.220703,riding
B, 314735, -0.921265, -0.074707, -0.371094, 1.281738, -0.488281, -3.540040,riding
A, 701190, -0.979492, 0.208008, -0.011597, 0.549316, 1.586915, -1.098633,riding
B, 314755, -0.921387, -0.083008, -0.367065, 1.342773, -0.366211, -3.295899,riding
A, 701210, -0.980103, 0.203979, -0.029053, 0.610352, 1.403809, -1.037598,riding
B, 314775, -0.921143, -0.093628, -0.365112, 1.098633, -0.244141, -2.929688,riding
A, 701230, -0.982056, 0.203247, -0.053833, 0.488281, 0.976563, -0.976563,riding
B, 314795, -0.920776, -0.102051, -0.365601, 1.037598, -0.122070, -2.502441,riding
A, 701250, -0.983032, 0.200195, -0.068726, 0.549316, 0.610352, -0.915528,riding
B, 314815, -0.919800, -0.110718, -0.365479, 0.915528, -0.061035, -2.136230,riding
A, 701270, -0.985352, 0.190552, -0.080566, 0.366211, 0.122070, -0.671387,riding
B, 314835, -0.918823, -0.112305, -0.368896, 0.061035, 0.000000, -1.892090,riding
A, 701290, -0.985107, 0.192627, -0.086670, -0.549316, -0.305176, -0.366211,riding
B, 314855, -0.917725, -0.110840, -0.372803, -0.610352, 0.061035, -1.647950,riding
A, 701310, -0.981812, 0.207764, -0.085815, -1.098633, -0.793457, -0.183106,riding
B, 314875, -0.915527, -0.109985, -0.376465, -0.671387, 0.061035, -1.098633,riding
A, 701330, -0.980225, 0.218750, -0.077271, -0.915528, -1.281738, -0.061035,riding
B, 314895, -0.916382, -0.106323, -0.376587, -0.732422, 0.061035, -0.305176,riding
A, 701350, -0.977661, 0.227905, -0.070313, -0.854492, -1.770020, -0.183106,riding
B, 314915, -0.915405, -0.100586, -0.376953, -0.366211, 0.061035, 0.183106,riding
A, 701370, -0.977051, 0.231445, -0.067627, -0.427246, -2.319336, -0.366211,riding
B, 314935, -0.916016, -0.100830, -0.379028, -0.732422, -0.061035, 0.488281,riding
A, 701390, -0.976318, 0.225830, -0.059204, -0.915528, -2.807618, -0.427246,riding
B, 314955, -0.914795, -0.097534, -0.381470, -1.098633, -0.122070, 0.732422,riding
A, 701410, -0.977661, 0.227539, -0.052368, -0.854492, -3.173829, -0.488281,riding
B, 314975, -0.913940, -0.092407, -0.382935, -1.037598, -0.122070, 1.159668,riding
A, 701430, -0.976929, 0.227173, -0.044312, -0.793457, -3.540040, -0.488281,riding
B, 314995, -0.914795, -0.085693, -0.383545, -1.281738, -0.183106, 1.342773,riding
A, 701450, -0.976196, 0.232544, -0.034424, -1.037598, -3.784181, -0.366211,riding
B, 315015, -0.915405, -0.080566, -0.383667, -1.037598, -0.183106, 1.647950,riding
A, 701470, -0.974976, 0.233765, -0.025146, -0.427246, -4.150391, -0.549316,riding
B, 315035, -0.918457, -0.079346, -0.374878, -0.915528, -0.305176, 2.014160,riding
A, 701490, -0.976563, 0.224243, -0.016113, -0.427246, -4.272461, -0.610352,riding
B, 315055, -0.919434, -0.070313, -0.376831, -1.770020, -0.366211, 1.831055,riding
A, 701510, -0.976563, 0.223633, -0.007202, -1.403809, -4.211426, -0.610352,riding
B, 315075, -0.917358, -0.061157, -0.382324, -1.708985, -0.366211, 1.892090,riding
A, 701530, -0.973877, 0.230347, 0.005859, -1.342773, -4.394531, -0.671387,riding
B, 315095, -0.917236, -0.059570, -0.386963, -1.525879, -0.427246, 1.953125,riding
A, 701550, -0.974731, 0.228760, 0.020630, -1.220703, -4.333496, -0.610352,riding
B, 315115, -0.917358, -0.052612, -0.385864, -1.586915, -0.427246, 1.892090,riding
A, 701570, -0.973511, 0.229004, 0.031982, -0.976563, -4.272461, -0.671387,riding
B, 315135, -0.920532, -0.045776, -0.378418, -1.281738, -0.427246, 1.892090,riding
A, 701590, -0.975586, 0.222168, 0.042603, -1.037598, -4.150391, -0.671387,riding
B, 315155, -0.922607, -0.040405, -0.371826, -1.525879, -0.427246, 1.647950,riding
A, 701610, -0.975464, 0.220459, 0.062012, -1.525879, -3.906251, -0.671387,riding
B, 315175, -0.922241, -0.031006, -0.377075, -1.770020, -0.488281, 1.037598,riding
A, 701630, -0.972534, 0.226318, 0.080566, -1.708985, -3.479005, -0.610352,riding
B, 315195, -0.919434, -0.021118, -0.382690, -1.647950, -0.427246, 0.671387,riding
A, 701650, -0.971924, 0.229980, 0.093384, -1.525879, -3.051759, -0.671387,riding
B, 315215, -0.920532, -0.011719, -0.384888, -1.159668, -0.366211, 0.366211,riding
A, 701670, -0.971191, 0.231567, 0.101929, -1.159668, -2.685547, -0.732422,riding
B, 315235, -0.920532, -0.013062, -0.383545, -0.854492, -0.427246, 0.000000,riding
A, 701690, -0.971436, 0.228516, 0.109497, -0.976563, -2.258301, -0.671387,riding
B, 315255, -0.920898, -0.013428, -0.381714, -0.671387, -0.427246, -0.488281,riding
A, 701710, -0.971313, 0.233032, 0.114014, -0.915528, -1.586915, -0.671387,riding
B, 315275, -0.921997, -0.010254, -0.380493, -0.427246, -0.488281, -1.037598,riding
A, 701730, -0.969971, 0.237305, 0.112427, -0.671387, -1.098633, -0.793457,riding
B, 315295, -0.921387, -0.015747, -0.378784, 0.305176, -0.366211, -1.464844,riding
A, 701750, -0.971802, 0.230957, 0.102661, -0.122070, -0.488281, -1.037598,riding
B, 315315, -0.920654, -0.022827, -0.382202, 0.122070, -0.427246, -2.014160,riding
A, 701770, -0.971802, 0.231079, 0.091064, -0.366211, 0.061035, -1.037598,riding
B, 315335, -0.919312, -0.025269, -0.385742, 0.244141, -0.488281, -2.441406,riding
A, 701790, -0.973145, 0.232544, 0.079346, -0.366211, 0.488281, -1.037598,riding
B, 315355, -0.918457, -0.026001, -0.386597, 0.427246, -0.488281, -2.685547,riding
A, 701810, -0.972656, 0.233887, 0.067871, -0.061035, 0.732422, -1.037598,riding
B, 315375, -0.918335, -0.034790, -0.383789, 0.976563, -0.488281, -2.746582,riding
A, 701830, -0.973145, 0.231689, 0.059204, 0.427246, 0.854492, -1.098633,riding
B, 315395, -0.919189, -0.041992, -0.381226, 1.037598, -0.549316, -3.051759,riding
A, 701850, -0.972900, 0.231934, 0.050049, 0.305176, 1.159668, -1.098633,riding
B, 315415, -0.919556, -0.042603, -0.380981, 1.159668, -0.549316, -3.173829,riding
A, 701870, -0.973267, 0.232788, 0.039917, 0.610352, 1.220703, -1.220703,riding
B, 315435, -0.920166, -0.051758, -0.376221, 1.220703, -0.549316, -3.356935,riding
A, 701890, -0.973877, 0.222778, 0.030884, 0.610352, 1.342773, -1.342773,riding
B, 315455, -0.920044, -0.061279, -0.375488, 1.525879, -0.427246, -3.295899,riding
A, 701910, -0.976685, 0.218140, 0.019409, 0.732422, 1.403809, -1.403809,riding
B, 315475, -0.921143, -0.068970, -0.373779, 1.281738, -0.366211, -3.295899,riding
A, 701930, -0.979980, 0.201904, -0.000122, 0.305176, 1.464844, -1.098633,riding
B, 315495, -0.919678, -0.070190, -0.374023, 0.610352, -0.366211, -3.479005,riding
A, 701950, -0.979614, 0.205811, -0.013550, -0.122070, 1.403809, -0.854492,riding
B, 315515, -0.921021, -0.077637, -0.372681, 0.854492, -0.183106, -3.173829,riding
A, 701970, -0.980835, 0.205444, -0.022827, 0.244141, 1.159668, -0.793457,riding
B, 315535, -0.920166, -0.086426, -0.371338, 0.732422, -0.122070, -3.051759,riding
A, 701990, -0.981567, 0.205444, -0.028687, -0.305176, 1.098633, -0.610352,riding
B, 315555, -0.920654, -0.088257, -0.371338, 0.061035, -0.061035, -2.929688,riding
A, 702010, -0.978882, 0.215332, -0.040527, -0.549316, 0.854492, -0.549316,riding
B, 315575, -0.917969, -0.092773, -0.374878, 0.610352, 0.061035, -2.319336,riding
A, 702030, -0.978271, 0.219238, -0.052734, 0.061035, 0.427246, -0.671387,riding
B, 315595, -0.918213, -0.101685, -0.372925, 0.671387, 0.122070, -1.892090,riding
A, 702050, -0.980469, 0.207275, -0.062134, 0.305176, -0.061035, -0.671387,riding
B, 315615, -0.919067, -0.104736, -0.370850, 0.183106, 0.183106, -1.647950,riding
A, 702070, -0.982910, 0.196533, -0.069580, -0.122070, -0.427246, -0.427246,riding
B, 315635, -0.917358, -0.103882, -0.375122, -0.366211, 0.244141, -1.403809,riding
A, 702090, -0.981812, 0.206665, -0.072144, -0.793457, -1.037598, -0.061035,riding
B, 315655, -0.914673, -0.104004, -0.379883, -0.488281, 0.305176, -0.976563,riding
A, 702110, -0.979736, 0.217529, -0.069214, -0.610352, -1.525879, 0.061035,riding
B, 315675, -0.916504, -0.103760, -0.379883, -0.366211, 0.366211, -0.427246,riding
A, 702130, -0.978760, 0.221191, -0.068237, -0.122070, -2.014160, 0.061035,riding
B, 315695, -0.917480, -0.102051, -0.374756, -0.488281, 0.366211, 0.183106,riding
A, 702150, -0.978882, 0.218384, -0.063721, -0.427246, -2.380371, 0.061035,riding
B, 315715, -0.916138, -0.095581, -0.379517, -1.342773, 0.305176, 0.244141,riding
A, 702170, -0.977417, 0.227905, -0.053467, -1.281738, -2.685547, 0.122070,riding
B, 315735, -0.912354, -0.088013, -0.391724, -1.159668, 0.244141, 0.610352,riding
A, 702190, -0.973511, 0.244019, -0.038330, -0.976563, -3.051759, 0.000000,riding
B, 315755, -0.910889, -0.082397, -0.396851, -0.976563, 0.183106, 0.976563,riding
A, 702210, -0.972534, 0.246704, -0.020630, -0.732422, -3.234864, -0.061035,riding
B, 315775, -0.911865, -0.071655, -0.394897, -1.281738, 0.061035, 0.976563,riding
A, 702230, -0.971680, 0.247314, -0.006348, -1.098633, -3.295899, -0.122070,riding
B, 315795, -0.913574, -0.061401, -0.391724, -1.525879, -0.122070, 0.915528,riding
A, 702250, -0.969604, 0.253906, 0.013306, -1.403809, -3.356935, -0.183106,riding
B, 315815, -0.912598, -0.053833, -0.393188, -1.464844, -0.244141, 0.793457,riding
A, 702270, -0.967529, 0.263672, 0.046753, -1.403809, -3.173829, -0.610352,riding
B, 315835, -0.912476, -0.038208, -0.397095, -1.464844, -0.549316, 0.488281,riding
A, 702290, -0.965454, 0.266479, 0.065308, -1.403809, -2.807618, -0.854492,riding
B, 315855, -0.912598, -0.027710, -0.400269, -0.976563, -0.671387, 0.244141,riding
A, 702310, -0.965820, 0.265747, 0.077271, -0.915528, -2.563477, -1.159668,riding
B, 315875, -0.913086, -0.024902, -0.401855, -0.488281, -0.854492, 0.000000,riding
A, 702330, -0.966553, 0.263184, 0.089478, -0.549316, -2.197266, -1.342773,riding
B, 315895, -0.913208, -0.023438, -0.401489, -0.122070, -0.976563, -0.366211,riding
A, 702350, -0.965698, 0.260864, 0.096680, -0.183106, -1.708985, -1.403809,riding
B, 315915, -0.914063, -0.024170, -0.399170, 0.244141, -1.098633, -0.732422,riding
A, 702370, -0.966187, 0.261230, 0.091919, 0.061035, -1.220703, -1.586915,riding
B, 315935, -0.914917, -0.026001, -0.394775, 0.549316, -1.281738, -1.098633,riding
A, 702390, -0.965942, 0.263428, 0.077881, 0.488281, -0.915528, -1.953125,riding
B, 315955, -0.919312, -0.042236, -0.379517, 1.464844, -1.342773, -1.281738,riding
A, 702410, -0.969604, 0.247559, 0.060669, 1.159668, -0.671387, -2.380371,riding
B, 315975, -0.921509, -0.052124, -0.373657, 1.037598, -1.403809, -1.647950,riding
A, 702430, -0.974487, 0.220947, 0.044556, 0.671387, -0.305176, -2.441406,riding
B, 315995, -0.919434, -0.054810, -0.378540, 0.732422, -1.342773, -1.892090,riding
A, 702450, -0.979126, 0.204956, 0.021851, 0.244141, -0.061035, -2.136230,riding
B, 316015, -0.916870, -0.057373, -0.385376, 0.732422, -1.281738, -1.953125,riding
A, 702470, -0.979126, 0.206177, 0.014648, 0.244141, -0.061035, -1.770020,riding
B, 316035, -0.915894, -0.064331, -0.387695, 0.854492, -1.159668, -1.953125,riding
A, 702490, -0.977783, 0.213379, 0.006592, 0.366211, -0.061035, -1.464844,riding
B, 316055, -0.917236, -0.071289, -0.379272, 0.793457, -1.037598, -1.892090,riding
A, 702510, -0.976929, 0.220947, -0.003052, 0.183106, -0.122070, -1.403809,riding
B, 316075, -0.921387, -0.076050, -0.369019, 0.549316, -1.098633, -1.953125,riding
A, 702530, -0.975220, 0.227539, -0.012695, -0.183106, -0.183106, -1.586915,riding
B, 316095, -0.921143, -0.078735, -0.369385, -0.366211, -1.220703, -2.075195,riding
A, 702550, -0.975098, 0.230469, -0.013428, -0.976563, -0.183106, -1.770020,riding
B, 316115, -0.916992, -0.078369, -0.378540, -0.427246, -1.281738, -1.953125,riding
A, 702570, -0.975952, 0.227173, -0.012451, -1.037598, -0.244141, -1.953125,riding
B, 316135, -0.913818, -0.075317, -0.390747, -0.671387, -1.281738, -1.953125,riding
A, 702590, -0.978394, 0.218506, -0.008789, -1.220703, -0.305176, -1.831055,riding
B, 316155, -0.912109, -0.068848, -0.395020, -0.671387, -1.220703, -1.831055,riding
A, 702610, -0.977417, 0.221313, -0.009155, -1.281738, -0.610352, -1.403809,riding
B, 316175, -0.915771, -0.070190, -0.388672, -0.122070, -1.159668, -1.525879,riding
A, 702630, -0.975342, 0.227539, -0.006714, -0.244141, -0.732422, -1.342773,riding
B, 316195, -0.919800, -0.078125, -0.374634, 0.244141, -1.098633, -1.342773,riding
A, 702650, -0.975586, 0.227173, -0.008545, -0.366211, -0.793457, -1.464844,riding
B, 316215, -0.922607, -0.079468, -0.365112, -0.244141, -1.220703, -1.464844,riding
A, 702670, -0.974365, 0.231445, -0.011597, -1.159668, -0.732422, -1.708985,riding
B, 316235, -0.916504, -0.072876, -0.380005, -1.098633, -1.464844, -1.647950,riding
A, 702690, -0.974243, 0.238770, -0.007202, -1.708985, -0.793457, -1.892090,riding
B, 316255, -0.911255, -0.068359, -0.398804, -1.037598, -1.586915, -1.586915,riding
A, 702710, -0.971558, 0.246826, 0.002930, -1.464844, -0.915528, -1.953125,riding
B, 316275, -0.909668, -0.062134, -0.405273, 0.061035, -1.525879, -1.159668,riding
A, 702730, -0.971191, 0.248413, 0.009155, -0.122070, -1.037598, -2.075195,riding
B, 316295, -0.914063, -0.062500, -0.391235, 1.037598, -1.464844, -0.732422,riding
A, 702750, -0.973267, 0.234009, 0.009766, 0.854492, -1.281738, -2.136230,riding
B, 316315, -0.921631, -0.068604, -0.370361, 0.915528, -1.525879, -0.854492,riding
A, 702770, -0.976807, 0.219971, 0.008057, 0.549316, -1.281738, -2.075195,riding
B, 316335, -0.923706, -0.073120, -0.362549, 0.244141, -1.647950, -1.159668,riding
A, 702790, -0.975708, 0.226074, 0.007324, -0.488281, -0.976563, -2.258301,riding
B, 316355, -0.920288, -0.067505, -0.372925, 0.366211, -1.647950, -1.098633,riding
A, 702810, -0.976563, 0.222534, 0.007202, 0.183106, -1.037598, -2.563477,riding
B, 316375, -0.919922, -0.061646, -0.376953, 0.671387, -1.525879, -0.976563,riding
A, 702830, -0.980957, 0.200317, 0.013184, 0.305176, -1.098633, -2.502441,riding
B, 316395, -0.920898, -0.064331, -0.374512, 0.671387, -1.403809, -1.037598,riding
A, 702850, -0.983765, 0.184204, 0.018921, 0.183106, -1.037598, -2.014160,riding
B, 316415, -0.923096, -0.069092, -0.369263, 0.610352, -1.220703, -1.159668,riding
A, 702870, -0.984009, 0.182007, 0.015625, 0.305176, -0.915528, -1.525879,riding
B, 316435, -0.924072, -0.071899, -0.363403, 0.671387, -1.037598, -1.098633,riding
A, 702890, -0.982056, 0.192871, -0.000244, 0.427246, -0.854492, -1.281738,riding
B, 316455, -0.925781, -0.075806, -0.358887, 0.671387, -0.854492, -1.037598,riding
A, 702910, -0.980347, 0.202515, -0.014893, 0.366211, -0.976563, -1.281738,riding
B, 316475, -0.925781, -0.081787, -0.356567, 0.244141, -0.854492, -1.159668,riding
A, 702930, -0.980347, 0.202393, -0.013062, -0.305176, -1.037598, -1.342773,riding
B, 316495, -0.922852, -0.075317, -0.364258, -0.366211, -0.732422, -1.220703,riding
A, 702950, -0.980469, 0.202271, -0.002319, -0.854492, -0.976563, -1.342773,riding
B, 316515, -0.922119, -0.068604, -0.371948, 0.061035, -0.549316, -1.037598,riding
A, 702970, -0.982056, 0.190918, 0.009521, -0.244141, -1.037598, -1.159668,riding
B, 316535, -0.921509, -0.065796, -0.373047, -0.183106, -0.427246, -1.159668,riding
A, 702990, -0.982666, 0.190186, 0.008423, -0.488281, -1.037598, -0.732422,riding
B, 316555, -0.921875, -0.070557, -0.371216, 0.244141, -0.244141, -0.976563,riding
A, 703010, -0.981567, 0.197266, 0.001221, 0.305176, -1.037598, -0.549316,riding
B, 316575, -0.923218, -0.077148, -0.365112, 0.549316, -0.122070, -0.854492,riding
A, 703030, -0.981445, 0.197998, -0.005371, 0.244141, -1.098633, -0.366211,riding
B, 316595, -0.924805, -0.077881, -0.360229, -0.183106, -0.061035, -1.098633,riding
A, 703050, -0.979492, 0.205688, -0.007690, -0.854492, -1.037598, -0.244141,riding
B, 316615, -0.919800, -0.073120, -0.375366, -1.159668, -0.122070, -1.403809,riding
A, 703070, -0.975342, 0.228394, 0.000854, -1.586915, -0.976563, -0.305176,riding
B, 316635, -0.917236, -0.071899, -0.382202, -0.549316, -0.061035, -1.159668,riding
A, 703090, -0.974731, 0.233276, 0.008789, -0.854492, -1.037598, -0.549316,riding
B, 316655, -0.916870, -0.070313, -0.382080, -0.183106, -0.122070, -1.037598,riding
A, 703110, -0.976196, 0.225220, 0.004883, -0.427246, -1.037598, -0.610352,riding
B, 316675, -0.917847, -0.070435, -0.383423, -0.366211, -0.183106, -1.098633,riding
A, 703130, -0.974854, 0.225586, -0.003540, -0.610352, -1.037598, -0.427246,riding
B, 316695, -0.914063, -0.072388, -0.387329, -0.854492, -0.305176, -1.281738,riding
A, 703150, -0.972046, 0.246826, 0.000488, -1.159668, -1.037598, -0.488281,riding
B, 316715, -0.915771, -0.073486, -0.385986, -0.610352, -0.427246, -1.220703,riding
A, 703170, -0.971069, 0.252075, 0.005371, -0.488281, -1.159668, -0.854492,riding
B, 316735, -0.915771, -0.069946, -0.383057, -0.183106, -0.549316, -0.976563,riding
A, 703190, -0.971436, 0.247314, 0.007324, -0.549316, -1.098633, -1.098633,riding
B, 316755, -0.916992, -0.069458, -0.384155, -0.366211, -0.793457, -1.159668,riding
A, 703210, -0.971436, 0.248169, 0.003296, -0.732422, -1.037598, -1.403809,riding
B, 316775, -0.914429, -0.074829, -0.387085, 0.000000, -0.793457, -1.037598,riding
A, 703230, -0.973755, 0.239136, 0.000000, -0.366211, -1.098633, -1.525879,riding
B, 316795, -0.915039, -0.074951, -0.385498, -0.183106, -0.915528, -1.098633,riding
A, 703250, -0.976196, 0.228882, -0.001709, -0.549316, -1.037598, -1.525879,riding
B, 316815, -0.916626, -0.071899, -0.380737, -0.061035, -0.976563, -1.037598,riding
A, 703270, -0.976440, 0.222046, -0.004517, -0.305176, -1.220703, -1.403809,riding
B, 316835, -0.918579, -0.073608, -0.377563, -0.183106, -0.976563, -1.037598,riding
A, 703290, -0.977783, 0.218018, -0.000244, -0.610352, -1.159668, -1.342773,riding
B, 316855, -0.919189, -0.075684, -0.374756, -0.366211, -0.976563, -1.098633,riding
A, 703310, -0.978149, 0.221191, 0.001587, -0.793457, -1.098633, -1.281738,riding
B, 316875, -0.919922, -0.074219, -0.373413, -0.549316, -1.037598, -1.159668,riding
A, 703330, -0.975342, 0.228638, -0.000977, -1.037598, -1.037598, -1.403809,riding
B, 316895, -0.918457, -0.075195, -0.377686, -0.305176, -1.037598, -0.976563,riding
A, 703350, -0.974731, 0.230957, -0.011719, -0.427246, -1.220703, -1.647950,riding
B, 316915, -0.919556, -0.083496, -0.374634, 0.183106, -1.037598, -0.671387,riding
A, 703370, -0.978027, 0.217041, -0.017944, -0.244141, -1.342773, -1.708985,riding
B, 316935, -0.919922, -0.080811, -0.374756, -0.793457, -1.159668, -0.976563,riding
A, 703390, -0.979614, 0.212158, -0.013916, -1.281738, -1.281738, -1.525879,riding
B, 316955, -0.918945, -0.073975, -0.377075, -0.793457, -1.159668, -0.976563,riding
A, 703410, -0.977051, 0.219482, -0.002930, -1.159668, -1.403809, -1.403809,riding
B, 316975, -0.918457, -0.071289, -0.376831, -0.610352, -1.037598, -0.854492,riding
A, 703430, -0.977295, 0.218140, 0.007202, -0.732422, -1.464844, -1.464844,riding
B, 316995, -0.921021, -0.071045, -0.372314, 0.000000, -0.976563, -0.610352,riding
A, 703450, -0.977783, 0.213867, 0.009033, -0.061035, -1.525879, -1.525879,riding
B, 317015, -0.922852, -0.071777, -0.365356, 0.305176, -0.854492, -0.549316,riding
A, 703470, -0.979126, 0.206055, 0.003662, 0.183106, -1.525879, -1.464844,riding
B, 317035, -0.922241, -0.075684, -0.365601, -0.061035, -0.854492, -0.671387,riding
A, 703490, -0.980835, 0.200439, 0.000122, -0.549316, -1.525879, -1.281738,riding
B, 317055, -0.921265, -0.073120, -0.371460, -0.732422, -0.854492, -0.976563,riding
A, 703510, -0.979004, 0.208252, 0.005615, -1.098633, -1.342773, -1.098633,riding
B, 317075, -0.919556, -0.070068, -0.375610, -0.549316, -0.793457, -0.854492,riding
A, 703530, -0.978638, 0.217407, 0.004517, -0.671387, -1.342773, -1.098633,riding
B, 317095, -0.919922, -0.073730, -0.375244, -0.122070, -0.671387, -0.671387,riding
A, 703550, -0.979126, 0.216064, -0.004395, -0.244141, -1.403809, -1.098633,riding
B, 317115, -0.922852, -0.077026, -0.369019, -0.061035, -0.610352, -0.671387,riding
A, 703570, -0.978882, 0.211182, -0.012695, -0.305176, -1.525879, -1.098633,riding
B, 317135, -0.922119, -0.081177, -0.365112, -0.183106, -0.610352, -0.549316,riding
A, 703590, -0.979126, 0.207886, -0.018311, -0.305176, -1.586915, -1.098633,riding
B, 317155, -0.921265, -0.081177, -0.369141, -0.488281, -0.610352, -0.549316,riding
A, 703610, -0.980713, 0.206421, -0.013794, -0.610352, -1.708985, -1.037598,riding
B, 317175, -0.920898, -0.075439, -0.372925, -0.610352, -0.549316, -0.549316,riding
A, 703630, -0.979736, 0.209106, -0.007324, -0.854492, -1.708985, -0.976563,riding
B, 317195, -0.921143, -0.072388, -0.373413, -0.305176, -0.427246, -0.366211,riding
A, 703650, -0.979248, 0.208496, -0.000732, -0.427246, -1.831055, -0.915528,riding
B, 317215, -0.920410, -0.073486, -0.371582, -0.305176, -0.427246, -0.366211,riding
A, 703670, -0.979370, 0.209717, 0.001587, -0.366211, -1.831055, -0.732422,riding
B, 317235, -0.921265, -0.075073, -0.371094, -0.305176, -0.366211, -0.305176,riding
A, 703690, -0.978516, 0.212646, -0.003784, -0.549316, -1.831055, -0.671387,riding
B, 317255, -0.921021, -0.075928, -0.368896, -0.427246, -0.305176, -0.366211,riding
A, 703710, -0.977417, 0.218262, -0.010986, -0.427246, -1.892090, -0.671387,riding
B, 317275, -0.919556, -0.081543, -0.373779, 0.000000, -0.305176, 0.000000,riding
A, 703730, -0.977661, 0.220459, -0.016479, 0.061035, -2.075195, -0.732422,riding
B, 317295, -0.916992, -0.081421, -0.379761, -0.610352, -0.427246, -0.122070,riding
A, 703750, -0.977051, 0.223999, -0.016113, -0.671387, -2.075195, -0.671387,riding
B, 317315, -0.914063, -0.074341, -0.389160, -0.976563, -0.549316, -0.183106,riding
A, 703770, -0.973755, 0.240112, -0.011230, -1.098633, -2.197266, -0.671387,riding
B, 317335, -0.913330, -0.071045, -0.391968, -0.244141, -0.549316, 0.122070,riding
A, 703790, -0.971436, 0.252808, -0.003906, -0.244141, -2.380371, -0.915528,riding
B, 317355, -0.914795, -0.072876, -0.384277, 0.305176, -0.671387, 0.366211,riding
